0.01
0.000	671.0	0.000	0.000	0
0.010	680.0	0.000	0.000	9.0
0.020	672.0	0.000	0.000	-8.0
0.030	459.0	0.000	0.000	-213.0
0.040	404.0	0.000	0.000	-55.0
0.050	398.0	0.000	0.000	-6.0
0.060	399.0	0.000	0.000	1.0
0.070	428.0	0.000	0.000	29.0
0.080	629.0	0.000	0.000	201.0
0.090	674.0	0.000	0.000	45.0
0.100	674.0	0.000	0.000	0.0
0.110	688.0	0.000	0.000	14.0
0.120	555.0	0.000	0.000	-133.0
0.130	406.0	0.000	0.000	-149.0
0.140	397.0	0.000	0.000	-9.0
0.150	399.0	0.000	0.000	2.0
0.160	409.0	0.000	0.000	10.0
0.170	561.0	0.000	0.000	152.0
0.180	665.0	0.000	0.000	104.0
0.190	669.0	0.000	0.000	4.0
0.200	679.0	0.000	0.000	10.0
0.210	589.0	0.000	5.556	-90.0
0.220	418.0	0.000	5.556	-171.0
0.230	403.0	0.000	5.556	-15.0
0.240	399.0	0.000	5.556	-4.0
0.250	401.0	0.000	5.556	2.0
0.260	511.0	5.260	5.556	110.0
0.270	663.0	5.260	5.556	152.0
0.280	671.0	5.260	5.556	8.0
0.290	679.0	5.260	5.556	8.0
0.300	674.0	5.260	5.556	-5.0
0.310	447.0	5.260	5.556	-227.0
0.320	402.0	5.260	5.556	-45.0
0.330	399.0	5.260	5.556	-3.0
0.340	401.0	5.260	5.556	2.0
0.350	448.0	5.260	5.556	47.0
0.360	636.0	5.260	5.556	188.0
0.370	669.0	5.260	5.556	33.0
0.380	675.0	5.260	5.556	6.0
0.390	672.0	5.260	5.556	-3.0
0.400	474.0	5.260	5.556	-198.0
0.410	407.0	5.260	5.556	-67.0
0.420	402.0	5.260	5.556	-5.0
0.430	401.0	5.260	5.556	-1.0
0.440	410.0	5.260	5.556	9.0
0.450	593.0	5.260	5.556	183.0
0.460	671.0	5.260	5.556	78.0
0.470	672.0	5.260	5.556	1.0
0.480	688.0	5.260	5.556	16.0
0.490	570.0	5.260	5.556	-118.0
0.500	406.0	5.260	5.556	-164.0
0.510	398.0	5.560	5.556	-8.0
0.520	401.0	5.560	5.556	3.0
0.530	407.0	5.560	5.556	6.0
0.540	544.0	5.560	5.556	137.0
0.550	663.0	5.560	5.556	119.0
0.560	669.0	5.560	5.556	6.0
0.570	680.0	5.560	5.556	11.0
0.580	619.0	5.560	5.556	-61.0
0.590	422.0	5.560	5.556	-197.0
0.600	401.0	5.560	5.556	-21.0
0.610	400.0	5.560	5.263	-1.0
0.620	402.0	5.560	5.263	2.0
0.630	487.0	5.560	5.263	85.0
0.640	656.0	5.560	5.263	169.0
0.650	670.0	5.560	5.263	14.0
0.660	676.0	5.560	5.263	6.0
0.670	686.0	5.560	5.263	10.0
0.680	479.0	5.560	5.263	-207.0
0.690	400.0	5.560	5.263	-79.0
0.700	398.0	5.560	5.263	-2.0
0.710	401.0	5.560	5.263	3.0
0.720	428.0	5.560	5.263	27.0
0.730	620.0	5.560	5.263	192.0
0.740	668.0	5.560	5.263	48.0
0.750	672.0	5.560	5.263	4.0
0.760	675.0	5.560	5.263	3.0
0.770	488.0	5.560	5.263	-187.0
0.780	408.0	5.560	5.263	-80.0
0.790	400.0	5.560	5.263	-8.0
0.800	398.0	5.560	5.263	-2.0
0.810	407.0	5.560	5.556	9.0
0.820	573.0	5.560	5.556	166.0
0.830	672.0	5.560	5.556	99.0
0.840	669.0	5.560	5.556	-3.0
0.850	686.0	5.560	5.556	17.0
0.860	622.0	5.560	5.556	-64.0
0.870	414.0	5.560	5.556	-208.0
0.880	398.0	5.560	5.556	-16.0
0.890	399.0	5.560	5.556	1.0
0.900	403.0	5.560	5.556	4.0
0.910	519.0	5.560	5.263	116.0
0.920	660.0	5.560	5.263	141.0
0.930	670.0	5.560	5.263	10.0
0.940	678.0	5.560	5.263	8.0
0.950	640.0	5.560	5.263	-38.0
0.960	433.0	5.560	5.263	-207.0
0.970	404.0	5.560	5.263	-29.0
0.980	401.0	5.560	5.263	-3.0
0.990	399.0	5.560	5.263	-2.0
1.000	456.0	5.560	5.263	57.0
1.010	646.0	5.260	5.263	190.0
1.020	672.0	5.260	5.263	26.0
1.030	676.0	5.260	5.263	4.0
1.040	681.0	5.260	5.263	5.0
1.050	473.0	5.260	5.263	-208.0
1.060	402.0	5.260	5.263	-71.0
1.070	400.0	5.260	5.263	-2.0
1.080	402.0	5.260	5.263	2.0
1.090	421.0	5.260	5.263	19.0
1.100	606.0	5.260	5.263	185.0
1.110	668.0	5.260	5.263	62.0
1.120	673.0	5.260	5.263	5.0
1.130	679.0	5.260	5.263	6.0
1.140	529.0	5.260	5.263	-150.0
1.150	409.0	5.260	5.263	-120.0
1.160	401.0	5.260	5.263	-8.0
1.170	401.0	5.260	5.263	0.0
1.180	407.0	5.260	5.263	6.0
1.190	578.0	5.260	5.263	171.0
1.200	670.0	5.260	5.263	92.0
1.210	670.0	5.260	5.556	0.0
1.220	689.0	5.260	5.556	19.0
1.230	615.0	5.260	5.556	-74.0
1.240	412.0	5.260	5.556	-203.0
1.250	397.0	5.260	5.556	-15.0
1.260	400.0	5.260	5.556	3.0
1.270	406.0	5.260	5.556	6.0
1.280	508.0	5.260	5.556	102.0
1.290	657.0	5.260	5.556	149.0
1.300	667.0	5.260	5.556	10.0
1.310	678.0	5.260	5.556	11.0
1.320	643.0	5.260	5.556	-35.0
1.330	431.0	5.260	5.556	-212.0
1.340	402.0	5.260	5.556	-29.0
1.350	399.0	5.260	5.556	-3.0
1.360	401.0	5.260	5.556	2.0
1.370	467.0	5.260	5.556	66.0
1.380	652.0	5.260	5.556	185.0
1.390	671.0	5.260	5.556	19.0
1.400	675.0	5.260	5.556	4.0
1.410	685.0	5.260	5.263	10.0
1.420	484.0	5.260	5.263	-201.0
1.430	403.0	5.260	5.263	-81.0
1.440	398.0	5.260	5.263	-5.0
1.450	400.0	5.260	5.263	2.0
1.460	427.0	5.260	5.263	27.0
1.470	617.0	5.260	5.263	190.0
1.480	669.0	5.260	5.263	52.0
1.490	673.0	5.260	5.263	4.0
1.500	676.0	5.260	5.263	3.0
1.510	503.0	5.560	5.263	-173.0
1.520	410.0	5.560	5.263	-93.0
1.530	401.0	5.560	5.263	-9.0
1.540	399.0	5.560	5.263	-2.0
1.550	407.0	5.560	5.263	8.0
1.560	582.0	5.560	5.263	175.0
1.570	673.0	5.560	5.263	91.0
1.580	671.0	5.560	5.263	-2.0
1.590	687.0	5.560	5.263	16.0
1.600	604.0	5.560	5.263	-83.0
1.610	410.0	5.560	5.556	-194.0
1.620	400.0	5.560	5.556	-10.0
1.630	401.0	5.560	5.556	1.0
1.640	406.0	5.560	5.556	5.0
1.650	548.0	5.560	5.556	142.0
1.660	664.0	5.560	5.556	116.0
1.670	671.0	5.560	5.556	7.0
1.680	680.0	5.560	5.556	9.0
1.690	619.0	5.560	5.556	-61.0
1.700	423.0	5.560	5.556	-196.0
1.710	403.0	5.560	5.263	-20.0
1.720	401.0	5.560	5.263	-2.0
1.730	402.0	5.560	5.263	1.0
1.740	480.0	5.560	5.263	78.0
1.750	655.0	5.560	5.263	175.0
1.760	671.0	5.260	5.263	16.0
1.770	680.0	5.260	5.263	9.0
1.780	679.0	5.260	5.263	-1.0
1.790	448.0	5.260	5.263	-231.0
1.800	399.0	5.260	5.263	-49.0
1.810	399.0	5.260	5.556	0.0
1.820	403.0	5.260	5.556	4.0
1.830	454.0	5.260	5.556	51.0
1.840	639.0	5.260	5.556	185.0
1.850	670.0	5.260	5.556	31.0
1.860	676.0	5.260	5.556	6.0
1.870	672.0	5.260	5.556	-4.0
1.880	473.0	5.260	5.556	-199.0
1.890	405.0	5.260	5.556	-68.0
1.900	399.0	5.260	5.556	-6.0
1.910	401.0	5.260	5.556	2.0
1.920	418.0	5.260	5.556	17.0
1.930	612.0	5.260	5.556	194.0
1.940	672.0	5.260	5.556	60.0
1.950	672.0	5.260	5.556	0.0
1.960	689.0	5.260	5.556	17.0
1.970	546.0	5.260	5.556	-143.0
1.980	407.0	5.260	5.556	-139.0
1.990	398.0	5.260	5.556	-9.0
2.000	400.0	5.260	5.556	2.0
2.010	413.0	5.260	5.556	13.0
2.020	581.0	5.260	5.556	168.0
2.030	669.0	5.260	5.556	88.0
2.040	672.0	5.260	5.556	3.0
2.050	680.0	5.260	5.556	8.0
2.060	584.0	5.260	5.556	-96.0
2.070	420.0	5.260	5.556	-164.0
2.080	403.0	5.260	5.556	-17.0
2.090	400.0	5.260	5.556	-3.0
2.100	402.0	5.260	5.556	2.0
2.110	532.0	5.260	5.263	130.0
2.120	669.0	5.260	5.263	137.0
2.130	671.0	5.260	5.263	2.0
2.140	684.0	5.260	5.263	13.0
2.150	648.0	5.260	5.263	-36.0
2.160	423.0	5.260	5.263	-225.0
2.170	400.0	5.260	5.263	-23.0
2.180	399.0	5.260	5.263	-1.0
2.190	402.0	5.260	5.263	3.0
2.200	480.0	5.260	5.263	78.0
2.210	651.0	5.260	5.263	171.0
2.220	671.0	5.260	5.263	20.0
2.230	678.0	5.260	5.263	7.0
2.240	660.0	5.260	5.263	-18.0
2.250	446.0	5.260	5.263	-214.0
2.260	405.0	5.260	5.263	-41.0
2.270	401.0	5.260	5.263	-4.0
2.280	401.0	5.260	5.263	0.0
2.290	440.0	5.260	5.263	39.0
2.300	640.0	5.260	5.263	200.0
2.310	672.0	5.260	5.263	32.0
2.320	676.0	5.260	5.263	4.0
2.330	688.0	5.260	5.263	12.0
2.340	506.0	5.260	5.263	-182.0
2.350	402.0	5.260	5.263	-104.0
2.360	398.0	5.260	5.263	-4.0
2.370	402.0	5.260	5.263	4.0
2.380	421.0	5.260	5.263	19.0
2.390	609.0	5.260	5.263	188.0
2.400	668.0	5.260	5.263	59.0
2.410	673.0	5.260	5.556	5.0
2.420	679.0	5.260	5.556	6.0
2.430	518.0	5.260	5.556	-161.0
2.440	409.0	5.260	5.556	-109.0
2.450	400.0	5.260	5.556	-9.0
2.460	400.0	5.260	5.556	0.0
2.470	408.0	5.260	5.556	8.0
2.480	570.0	5.260	5.556	162.0
2.490	669.0	5.260	5.556	99.0
2.500	670.0	5.260	5.556	1.0
2.510	686.0	5.560	5.556	16.0
2.520	636.0	5.560	5.556	-50.0
2.530	417.0	5.560	5.556	-219.0
2.540	397.0	5.560	5.556	-20.0
2.550	399.0	5.560	5.556	2.0
2.560	405.0	5.560	5.556	6.0
2.570	538.0	5.560	5.556	133.0
2.580	664.0	5.560	5.556	126.0
2.590	669.0	5.560	5.556	5.0
2.600	680.0	5.560	5.556	11.0
2.610	617.0	5.560	5.556	-63.0
2.620	426.0	5.560	5.556	-191.0
2.630	404.0	5.560	5.556	-22.0
2.640	398.0	5.560	5.556	-6.0
2.650	399.0	5.560	5.556	1.0
2.660	475.0	5.560	5.556	76.0
2.670	654.0	5.560	5.556	179.0
2.680	671.0	5.560	5.556	17.0
2.690	679.0	5.560	5.556	8.0
2.700	677.0	5.560	5.556	-2.0
2.710	451.0	5.560	5.263	-226.0
2.720	402.0	5.560	5.263	-49.0
2.730	399.0	5.560	5.263	-3.0
2.740	400.0	5.560	5.263	1.0
2.750	435.0	5.560	5.263	35.0
2.760	627.0	5.560	5.263	192.0
2.770	670.0	5.560	5.263	43.0
2.780	674.0	5.560	5.263	4.0
2.790	671.0	5.560	5.263	-3.0
2.800	466.0	5.560	5.263	-205.0
2.810	406.0	5.560	5.556	-60.0
2.820	402.0	5.560	5.556	-4.0
2.830	401.0	5.560	5.556	-1.0
2.840	426.0	5.560	5.556	25.0
2.850	627.0	5.560	5.556	201.0
2.860	672.0	5.560	5.556	45.0
2.870	674.0	5.560	5.556	2.0
2.880	690.0	5.560	5.556	16.0
2.890	557.0	5.560	5.556	-133.0
2.900	406.0	5.560	5.556	-151.0
2.910	399.0	5.560	5.556	-7.0
2.920	402.0	5.560	5.556	3.0
2.930	409.0	5.560	5.556	7.0
2.940	561.0	5.560	5.556	152.0
2.950	665.0	5.560	5.556	104.0
2.960	672.0	5.560	5.556	7.0
2.970	683.0	5.560	5.556	11.0
2.980	568.0	5.560	5.556	-115.0
2.990	413.0	5.560	5.556	-155.0
3.000	402.0	5.560	5.556	-11.0
3.010	401.0	5.260	5.556	-1.0
3.020	405.0	5.260	5.556	4.0
3.030	538.0	5.260	5.556	133.0
3.040	667.0	5.260	5.556	129.0
3.050	670.0	5.260	5.556	3.0
3.060	684.0	5.260	5.556	14.0
3.070	660.0	5.260	5.556	-24.0
3.080	427.0	5.260	5.556	-233.0
3.090	396.0	5.260	5.556	-31.0
3.100	398.0	5.260	5.556	2.0
3.110	403.0	5.260	5.263	5.0
3.120	480.0	5.260	5.263	77.0
3.130	651.0	5.260	5.263	171.0
3.140	670.0	5.260	5.263	19.0
3.150	677.0	5.260	5.263	7.0
3.160	650.0	5.260	5.263	-27.0
3.170	436.0	5.260	5.263	-214.0
3.180	404.0	5.260	5.263	-32.0
3.190	399.0	5.260	5.263	-5.0
3.200	399.0	5.260	5.263	0.0
3.210	454.0	5.260	5.263	55.0
3.220	645.0	5.260	5.263	191.0
3.230	674.0	5.260	5.263	29.0
3.240	674.0	5.260	5.263	0.0
3.250	685.0	5.260	5.263	11.0
3.260	495.0	5.560	5.263	-190.0
3.270	404.0	5.560	5.263	-91.0
3.280	399.0	5.560	5.263	-5.0
3.290	400.0	5.560	5.263	1.0
3.300	422.0	5.560	5.263	22.0
3.310	614.0	5.560	5.556	192.0
3.320	669.0	5.560	5.556	55.0
3.330	674.0	5.560	5.556	5.0
3.340	673.0	5.560	5.556	-1.0
3.350	480.0	5.560	5.556	-193.0
3.360	406.0	5.560	5.556	-74.0
3.370	402.0	5.560	5.556	-4.0
3.380	401.0	5.560	5.556	-1.0
3.390	412.0	5.560	5.556	11.0
3.400	599.0	5.560	5.556	187.0
3.410	672.0	5.560	5.556	73.0
3.420	671.0	5.560	5.556	-1.0
3.430	688.0	5.560	5.556	17.0
3.440	596.0	5.560	5.556	-92.0
3.450	408.0	5.560	5.556	-188.0
3.460	397.0	5.560	5.556	-11.0
3.470	401.0	5.560	5.556	4.0
3.480	407.0	5.560	5.556	6.0
3.490	557.0	5.560	5.556	150.0
3.500	665.0	5.560	5.556	108.0
3.510	670.0	5.560	5.556	5.0
3.520	681.0	5.560	5.556	11.0
3.530	570.0	5.560	5.556	-111.0
3.540	414.0	5.560	5.556	-156.0
3.550	401.0	5.560	5.556	-13.0
3.560	400.0	5.560	5.556	-1.0
3.570	403.0	5.560	5.556	3.0
3.580	514.0	5.560	5.556	111.0
3.590	662.0	5.560	5.556	148.0
3.600	669.0	5.560	5.556	7.0
3.610	683.0	5.560	5.556	14.0
3.620	666.0	5.560	5.556	-17.0
3.630	430.0	5.560	5.556	-236.0
3.640	399.0	5.560	5.556	-31.0
3.650	397.0	5.560	5.556	-2.0
3.660	403.0	5.560	5.556	6.0
3.670	481.0	5.560	5.556	78.0
3.680	650.0	5.560	5.556	169.0
3.690	670.0	5.560	5.556	20.0
3.700	678.0	5.560	5.556	8.0
3.710	654.0	5.560	5.263	-24.0
3.720	443.0	5.560	5.263	-211.0
3.730	405.0	5.560	5.263	-38.0
3.740	400.0	5.560	5.263	-5.0
3.750	399.0	5.560	5.263	-1.0
3.760	448.0	5.560	5.263	49.0
3.770	644.0	5.560	5.263	196.0
3.780	672.0	5.560	5.263	28.0
3.790	677.0	5.560	5.263	5.0
3.800	686.0	5.560	5.263	9.0
3.810	483.0	5.560	5.263	-203.0
3.820	404.0	5.560	5.263	-79.0
3.830	400.0	5.560	5.263	-4.0
3.840	401.0	5.560	5.263	1.0
3.850	430.0	5.560	5.263	29.0
3.860	623.0	5.560	5.263	193.0
3.870	672.0	5.560	5.263	49.0
3.880	678.0	5.560	5.263	6.0
3.890	677.0	5.560	5.263	-1.0
3.900	491.0	5.560	5.263	-186.0
3.910	409.0	5.560	5.556	-82.0
3.920	405.0	5.560	5.556	-4.0
3.930	403.0	5.560	5.556	-2.0
3.940	420.0	5.560	5.556	17.0
3.950	619.0	5.560	5.556	199.0
3.960	676.0	5.560	5.556	57.0
3.970	677.0	5.560	5.556	1.0
3.980	694.0	5.560	5.556	17.0
3.990	554.0	5.560	5.556	-140.0
4.000	409.0	5.560	5.556	-145.0
4.010	402.0	5.560	5.556	-7.0
4.020	406.0	5.560	5.556	4.0
4.030	415.0	5.560	5.556	9.0
4.040	574.0	5.560	5.556	159.0
4.050	670.0	5.560	5.556	96.0
4.060	677.0	5.560	5.556	7.0
4.070	688.0	5.560	5.556	11.0
4.080	553.0	5.560	5.556	-135.0
4.090	416.0	5.560	5.556	-137.0
4.100	406.0	5.560	5.556	-10.0
4.110	406.0	5.560	5.556	0.0
4.120	415.0	5.560	5.556	9.0
4.130	587.0	5.560	5.556	172.0
4.140	677.0	5.560	5.556	90.0
4.150	676.0	5.560	5.556	-1.0
4.160	694.0	5.560	5.556	18.0
4.170	639.0	5.560	5.556	-55.0
4.180	424.0	5.560	5.556	-215.0
4.190	405.0	5.560	5.556	-19.0
4.200	406.0	5.560	5.556	1.0
4.210	412.0	5.560	5.263	6.0
4.220	529.0	5.560	5.263	117.0
4.230	668.0	5.560	5.263	139.0
4.240	679.0	5.560	5.263	11.0
4.250	688.0	5.560	5.263	9.0
4.260	613.0	5.260	5.263	-75.0
4.270	427.0	5.260	5.263	-186.0
4.280	412.0	5.260	5.263	-15.0
4.290	408.0	5.260	5.263	-4.0
4.300	410.0	5.260	5.263	2.0
4.310	540.0	5.260	5.263	130.0
4.320	675.0	5.260	5.263	135.0
4.330	680.0	5.260	5.263	5.0
4.340	692.0	5.260	5.263	12.0
4.350	674.0	5.260	5.263	-18.0
4.360	442.0	5.260	5.263	-232.0
4.370	408.0	5.260	5.263	-34.0
4.380	406.0	5.260	5.263	-2.0
4.390	409.0	5.260	5.263	3.0
4.400	481.0	5.260	5.263	72.0
4.410	658.0	5.260	5.556	177.0
4.420	678.0	5.260	5.556	20.0
4.430	686.0	5.260	5.556	8.0
4.440	651.0	5.260	5.556	-35.0
4.450	437.0	5.260	5.556	-214.0
4.460	410.0	5.260	5.556	-27.0
4.470	408.0	5.260	5.556	-2.0
4.480	407.0	5.260	5.556	-1.0
4.490	466.0	5.260	5.556	59.0
4.500	654.0	5.260	5.556	188.0
4.510	678.0	5.560	5.263	24.0
4.520	685.0	5.560	5.263	7.0
4.530	689.0	5.560	5.263	4.0
4.540	462.0	5.560	5.263	-227.0
4.550	405.0	5.560	5.263	-57.0
4.560	405.0	5.560	5.263	0.0
4.570	410.0	5.560	5.263	5.0
4.580	458.0	5.560	5.263	48.0
4.590	645.0	5.560	5.263	187.0
4.600	676.0	5.560	5.263	31.0
4.610	684.0	5.560	5.556	8.0
4.620	675.0	5.560	5.556	-9.0
4.630	467.0	5.560	5.556	-208.0
4.640	413.0	5.560	5.556	-54.0
4.650	407.0	5.560	5.556	-6.0
4.660	408.0	5.560	5.556	1.0
4.670	439.0	5.560	5.556	31.0
4.680	642.0	5.560	5.556	203.0
4.690	684.0	5.560	5.556	42.0
4.700	690.0	5.560	5.556	6.0
4.710	702.0	5.560	5.556	12.0
4.720	502.0	5.560	5.556	-200.0
4.730	418.0	5.560	5.556	-84.0
4.740	416.0	5.560	5.556	-2.0
4.750	421.0	5.560	5.556	5.0
4.760	452.0	5.560	5.556	31.0
4.770	646.0	5.560	5.556	194.0
4.780	697.0	5.560	5.556	51.0
4.790	702.0	5.560	5.556	5.0
4.800	703.0	5.560	5.556	1.0
4.810	531.0	5.560	5.556	-172.0
4.820	436.0	5.560	5.556	-95.0
4.830	426.0	5.560	5.556	-10.0
4.840	423.0	5.560	5.556	-3.0
4.850	439.0	5.560	5.556	16.0
4.860	636.0	5.560	5.556	197.0
4.870	693.0	5.560	5.556	57.0
4.880	692.0	5.560	5.556	-1.0
4.890	708.0	5.560	5.556	16.0
4.900	552.0	5.560	5.556	-156.0
4.910	427.0	5.560	5.556	-125.0
4.920	422.0	5.560	5.556	-5.0
4.930	425.0	5.560	5.556	3.0
4.940	437.0	5.560	5.556	12.0
4.950	611.0	5.560	5.556	174.0
4.960	687.0	5.560	5.556	76.0
4.970	693.0	5.560	5.556	6.0
4.980	701.0	5.560	5.556	8.0
4.990	560.0	5.560	5.556	-141.0
5.000	433.0	5.560	5.556	-127.0
5.010	425.0	5.560	5.556	-8.0
5.020	424.0	5.560	5.556	-1.0
5.030	434.0	5.560	5.556	10.0
5.040	611.0	5.560	5.556	177.0
5.050	691.0	5.560	5.556	80.0
5.060	692.0	5.560	5.556	1.0
5.070	709.0	5.560	5.556	17.0
5.080	618.0	5.560	5.556	-91.0
5.090	432.0	5.560	5.556	-186.0
5.100	420.0	5.560	5.556	-12.0
5.110	423.0	5.560	5.263	3.0
5.120	433.0	5.560	5.263	10.0
5.130	581.0	5.560	5.263	148.0
5.140	686.0	5.560	5.263	105.0
5.150	693.0	5.560	5.263	7.0
5.160	702.0	5.560	5.263	9.0
5.170	600.0	5.560	5.263	-102.0
5.180	440.0	5.560	5.263	-160.0
5.190	425.0	5.560	5.263	-15.0
5.200	423.0	5.560	5.263	-2.0
5.210	429.0	5.560	5.263	6.0
5.220	588.0	5.560	5.263	159.0
5.230	692.0	5.560	5.263	104.0
5.240	694.0	5.560	5.263	2.0
5.250	710.0	5.560	5.263	16.0
5.260	653.0	5.260	5.263	-57.0
5.270	442.0	5.260	5.263	-211.0
5.280	424.0	5.260	5.263	-18.0
5.290	425.0	5.260	5.263	1.0
5.300	430.0	5.260	5.263	5.0
5.310	544.0	5.260	5.556	114.0
5.320	685.0	5.260	5.556	141.0
5.330	697.0	5.260	5.556	12.0
5.340	706.0	5.260	5.556	9.0
5.350	640.0	5.260	5.556	-66.0
5.360	449.0	5.260	5.556	-191.0
5.370	431.0	5.260	5.556	-18.0
5.380	428.0	5.260	5.556	-3.0
5.390	430.0	5.260	5.556	2.0
5.400	548.0	5.260	5.556	118.0
5.410	691.0	5.260	5.556	143.0
5.420	699.0	5.260	5.556	8.0
5.430	709.0	5.260	5.556	10.0
5.440	689.0	5.260	5.556	-20.0
5.450	457.0	5.260	5.556	-232.0
5.460	425.0	5.260	5.556	-32.0
5.470	428.0	5.260	5.556	3.0
5.480	432.0	5.260	5.556	4.0
5.490	528.0	5.260	5.556	96.0
5.500	683.0	5.260	5.556	155.0
5.510	698.0	5.560	5.556	15.0
5.520	708.0	5.560	5.556	10.0
5.530	669.0	5.560	5.556	-39.0
5.540	460.0	5.560	5.556	-209.0
5.550	432.0	5.560	5.556	-28.0
5.560	430.0	5.560	5.556	-2.0
5.570	433.0	5.560	5.556	3.0
5.580	502.0	5.560	5.556	69.0
5.590	683.0	5.560	5.556	181.0
5.600	699.0	5.560	5.556	16.0
5.610	710.0	5.560	5.263	11.0
5.620	699.0	5.560	5.263	-11.0
5.630	464.0	5.560	5.263	-235.0
5.640	427.0	5.560	5.263	-37.0
5.650	427.0	5.560	5.263	0.0
5.660	432.0	5.560	5.263	5.0
5.670	507.0	5.560	5.263	75.0
5.680	677.0	5.560	5.263	170.0
5.690	698.0	5.560	5.263	21.0
5.700	705.0	5.560	5.263	7.0
5.710	682.0	5.560	5.263	-23.0
5.720	470.0	5.560	5.263	-212.0
5.730	435.0	5.560	5.263	-35.0
5.740	430.0	5.560	5.263	-5.0
5.750	430.0	5.560	5.263	0.0
5.760	504.0	5.560	5.263	74.0
5.770	683.0	5.560	5.263	179.0
5.780	702.0	5.560	5.263	19.0
5.790	707.0	5.560	5.263	5.0
5.800	711.0	5.560	5.263	4.0
5.810	501.0	5.560	5.556	-210.0
5.820	433.0	5.560	5.556	-68.0
5.830	429.0	5.560	5.556	-4.0
5.840	431.0	5.560	5.556	2.0
5.850	473.0	5.560	5.556	42.0
5.860	666.0	5.560	5.556	193.0
5.870	698.0	5.560	5.556	32.0
5.880	707.0	5.560	5.556	9.0
5.890	688.0	5.560	5.556	-19.0
5.900	476.0	5.560	5.556	-212.0
5.910	430.0	5.560	5.556	-46.0
5.920	425.0	5.560	5.556	-5.0
5.930	424.0	5.560	5.556	-1.0
5.940	450.0	5.560	5.556	26.0
5.950	652.0	5.560	5.556	202.0
5.960	699.0	5.560	5.556	47.0
5.970	704.0	5.560	5.556	5.0
5.980	715.0	5.560	5.556	11.0
5.990	504.0	5.560	5.556	-211.0
6.000	422.0	5.560	5.556	-82.0
6.010	419.0	5.560	5.556	-3.0
6.020	423.0	5.560	5.556	4.0
6.030	454.0	5.560	5.556	31.0
6.040	640.0	5.560	5.556	186.0
6.050	689.0	5.560	5.556	49.0
6.060	694.0	5.560	5.556	5.0
6.070	697.0	5.560	5.556	3.0
6.080	518.0	5.560	5.556	-179.0
6.090	421.0	5.560	5.556	-97.0
6.100	412.0	5.560	5.556	-9.0
6.110	412.0	5.560	5.556	0.0
6.120	432.0	5.560	5.556	20.0
6.130	632.0	5.560	5.556	200.0
6.140	686.0	5.560	5.556	54.0
6.150	687.0	5.560	5.556	1.0
6.160	699.0	5.560	5.556	12.0
6.170	538.0	5.560	5.556	-161.0
6.180	416.0	5.560	5.556	-122.0
6.190	407.0	5.560	5.556	-9.0
6.200	408.0	5.560	5.556	1.0
6.210	422.0	5.560	5.556	14.0
6.220	606.0	5.560	5.556	184.0
6.230	678.0	5.560	5.556	72.0
6.240	682.0	5.560	5.556	4.0
6.250	686.0	5.560	5.556	4.0
6.260	525.0	5.560	5.556	-161.0
6.270	418.0	5.560	5.556	-107.0
6.280	410.0	5.560	5.556	-8.0
6.290	406.0	5.560	5.556	-4.0
6.300	420.0	5.560	5.556	14.0
6.310	616.0	5.560	5.556	196.0
6.320	680.0	5.560	5.556	64.0
6.330	681.0	5.560	5.556	1.0
6.340	696.0	5.560	5.556	15.0
6.350	549.0	5.560	5.556	-147.0
6.360	413.0	5.560	5.556	-136.0
6.370	407.0	5.560	5.556	-6.0
6.380	409.0	5.560	5.556	2.0
6.390	419.0	5.560	5.556	10.0
6.400	586.0	5.560	5.556	167.0
6.410	675.0	5.560	5.556	89.0
6.420	679.0	5.560	5.556	4.0
6.430	689.0	5.560	5.556	10.0
6.440	553.0	5.560	5.556	-136.0
6.450	417.0	5.560	5.556	-136.0
6.460	408.0	5.560	5.556	-9.0
6.470	408.0	5.560	5.556	0.0
6.480	418.0	5.560	5.556	10.0
6.490	595.0	5.560	5.556	177.0
6.500	678.0	5.560	5.556	83.0
6.510	679.0	5.560	5.556	1.0
6.520	697.0	5.560	5.556	18.0
6.530	600.0	5.560	5.556	-97.0
6.540	417.0	5.560	5.556	-183.0
6.550	405.0	5.560	5.556	-12.0
6.560	408.0	5.560	5.556	3.0
6.570	416.0	5.560	5.556	8.0
6.580	562.0	5.560	5.556	146.0
6.590	673.0	5.560	5.556	111.0
6.600	679.0	5.560	5.556	6.0
6.610	689.0	5.560	5.556	10.0
6.620	570.0	5.560	5.556	-119.0
6.630	421.0	5.560	5.556	-149.0
6.640	409.0	5.560	5.556	-12.0
6.650	406.0	5.560	5.556	-3.0
6.660	414.0	5.560	5.556	8.0
6.670	579.0	5.560	5.556	165.0
6.680	678.0	5.560	5.556	99.0
6.690	678.0	5.560	5.556	0.0
6.700	695.0	5.560	5.556	17.0
6.710	627.0	5.560	5.556	-68.0
6.720	421.0	5.560	5.556	-206.0
6.730	407.0	5.560	5.556	-14.0
6.740	407.0	5.560	5.556	0.0
6.750	413.0	5.560	5.556	6.0
6.760	551.0	5.560	5.556	138.0
6.770	673.0	5.560	5.556	122.0
6.780	681.0	5.560	5.556	8.0
6.790	690.0	5.560	5.556	9.0
6.800	580.0	5.560	5.556	-110.0
6.810	422.0	5.560	5.556	-158.0
6.820	412.0	5.560	5.556	-10.0
6.830	410.0	5.560	5.556	-2.0
6.840	414.0	5.560	5.556	4.0
6.850	570.0	5.560	5.556	156.0
6.860	679.0	5.560	5.556	109.0
6.870	682.0	5.560	5.556	3.0
6.880	698.0	5.560	5.556	16.0
6.890	648.0	5.560	5.556	-50.0
6.900	425.0	5.560	5.556	-223.0
6.910	407.0	5.560	5.556	-18.0
6.920	410.0	5.560	5.556	3.0
6.930	415.0	5.560	5.556	5.0
6.940	532.0	5.560	5.556	117.0
6.950	672.0	5.560	5.556	140.0
6.960	682.0	5.560	5.556	10.0
6.970	692.0	5.560	5.556	10.0
6.980	593.0	5.560	5.556	-99.0
6.990	425.0	5.560	5.556	-168.0
7.000	411.0	5.560	5.556	-14.0
7.010	411.0	5.560	5.556	0.0
7.020	415.0	5.560	5.556	4.0
7.030	558.0	5.560	5.556	143.0
7.040	679.0	5.560	5.556	121.0
7.050	682.0	5.560	5.556	3.0
7.060	695.0	5.560	5.556	13.0
7.070	665.0	5.560	5.556	-30.0
7.080	435.0	5.560	5.556	-230.0
7.090	409.0	5.560	5.556	-26.0
7.100	408.0	5.560	5.556	-1.0
7.110	414.0	5.560	5.556	6.0
7.120	526.0	5.560	5.556	112.0
7.130	673.0	5.560	5.556	147.0
7.140	682.0	5.560	5.556	9.0
7.150	692.0	5.560	5.556	10.0
7.160	616.0	5.560	5.556	-76.0
7.170	432.0	5.560	5.556	-184.0
7.180	415.0	5.560	5.556	-17.0
7.190	410.0	5.560	5.556	-5.0
7.200	411.0	5.560	5.556	1.0
7.210	519.0	5.560	5.556	108.0
7.220	675.0	5.560	5.556	156.0
7.230	684.0	5.560	5.556	9.0
7.240	696.0	5.560	5.556	12.0
7.250	666.0	5.560	5.556	-30.0
7.260	432.0	5.560	5.556	-234.0
7.270	410.0	5.560	5.556	-22.0
7.280	412.0	5.560	5.556	2.0
7.290	414.0	5.560	5.556	2.0
7.300	525.0	5.560	5.556	111.0
7.310	671.0	5.560	5.556	146.0
7.320	683.0	5.560	5.556	12.0
7.330	693.0	5.560	5.556	10.0
7.340	628.0	5.560	5.556	-65.0
7.350	432.0	5.560	5.556	-196.0
7.360	413.0	5.560	5.556	-19.0
7.370	412.0	5.560	5.556	-1.0
7.380	412.0	5.560	5.556	0.0
7.390	517.0	5.560	5.556	105.0
7.400	673.0	5.560	5.556	156.0
7.410	682.0	5.560	5.556	9.0
7.420	696.0	5.560	5.556	14.0
7.430	664.0	5.560	5.556	-32.0
7.440	431.0	5.560	5.556	-233.0
7.450	407.0	5.560	5.556	-24.0
7.460	408.0	5.560	5.556	1.0
7.470	415.0	5.560	5.556	7.0
7.480	523.0	5.560	5.556	108.0
7.490	667.0	5.560	5.556	144.0
7.500	681.0	5.560	5.556	14.0
7.510	691.0	5.560	5.556	10.0
7.520	640.0	5.560	5.556	-51.0
7.530	437.0	5.560	5.556	-203.0
7.540	412.0	5.560	5.556	-25.0
7.550	408.0	5.560	5.556	-4.0
7.560	411.0	5.560	5.556	3.0
7.570	520.0	5.560	5.556	109.0
7.580	671.0	5.560	5.556	151.0
7.590	680.0	5.560	5.556	9.0
7.600	693.0	5.560	5.556	13.0
7.610	659.0	5.560	5.556	-34.0
7.620	434.0	5.560	5.556	-225.0
7.630	409.0	5.560	5.556	-25.0
7.640	408.0	5.560	5.556	-1.0
7.650	411.0	5.560	5.556	3.0
7.660	506.0	5.560	5.556	95.0
7.670	666.0	5.560	5.556	160.0
7.680	683.0	5.560	5.556	17.0
7.690	692.0	5.560	5.556	9.0
7.700	639.0	5.560	5.556	-53.0
7.710	435.0	5.560	5.556	-204.0
7.720	414.0	5.560	5.556	-21.0
7.730	411.0	5.560	5.556	-3.0
7.740	410.0	5.560	5.556	-1.0
7.750	520.0	5.560	5.556	110.0
7.760	672.0	5.560	5.556	152.0
7.770	682.0	5.560	5.556	10.0
7.780	694.0	5.560	5.556	12.0
7.790	674.0	5.560	5.556	-20.0
7.800	436.0	5.560	5.556	-238.0
7.810	408.0	5.560	5.556	-28.0
7.820	410.0	5.560	5.556	2.0
7.830	414.0	5.560	5.556	4.0
7.840	522.0	5.560	5.556	108.0
7.850	667.0	5.560	5.556	145.0
7.860	680.0	5.560	5.556	13.0
7.870	692.0	5.560	5.556	12.0
7.880	628.0	5.560	5.556	-64.0
7.890	432.0	5.560	5.556	-196.0
7.900	412.0	5.560	5.556	-20.0
7.910	409.0	5.560	5.556	-3.0
7.920	413.0	5.560	5.556	4.0
7.930	516.0	5.560	5.556	103.0
7.940	673.0	5.560	5.556	157.0
7.950	681.0	5.560	5.556	8.0
7.960	694.0	5.560	5.556	13.0
7.970	658.0	5.560	5.556	-36.0
7.980	428.0	5.560	5.556	-230.0
7.990	408.0	5.560	5.556	-20.0
8.000	408.0	5.560	5.556	0.0
8.010	415.0	5.560	5.556	7.0
8.020	540.0	5.560	5.556	125.0
8.030	671.0	5.560	5.556	131.0
8.040	682.0	5.560	5.556	11.0
8.050	691.0	5.560	5.556	9.0
8.060	616.0	5.560	5.556	-75.0
8.070	430.0	5.560	5.556	-186.0
8.080	414.0	5.560	5.556	-16.0
8.090	410.0	5.560	5.556	-4.0
8.100	412.0	5.560	5.556	2.0
8.110	563.0	5.560	5.556	151.0
8.120	681.0	5.560	5.556	118.0
8.130	684.0	5.560	5.556	3.0
8.140	699.0	5.560	5.556	15.0
8.150	638.0	5.560	5.556	-61.0
8.160	426.0	5.560	5.556	-212.0
8.170	410.0	5.560	5.556	-16.0
8.180	411.0	5.560	5.556	1.0
8.190	414.0	5.560	5.556	3.0
8.200	541.0	5.560	5.556	127.0
8.210	675.0	5.560	5.556	134.0
8.220	684.0	5.560	5.556	9.0
8.230	692.0	5.560	5.556	8.0
8.240	561.0	5.560	5.556	-131.0
8.250	420.0	5.560	5.556	-141.0
8.260	411.0	5.880	5.556	-9.0
8.270	411.0	5.880	5.556	0.0
8.280	419.0	5.880	5.556	8.0
8.290	580.0	5.880	5.556	161.0
8.300	680.0	5.880	5.556	100.0
8.310	683.0	5.880	5.556	3.0
8.320	700.0	5.880	5.556	17.0
8.330	620.0	5.880	5.556	-80.0
8.340	421.0	5.880	5.556	-199.0
8.350	408.0	5.880	5.556	-13.0
8.360	410.0	5.880	5.556	2.0
8.370	421.0	5.880	5.556	11.0
8.380	589.0	5.880	5.556	168.0
8.390	679.0	5.880	5.556	90.0
8.400	685.0	5.880	5.556	6.0
8.410	691.0	5.880	5.556	6.0
8.420	515.0	5.880	5.556	-176.0
8.430	421.0	5.880	5.556	-94.0
8.440	413.0	5.880	5.556	-8.0
8.450	410.0	5.880	5.556	-3.0
8.460	424.0	5.880	5.556	14.0
8.470	616.0	5.880	5.556	192.0
8.480	685.0	5.880	5.556	69.0
8.490	686.0	5.880	5.556	1.0
8.500	702.0	5.880	5.556	16.0
8.510	541.0	5.880	5.556	-161.0
8.520	417.0	5.880	5.556	-124.0
8.530	411.0	5.880	5.556	-6.0
8.540	412.0	5.880	5.556	1.0
8.550	438.0	5.880	5.556	26.0
8.560	632.0	5.880	5.556	194.0
8.570	683.0	5.880	5.556	51.0
8.580	690.0	5.880	5.556	7.0
8.590	685.0	5.880	5.556	-5.0
8.600	482.0	5.880	5.556	-203.0
8.610	418.0	5.880	5.556	-64.0
8.620	413.0	5.880	5.556	-5.0
8.630	412.0	5.880	5.556	-1.0
8.640	440.0	5.880	5.556	28.0
8.650	645.0	5.880	5.556	205.0
8.660	684.0	5.880	5.556	39.0
8.670	689.0	5.880	5.556	5.0
8.680	698.0	5.880	5.556	9.0
8.690	486.0	5.880	5.556	-212.0
8.700	410.0	5.880	5.556	-76.0
8.710	408.0	5.880	5.556	-2.0
8.720	413.0	5.880	5.556	5.0
8.730	457.0	5.880	5.556	44.0
8.740	650.0	5.880	5.556	193.0
8.750	680.0	5.880	5.556	30.0
8.760	689.0	5.560	5.556	9.0
8.770	673.0	5.560	5.556	-16.0
8.780	458.0	5.560	5.556	-215.0
8.790	414.0	5.560	5.556	-44.0
8.800	410.0	5.560	5.556	-4.0
8.810	410.0	5.560	5.556	0.0
8.820	482.0	5.560	5.556	72.0
8.830	665.0	5.560	5.556	183.0
8.840	682.0	5.560	5.556	17.0
8.850	692.0	5.560	5.556	10.0
8.860	681.0	5.560	5.556	-11.0
8.870	446.0	5.560	5.556	-235.0
8.880	411.0	5.560	5.556	-35.0
8.890	409.0	5.560	5.556	-2.0
8.900	411.0	5.560	5.556	2.0
8.910	498.0	5.560	5.556	87.0
8.920	666.0	5.560	5.556	168.0
8.930	683.0	5.560	5.556	17.0
8.940	693.0	5.560	5.556	10.0
8.950	638.0	5.560	5.556	-55.0
8.960	433.0	5.560	5.556	-205.0
8.970	414.0	5.560	5.556	-19.0
8.980	412.0	5.560	5.556	-2.0
8.990	413.0	5.560	5.556	1.0
9.000	557.0	5.560	5.556	144.0
9.010	678.0	5.560	5.882	121.0
9.020	684.0	5.560	5.882	6.0
9.030	700.0	5.560	5.882	16.0
9.040	626.0	5.560	5.882	-74.0
9.050	420.0	5.560	5.882	-206.0
9.060	407.0	5.560	5.882	-13.0
9.070	411.0	5.560	5.882	4.0
9.080	417.0	5.560	5.882	6.0
9.090	557.0	5.560	5.882	140.0
9.100	672.0	5.560	5.882	115.0
9.110	682.0	5.560	5.882	10.0
9.120	692.0	5.560	5.882	10.0
9.130	555.0	5.560	5.882	-137.0
9.140	420.0	5.560	5.882	-135.0
9.150	411.0	5.560	5.882	-9.0
9.160	408.0	5.560	5.882	-3.0
9.170	425.0	5.560	5.882	17.0
9.180	621.0	5.560	5.882	196.0
9.190	683.0	5.560	5.882	62.0
9.200	683.0	5.560	5.882	0.0
9.210	698.0	5.560	5.556	15.0
9.220	567.0	5.560	5.556	-131.0
9.230	417.0	5.560	5.556	-150.0
9.240	408.0	5.560	5.556	-9.0
9.250	409.0	5.560	5.556	1.0
9.260	427.0	5.560	5.556	18.0
9.270	614.0	5.560	5.556	187.0
9.280	680.0	5.560	5.556	66.0
9.290	686.0	5.560	5.556	6.0
9.300	684.0	5.560	5.556	-2.0
9.310	480.0	5.560	5.556	-204.0
9.320	417.0	5.560	5.556	-63.0
9.330	411.0	5.560	5.556	-6.0
9.340	410.0	5.560	5.556	-1.0
9.350	455.0	5.560	5.556	45.0
9.360	655.0	5.560	5.556	200.0
9.370	684.0	5.560	5.556	29.0
9.380	688.0	5.560	5.556	4.0
9.390	696.0	5.560	5.556	8.0
9.400	485.0	5.560	5.556	-211.0
9.410	411.0	5.560	5.556	-74.0
9.420	410.0	5.560	5.556	-1.0
9.430	412.0	5.560	5.556	2.0
9.440	457.0	5.560	5.556	45.0
9.450	650.0	5.560	5.556	193.0
9.460	680.0	5.560	5.556	30.0
9.470	691.0	5.560	5.556	11.0
9.480	656.0	5.560	5.556	-35.0
9.490	440.0	5.560	5.556	-216.0
9.500	412.0	5.560	5.556	-28.0
9.510	409.0	5.560	5.556	-3.0
9.520	412.0	5.560	5.556	3.0
9.530	503.0	5.560	5.556	91.0
9.540	669.0	5.560	5.556	166.0
9.550	681.0	5.560	5.556	12.0
9.560	692.0	5.560	5.556	11.0
9.570	680.0	5.560	5.556	-12.0
9.580	444.0	5.560	5.556	-236.0
9.590	409.0	5.560	5.556	-35.0
9.600	408.0	5.560	5.556	-1.0
9.610	412.0	5.560	5.556	4.0
9.620	519.0	5.560	5.556	107.0
9.630	672.0	5.560	5.556	153.0
9.640	683.0	5.560	5.556	11.0
9.650	691.0	5.560	5.556	8.0
9.660	589.0	5.560	5.556	-102.0
9.670	426.0	5.560	5.556	-163.0
9.680	413.0	5.560	5.556	-13.0
9.690	410.0	5.560	5.556	-3.0
9.700	412.0	5.560	5.556	2.0
9.710	552.0	5.560	5.556	140.0
9.720	680.0	5.560	5.556	128.0
9.730	681.0	5.560	5.556	1.0
9.740	699.0	5.560	5.556	18.0
9.750	600.0	5.560	5.556	-99.0
9.760	417.0	5.560	5.556	-183.0
9.770	409.0	5.560	5.556	-8.0
9.780	411.0	5.560	5.556	2.0
9.790	422.0	5.560	5.556	11.0
9.800	597.0	5.560	5.556	175.0
9.810	678.0	5.560	5.556	81.0
9.820	685.0	5.560	5.556	7.0
9.830	692.0	5.560	5.556	7.0
9.840	542.0	5.560	5.556	-150.0
9.850	419.0	5.560	5.556	-123.0
9.860	410.0	5.560	5.556	-9.0
9.870	410.0	5.560	5.556	0.0
9.880	426.0	5.560	5.556	16.0
9.890	625.0	5.560	5.556	199.0
9.900	681.0	5.560	5.556	56.0
9.910	685.0	5.560	5.556	4.0
9.920	697.0	5.560	5.556	12.0
9.930	495.0	5.560	5.556	-202.0
9.940	411.0	5.560	5.556	-84.0
9.950	406.0	5.560	5.556	-5.0
9.960	410.0	5.560	5.556	4.0
9.970	443.0	5.560	5.556	33.0
9.980	638.0	5.560	5.556	195.0
9.990	680.0	5.560	5.556	42.0
10.000	686.0	5.560	5.556	6.0
