0.0050
0.0010	 463	 0.000 
0.0090	 464	 0.000 
0.0100	 464	 0.000 
0.0150	 464	 0.000 
0.0200	 464	 0.000 
0.0250	 464	 0.000 
0.0300	 464	 0.000 
0.0350	 463	 0.000 
0.0400	 465	 0.000 
0.0450	 464	 0.000 
0.0500	 465	 0.000 
0.0550	 465	 0.000 
0.0600	 464	 0.000 
0.0650	 464	 0.000 
0.0700	 464	 0.000 
0.0750	 464	 0.000 
0.0800	 464	 0.000 
0.0850	 463	 0.000 
0.0900	 464	 0.000 
0.0950	 464	 0.000 
0.1020	 463	 0.000 
0.1050	 465	 0.000 
0.1100	 464	 0.000 
0.1150	 464	 0.000 
0.1200	 463	 0.000 
0.1250	 463	 0.000 
0.1300	 464	 0.000 
0.1350	 463	 0.000 
0.1400	 463	 0.000 
0.1450	 463	 0.000 
0.1500	 463	 0.000 
0.1550	 465	 0.000 
0.1600	 464	 0.000 
0.1650	 463	 0.000 
0.1700	 464	 0.000 
0.1750	 463	 0.000 
0.1800	 463	 0.000 
0.1850	 463	 0.000 
0.1900	 463	 0.000 
0.1950	 463	 0.000 
0.2010	 463	 0.000 
0.2050	 463	 0.000 
0.2100	 463	 0.000 
0.2150	 464	 0.000 
0.2200	 464	 0.000 
0.2250	 462	 0.000 
0.2300	 463	 0.000 
0.2350	 463	 0.000 
0.2400	 463	 0.000 
0.2450	 463	 0.000 
0.2500	 462	 0.000 
0.2550	 462	 0.000 
0.2600	 463	 0.000 
0.2650	 463	 0.000 
0.2700	 463	 0.000 
0.2750	 465	 0.000 
0.2800	 462	 0.000 
0.2850	 463	 0.000 
0.2900	 462	 0.000 
0.2950	 462	 0.000 
0.3010	 462	 0.000 
0.3050	 463	 0.000 
0.3100	 463	 0.000 
0.3150	 462	 0.000 
0.3200	 463	 0.000 
0.3250	 463	 0.000 
0.3300	 462	 0.000 
0.3350	 463	 0.000 
0.3400	 462	 0.000 
0.3450	 463	 0.000 
0.3500	 462	 0.000 
0.3550	 462	 0.000 
0.3600	 462	 0.000 
0.3650	 463	 0.000 
0.3700	 463	 0.000 
0.3750	 463	 0.000 
0.3800	 463	 0.000 
0.3850	 462	 0.000 
0.3900	 462	 0.000 
0.3950	 462	 0.000 
0.4010	 462	 0.000 
0.4050	 462	 0.000 
0.4100	 462	 0.000 
0.4150	 462	 0.000 
0.4200	 462	 0.000 
0.4250	 462	 0.000 
0.4300	 463	 0.000 
0.4350	 463	 0.000 
0.4400	 463	 0.000 
0.4450	 462	 0.000 
0.4500	 462	 0.000 
0.4550	 462	 0.000 
0.4600	 462	 0.000 
0.4650	 462	 0.000 
0.4700	 461	 0.000 
0.4750	 461	 0.000 
0.4800	 463	 0.000 
0.4850	 462	 0.000 
0.4900	 462	 0.000 
0.4950	 462	 0.000 
0.5050	 462	 0.000 
0.5060	 462	 0.000 
0.5100	 461	 0.000 
0.5150	 462	 0.000 
0.5200	 462	 0.000 
0.5250	 462	 0.000 
0.5300	 462	 0.000 
0.5350	 462	 0.000 
0.5400	 462	 0.000 
0.5450	 462	 0.000 
0.5500	 462	 0.000 
0.5550	 463	 0.000 
0.5600	 462	 0.000 
0.5650	 462	 0.000 
0.5700	 462	 0.000 
0.5750	 462	 0.000 
0.5800	 462	 0.000 
0.5850	 461	 0.000 
0.5900	 462	 0.000 
0.5950	 462	 0.000 
0.6010	 461	 0.000 
0.6050	 462	 0.000 
0.6100	 462	 0.000 
0.6150	 461	 0.000 
0.6200	 463	 0.000 
0.6250	 461	 0.000 
0.6300	 462	 0.000 
0.6350	 462	 0.000 
0.6400	 462	 0.000 
0.6450	 462	 0.000 
0.6500	 461	 0.000 
0.6550	 461	 0.000 
0.6600	 461	 0.000 
0.6650	 462	 0.000 
0.6700	 462	 0.000 
0.6750	 461	 0.000 
0.6800	 462	 0.000 
0.6850	 462	 0.000 
0.6900	 461	 0.000 
0.6950	 462	 0.000 
0.7010	 462	 0.000 
0.7050	 462	 0.000 
0.7100	 461	 0.000 
0.7150	 462	 0.000 
0.7200	 461	 0.000 
0.7250	 461	 0.000 
0.7300	 463	 0.000 
0.7350	 461	 0.000 
0.7400	 462	 0.000 
0.7450	 462	 0.000 
0.7500	 462	 0.000 
0.7550	 462	 0.000 
0.7600	 461	 0.000 
0.7650	 462	 0.000 
0.7700	 462	 0.000 
0.7750	 461	 0.000 
0.7800	 463	 0.000 
0.7850	 461	 0.000 
0.7900	 463	 0.000 
0.7950	 461	 0.000 
0.8010	 462	 0.000 
0.8050	 462	 0.000 
0.8100	 461	 0.000 
0.8150	 462	 0.000 
0.8200	 462	 0.000 
0.8250	 461	 0.000 
0.8300	 461	 0.000 
0.8350	 463	 0.000 
0.8400	 462	 0.000 
0.8450	 462	 0.000 
0.8500	 462	 0.000 
0.8550	 462	 0.000 
0.8600	 461	 0.000 
0.8650	 462	 0.000 
0.8700	 461	 0.000 
0.8750	 462	 0.000 
0.8800	 463	 0.000 
0.8850	 462	 0.000 
0.8900	 462	 0.000 
0.8950	 462	 0.000 
0.9040	 462	 0.000 
0.9050	 462	 0.000 
0.9100	 462	 0.000 
0.9150	 461	 0.000 
0.9200	 462	 0.000 
0.9250	 461	 0.000 
0.9300	 461	 0.000 
0.9350	 462	 0.000 
0.9400	 462	 0.000 
0.9450	 462	 0.000 
0.9500	 462	 0.000 
0.9550	 463	 0.000 
0.9600	 461	 0.000 
0.9650	 461	 0.000 
0.9700	 462	 0.000 
0.9750	 461	 0.000 
0.9800	 462	 0.000 
0.9850	 461	 0.000 
0.9900	 462	 0.000 
0.9950	 462	 0.000 
1.0070	 461	 0.000 
1.0070	 461	 0.000 
1.0100	 461	 0.000 
1.0150	 462	 0.000 
1.0200	 462	 0.000 
1.0250	 463	 0.000 
1.0300	 466	 0.000 
1.0350	 471	 0.000 
1.0400	 475	 0.000 
1.0450	 482	 0.000 
1.0500	 488	 0.000 
1.0550	 495	 0.000 
1.0600	 500	 0.000 
1.0650	 506	 0.000 
1.0700	 514	 0.000 
1.0750	 520	 0.000 
1.0800	 528	 0.000 
1.0850	 534	 0.000 
1.0900	 541	 0.000 
1.0950	 545	 0.000 
1.1010	 549	 0.000 
1.1050	 555	 0.000 
1.1100	 557	 0.000 
1.1150	 561	 0.000 
1.1200	 563	 0.000 
1.1250	 566	 0.000 
1.1300	 564	 0.000 
1.1350	 569	 0.000 
1.1400	 571	 0.000 
1.1450	 572	 0.000 
1.1500	 572	 0.000 
1.1550	 572	 0.000 
1.1600	 574	 0.000 
1.1650	 576	 0.000 
1.1700	 578	 0.000 
1.1750	 578	 0.000 
1.1800	 579	 0.000 
1.1850	 581	 0.000 
1.1900	 580	 0.000 
1.1950	 581	 0.000 
1.2010	 582	 0.000 
1.2050	 583	 0.000 
1.2100	 582	 0.000 
1.2150	 583	 0.000 
1.2200	 584	 0.000 
1.2250	 585	 0.000 
1.2300	 585	 0.000 
1.2350	 584	 0.000 
1.2400	 586	 0.000 
1.2450	 584	 0.000 
1.2500	 583	 0.000 
1.2550	 583	 0.000 
1.2600	 581	 0.000 
1.2650	 579	 0.000 
1.2700	 577	 0.000 
1.2750	 573	 0.000 
1.2800	 568	 0.000 
1.2850	 562	 0.000 
1.2900	 556	 0.000 
1.2950	 547	 0.000 
1.3010	 535	 0.000 
1.3050	 527	 0.000 
1.3100	 515	 0.000 
1.3150	 505	 0.000 
1.3200	 494	 0.000 
1.3250	 482	 0.000 
1.3300	 471	 0.000 
1.3350	 461	 0.000 
1.3400	 452	 0.000 
1.3450	 444	 0.000 
1.3500	 437	 0.000 
1.3550	 434	 0.000 
1.3600	 427	 0.000 
1.3650	 425	 0.000 
1.3700	 422	 0.000 
1.3750	 420	 0.000 
1.3800	 418	 0.000 
1.3850	 416	 0.000 
1.3900	 415	 0.000 
1.3950	 413	 0.000 
1.4030	 411	 0.000 
1.4050	 412	 0.000 
1.4100	 410	 0.000 
1.4150	 410	 0.000 
1.4200	 409	 0.000 
1.4250	 408	 0.000 
1.4300	 408	 0.000 
1.4350	 406	 0.000 
1.4400	 405	 0.000 
1.4450	 406	 0.000 
1.4500	 403	 0.000 
1.4550	 404	 0.000 
1.4600	 404	 0.000 
1.4650	 406	 0.000 
1.4700	 408	 0.000 
1.4750	 411	 0.000 
1.4800	 416	 0.000 
1.4850	 423	 0.000 
1.4900	 431	 0.000 
1.4950	 441	 0.000 
1.5070	 467	 0.000 
1.5070	 467	 0.000 
1.5100	 472	 0.000 
1.5150	 483	 0.000 
1.5200	 491	 0.000 
1.5250	 496	 0.000 
1.5300	 502	 0.000 
1.5350	 505	 0.000 
1.5400	 510	 0.000 
1.5450	 512	 0.000 
1.5500	 514	 0.000 
1.5550	 515	 0.000 
1.5600	 518	 0.000 
1.5650	 521	 0.000 
1.5700	 525	 0.000 
1.5750	 526	 0.000 
1.5800	 522	 0.000 
1.5850	 516	 0.000 
1.5900	 502	 0.000 
1.5950	 480	 0.000 
1.6080	 427	 0.000 
1.6090	 427	 0.000 
1.6100	 425	 0.000 
1.6150	 416	 0.000 
1.6200	 410	 0.000 
1.6250	 409	 0.000 
1.6300	 395	 0.000 
1.6350	 405	 0.000 
1.6400	 405	 0.000 
1.6450	 404	 0.000 
1.6500	 404	 0.000 
1.6550	 409	 0.000 
1.6600	 419	 0.000 
1.6650	 435	 0.000 
1.6700	 461	 0.000 
1.6750	 487	 0.000 
1.6800	 513	 0.000 
1.6850	 530	 0.000 
1.6900	 541	 0.000 
1.6950	 547	 0.000 
1.7120	 561	 1.600 
1.7120	 562	 1.600 
1.7130	 562	 1.600 
1.7150	 562	 1.600 
1.7200	 554	 1.600 
1.7250	 538	 1.600 
1.7300	 512	 1.600 
1.7350	 480	 1.600 
1.7400	 455	 1.600 
1.7450	 441	 1.600 
1.7500	 430	 1.600 
1.7550	 422	 1.600 
1.7600	 416	 1.600 
1.7650	 411	 1.600 
1.7700	 408	 1.600 
1.7750	 406	 1.600 
1.7800	 404	 1.600 
1.7850	 405	 1.600 
1.7900	 404	 1.600 
1.7950	 410	 1.600 
1.8080	 445	 2.439 
1.8080	 445	 2.439 
1.8100	 453	 2.439 
1.8150	 473	 2.439 
1.8200	 487	 2.439 
1.8250	 495	 2.439 
1.8300	 500	 2.439 
1.8350	 504	 2.439 
1.8400	 508	 2.439 
1.8450	 512	 2.439 
1.8500	 516	 2.439 
1.8550	 523	 2.439 
1.8600	 520	 2.439 
1.8650	 504	 2.439 
1.8700	 487	 2.439 
1.8750	 461	 2.439 
1.8800	 441	 2.439 
1.8850	 425	 2.439 
1.8900	 416	 2.439 
1.8950	 410	 2.439 
1.9080	 403	 3.636 
1.9080	 405	 3.636 
1.9100	 404	 3.636 
1.9150	 401	 3.636 
1.9200	 409	 3.636 
1.9250	 400	 3.636 
1.9300	 413	 3.636 
1.9350	 421	 3.636 
1.9400	 439	 3.636 
1.9450	 463	 3.636 
1.9500	 489	 3.636 
1.9550	 512	 3.636 
1.9600	 525	 3.636 
1.9650	 534	 3.636 
1.9700	 543	 3.636 
1.9750	 545	 3.636 
1.9800	 552	 3.636 
1.9850	 552	 3.636 
1.9900	 549	 3.636 
1.9950	 536	 3.636 
2.0080	 465	 3.636 
2.0090	 462	 3.636 
2.0100	 458	 3.636 
2.0150	 440	 3.636 
2.0200	 427	 3.636 
2.0250	 418	 3.636 
2.0300	 414	 3.636 
2.0350	 408	 3.636 
2.0400	 411	 3.636 
2.0450	 401	 3.636 
2.0500	 399	 3.636 
2.0550	 403	 3.636 
2.0600	 407	 3.636 
2.0650	 421	 3.636 
2.0700	 441	 3.636 
2.0750	 462	 3.636 
2.0800	 476	 3.636 
2.0850	 490	 3.636 
2.0900	 497	 3.636 
2.0950	 503	 3.636 
2.1070	 512	 3.774 
2.1070	 512	 3.774 
2.1100	 514	 3.774 
2.1150	 514	 3.774 
2.1200	 502	 3.774 
2.1250	 484	 3.774 
2.1300	 459	 3.774 
2.1350	 436	 3.774 
2.1400	 417	 3.774 
2.1450	 410	 3.774 
2.1500	 404	 3.774 
2.1550	 399	 3.774 
2.1600	 400	 3.774 
2.1650	 398	 3.774 
2.1700	 398	 3.774 
2.1750	 397	 3.774 
2.1800	 403	 3.774 
2.1850	 411	 3.774 
2.1900	 432	 3.774 
2.1950	 458	 3.774 
2.2110	 512	 3.922 
2.2110	 514	 3.922 
2.2110	 514	 3.922 
2.2150	 520	 3.922 
2.2200	 528	 3.922 
2.2250	 525	 3.922 
2.2300	 527	 3.922 
2.2350	 525	 3.922 
2.2400	 519	 3.922 
2.2450	 501	 3.922 
2.2500	 479	 3.922 
2.2550	 454	 3.922 
2.2600	 434	 3.922 
2.2650	 423	 3.922 
2.2700	 419	 3.922 
2.2750	 408	 3.922 
2.2800	 404	 3.922 
2.2850	 401	 3.922 
2.2900	 400	 3.922 
2.2950	 400	 3.922 
2.3080	 420	 4.132 
2.3090	 423	 4.132 
2.3100	 431	 4.132 
2.3150	 447	 4.132 
2.3200	 473	 4.132 
2.3250	 484	 4.132 
2.3300	 493	 4.132 
2.3350	 496	 4.132 
2.3400	 507	 4.132 
2.3450	 511	 4.132 
2.3500	 511	 4.132 
2.3550	 507	 4.132 
2.3600	 500	 4.132 
2.3650	 486	 4.132 
2.3700	 458	 4.132 
2.3750	 436	 4.132 
2.3800	 420	 4.132 
2.3850	 403	 4.132 
2.3900	 398	 4.132 
2.3950	 394	 4.132 
2.4070	 389	 4.167 
2.4070	 390	 4.167 
2.4100	 387	 4.167 
2.4150	 389	 4.167 
2.4200	 393	 4.167 
2.4250	 411	 4.167 
2.4300	 432	 4.167 
2.4350	 458	 4.167 
2.4400	 476	 4.167 
2.4450	 496	 4.167 
2.4500	 506	 4.167 
2.4550	 511	 4.167 
2.4600	 518	 4.167 
2.4650	 524	 4.167 
2.4700	 524	 4.167 
2.4750	 522	 4.167 
2.4800	 506	 4.167 
2.4850	 486	 4.167 
2.4900	 455	 4.167 
2.4950	 437	 4.167 
2.5060	 412	 4.255 
2.5070	 412	 4.255 
2.5100	 412	 4.255 
2.5150	 409	 4.255 
2.5200	 407	 4.255 
2.5250	 403	 4.255 
2.5300	 403	 4.255 
2.5350	 406	 4.255 
2.5400	 411	 4.255 
2.5450	 432	 4.255 
2.5500	 453	 4.255 
2.5550	 471	 4.255 
2.5600	 481	 4.255 
2.5650	 489	 4.255 
2.5700	 495	 4.255 
2.5750	 497	 4.255 
2.5800	 504	 4.255 
2.5850	 508	 4.255 
2.5900	 504	 4.255 
2.5950	 493	 4.255 
2.6100	 424	 4.255 
2.6110	 424	 4.255 
2.6110	 420	 4.255 
2.6150	 412	 4.255 
2.6200	 404	 4.255 
2.6250	 400	 4.255 
2.6300	 393	 4.255 
2.6350	 393	 4.255 
2.6400	 392	 4.255 
2.6450	 392	 4.255 
2.6500	 394	 4.255 
2.6550	 403	 4.255 
2.6600	 422	 4.255 
2.6650	 447	 4.255 
2.6700	 474	 4.255 
2.6750	 493	 4.255 
2.6800	 506	 4.255 
2.6850	 515	 4.255 
2.6900	 524	 4.255 
2.6950	 529	 4.255 
2.7070	 531	 4.348 
2.7070	 529	 4.348 
2.7100	 522	 4.348 
2.7150	 501	 4.348 
2.7200	 474	 4.348 
2.7250	 450	 4.348 
2.7300	 433	 4.348 
2.7350	 423	 4.348 
2.7400	 419	 4.348 
2.7450	 414	 4.348 
2.7500	 410	 4.348 
2.7550	 408	 4.348 
2.7600	 407	 4.348 
2.7650	 408	 4.348 
2.7700	 416	 4.348 
2.7750	 431	 4.348 
2.7800	 453	 4.348 
2.7850	 473	 4.348 
2.7900	 486	 4.348 
2.7950	 498	 4.348 
2.8080	 510	 4.348 
2.8080	 513	 4.348 
2.8100	 513	 4.348 
2.8150	 519	 4.348 
2.8200	 519	 4.348 
2.8250	 510	 4.348 
2.8300	 493	 4.348 
2.8350	 464	 4.348 
2.8400	 437	 4.348 
2.8450	 422	 4.348 
2.8500	 413	 4.348 
2.8550	 408	 4.348 
2.8600	 405	 4.348 
2.8650	 403	 4.348 
2.8700	 402	 4.348 
2.8750	 402	 4.348 
2.8800	 403	 4.348 
2.8850	 409	 4.348 
2.8900	 427	 4.348 
2.8950	 451	 4.348 
2.9080	 514	 4.444 
2.9080	 517	 4.444 
2.9100	 520	 4.444 
2.9150	 534	 4.444 
2.9200	 543	 4.444 
2.9250	 552	 4.444 
2.9300	 555	 4.444 
2.9350	 560	 4.444 
2.9400	 553	 4.444 
2.9450	 534	 4.444 
2.9500	 506	 4.444 
2.9550	 477	 4.444 
2.9600	 452	 4.444 
2.9650	 441	 4.444 
2.9700	 432	 4.444 
2.9750	 427	 4.444 
2.9800	 423	 4.444 
2.9850	 420	 4.444 
2.9900	 418	 4.444 
2.9950	 418	 4.444 
3.0090	 445	 4.167 
3.0090	 445	 4.167 
3.0100	 452	 4.167 
3.0150	 474	 4.167 
3.0200	 495	 4.167 
3.0250	 508	 4.167 
3.0300	 517	 4.167 
3.0350	 523	 4.167 
3.0400	 528	 4.167 
3.0450	 535	 4.167 
3.0500	 541	 4.167 
3.0550	 539	 4.167 
3.0600	 529	 4.167 
3.0650	 504	 4.167 
3.0700	 472	 4.167 
3.0750	 447	 4.167 
3.0800	 432	 4.167 
3.0850	 422	 4.167 
3.0900	 417	 4.167 
3.0950	 413	 4.167 
3.1120	 408	 4.255 
3.1120	 408	 4.255 
3.1120	 407	 4.255 
3.1150	 409	 4.255 
3.1200	 417	 4.255 
3.1250	 436	 4.255 
3.1300	 460	 4.255 
3.1350	 491	 4.255 
3.1400	 516	 4.255 
3.1450	 533	 4.255 
3.1500	 545	 4.255 
3.1550	 555	 4.255 
3.1600	 563	 4.255 
3.1650	 570	 4.255 
3.1700	 570	 4.255 
3.1750	 565	 4.255 
3.1800	 550	 4.255 
3.1850	 522	 4.255 
3.1900	 490	 4.255 
3.1950	 464	 4.255 
3.2070	 437	 4.167 
3.2070	 436	 4.167 
3.2100	 434	 4.167 
3.2150	 430	 4.167 
3.2200	 424	 4.167 
3.2250	 421	 4.167 
3.2300	 422	 4.167 
3.2350	 424	 4.167 
3.2400	 432	 4.167 
3.2450	 449	 4.167 
3.2500	 474	 4.167 
3.2550	 496	 4.167 
3.2600	 513	 4.167 
3.2650	 524	 4.167 
3.2700	 533	 4.167 
3.2750	 539	 4.167 
3.2800	 546	 4.167 
3.2850	 551	 4.167 
3.2900	 555	 4.167 
3.2950	 544	 4.167 
3.3080	 470	 4.255 
3.3080	 472	 4.255 
3.3100	 461	 4.255 
3.3150	 442	 4.255 
3.3200	 429	 4.255 
3.3250	 423	 4.255 
3.3300	 419	 4.255 
3.3350	 416	 4.255 
3.3400	 416	 4.255 
3.3450	 414	 4.255 
3.3500	 413	 4.255 
3.3550	 417	 4.255 
3.3600	 429	 4.255 
3.3650	 452	 4.255 
3.3700	 486	 4.255 
3.3750	 516	 4.255 
3.3800	 540	 4.255 
3.3850	 552	 4.255 
3.3900	 564	 4.255 
3.3950	 568	 4.255 
3.4100	 577	 4.255 
3.4100	 580	 4.255 
3.4100	 576	 4.255 
3.4150	 565	 4.255 
3.4200	 542	 4.255 
3.4250	 506	 4.255 
3.4300	 477	 4.255 
3.4350	 455	 4.255 
3.4400	 446	 4.255 
3.4450	 444	 4.255 
3.4500	 438	 4.255 
3.4550	 434	 4.255 
3.4600	 425	 4.255 
3.4650	 425	 4.255 
3.4700	 425	 4.255 
3.4750	 430	 4.255 
3.4800	 444	 4.255 
3.4850	 464	 4.255 
3.4900	 489	 4.255 
3.4950	 509	 4.255 
3.5070	 537	 4.255 
3.5080	 537	 4.255 
3.5100	 538	 4.255 
3.5150	 546	 4.255 
3.5200	 553	 4.255 
3.5250	 559	 4.255 
3.5300	 558	 4.255 
3.5350	 549	 4.255 
3.5400	 523	 4.255 
3.5450	 489	 4.255 
3.5500	 460	 4.255 
3.5550	 445	 4.255 
3.5600	 431	 4.255 
3.5650	 425	 4.255 
3.5700	 420	 4.255 
3.5750	 419	 4.255 
3.5800	 413	 4.255 
3.5850	 415	 4.255 
3.5900	 415	 4.255 
3.5950	 419	 4.255 
3.6080	 467	 4.132 
3.6080	 468	 4.132 
3.6100	 478	 4.132 
3.6150	 511	 4.132 
3.6200	 539	 4.132 
3.6250	 553	 4.132 
3.6300	 568	 4.132 
3.6350	 576	 4.132 
3.6400	 576	 4.132 
3.6450	 583	 4.132 
3.6500	 594	 4.132 
3.6550	 581	 4.132 
3.6600	 557	 4.132 
3.6650	 526	 4.132 
3.6700	 494	 4.132 
3.6750	 466	 4.132 
3.6800	 454	 4.132 
3.6850	 443	 4.132 
3.6900	 435	 4.132 
3.6950	 432	 4.132 
3.7070	 423	 4.082 
3.7070	 421	 4.082 
3.7100	 424	 4.082 
3.7150	 425	 4.082 
3.7200	 432	 4.082 
3.7250	 447	 4.082 
3.7300	 469	 4.082 
3.7350	 489	 4.082 
3.7400	 510	 4.082 
3.7450	 524	 4.082 
3.7500	 531	 4.082 
3.7550	 536	 4.082 
3.7600	 541	 4.082 
3.7650	 548	 4.082 
3.7700	 555	 4.082 
3.7750	 556	 4.082 
3.7800	 548	 4.082 
3.7850	 522	 4.082 
3.7900	 494	 4.082 
3.7950	 467	 4.082 
3.8080	 428	 4.000 
3.8080	 429	 4.000 
3.8100	 426	 4.000 
3.8150	 421	 4.000 
3.8200	 418	 4.000 
3.8250	 416	 4.000 
3.8300	 416	 4.000 
3.8350	 416	 4.000 
3.8400	 416	 4.000 
3.8450	 428	 4.000 
3.8500	 444	 4.000 
3.8550	 471	 4.000 
3.8600	 497	 4.000 
3.8650	 528	 4.000 
3.8700	 547	 4.000 
3.8750	 559	 4.000 
3.8800	 571	 4.000 
3.8850	 575	 4.000 
3.8900	 583	 4.000 
3.8950	 587	 4.000 
3.9100	 540	 4.082 
3.9110	 540	 4.082 
3.9110	 538	 4.082 
3.9150	 508	 4.082 
3.9200	 479	 4.082 
3.9250	 461	 4.082 
3.9300	 447	 4.082 
3.9350	 441	 4.082 
3.9400	 435	 4.082 
3.9450	 431	 4.082 
3.9500	 426	 4.082 
3.9550	 425	 4.082 
3.9600	 420	 4.082 
3.9650	 424	 4.082 
3.9700	 435	 4.082 
3.9750	 446	 4.082 
3.9800	 470	 4.082 
3.9850	 491	 4.082 
3.9900	 508	 4.082 
3.9950	 520	 4.082 
4.0070	 535	 4.000 
4.0070	 533	 4.000 
4.0100	 539	 4.000 
4.0150	 550	 4.000 
4.0200	 554	 4.000 
4.0250	 551	 4.000 
4.0300	 537	 4.000 
4.0350	 514	 4.000 
4.0400	 484	 4.000 
4.0450	 457	 4.000 
4.0500	 441	 4.000 
4.0550	 432	 4.000 
4.0600	 422	 4.000 
4.0650	 417	 4.000 
4.0700	 415	 4.000 
4.0750	 415	 4.000 
4.0800	 409	 4.000 
4.0850	 414	 4.000 
4.0900	 412	 4.000 
4.0950	 422	 4.000 
4.1060	 476	 4.082 
4.1070	 482	 4.082 
4.1100	 497	 4.082 
4.1150	 522	 4.082 
4.1200	 538	 4.082 
4.1250	 555	 4.082 
4.1300	 568	 4.082 
4.1350	 570	 4.082 
4.1400	 575	 4.082 
4.1450	 576	 4.082 
4.1500	 576	 4.082 
4.1550	 554	 4.082 
4.1600	 529	 4.082 
4.1650	 500	 4.082 
4.1700	 469	 4.082 
4.1750	 456	 4.082 
4.1800	 442	 4.082 
4.1850	 431	 4.082 
4.1900	 430	 4.082 
4.1950	 428	 4.082 
4.2070	 420	 4.000 
4.2070	 420	 4.000 
4.2100	 420	 4.000 
4.2150	 422	 4.000 
4.2200	 432	 4.000 
4.2250	 448	 4.000 
4.2300	 472	 4.000 
4.2350	 492	 4.000 
4.2400	 504	 4.000 
4.2450	 521	 4.000 
4.2500	 528	 4.000 
4.2550	 530	 4.000 
4.2600	 540	 4.000 
4.2650	 548	 4.000 
4.2700	 552	 4.000 
4.2750	 548	 4.000 
4.2800	 536	 4.000 
4.2850	 509	 4.000 
4.2900	 478	 4.000 
4.2950	 452	 4.000 
4.3110	 419	 4.000 
4.3110	 420	 4.000 
4.3110	 416	 4.000 
4.3150	 418	 4.000 
4.3200	 415	 4.000 
4.3250	 414	 4.000 
4.3300	 414	 4.000 
4.3350	 412	 4.000 
4.3400	 416	 4.000 
4.3450	 430	 4.000 
4.3500	 451	 4.000 
4.3550	 482	 4.000 
4.3600	 507	 4.000 
4.3650	 528	 4.000 
4.3700	 548	 4.000 
4.3750	 555	 4.000 
4.3800	 563	 4.000 
4.3850	 567	 4.000 
4.3900	 574	 4.000 
4.3950	 575	 4.000 
4.4080	 524	 4.082 
4.4080	 525	 4.082 
4.4100	 511	 4.082 
4.4150	 478	 4.082 
4.4200	 457	 4.082 
4.4250	 443	 4.082 
4.4300	 434	 4.082 
4.4350	 427	 4.082 
4.4400	 424	 4.082 
4.4450	 420	 4.082 
4.4500	 417	 4.082 
4.4550	 416	 4.082 
4.4600	 417	 4.082 
4.4650	 422	 4.082 
4.4700	 440	 4.082 
4.4750	 462	 4.082 
4.4800	 484	 4.082 
4.4850	 499	 4.082 
4.4900	 512	 4.082 
4.4950	 519	 4.082 
4.5070	 535	 4.000 
4.5070	 534	 4.000 
4.5100	 540	 4.000 
4.5150	 544	 4.000 
4.5200	 540	 4.000 
4.5250	 532	 4.000 
4.5300	 503	 4.000 
4.5350	 473	 4.000 
4.5400	 447	 4.000 
4.5450	 431	 4.000 
4.5500	 423	 4.000 
4.5550	 417	 4.000 
4.5600	 415	 4.000 
4.5650	 413	 4.000 
4.5700	 411	 4.000 
4.5750	 410	 4.000 
4.5800	 412	 4.000 
4.5850	 419	 4.000 
4.5900	 434	 4.000 
4.5950	 458	 4.000 
4.6070	 522	 4.082 
4.6070	 524	 4.082 
4.6100	 535	 4.082 
4.6150	 547	 4.082 
4.6200	 558	 4.082 
4.6250	 564	 4.082 
4.6300	 573	 4.082 
4.6350	 573	 4.082 
4.6400	 569	 4.082 
4.6450	 556	 4.082 
4.6500	 525	 4.082 
4.6550	 493	 4.082 
4.6600	 467	 4.082 
4.6650	 446	 4.082 
4.6700	 439	 4.082 
4.6750	 430	 4.082 
4.6800	 426	 4.082 
4.6850	 423	 4.082 
4.6900	 419	 4.082 
4.6950	 419	 4.082 
4.7140	 452	 4.167 
4.7140	 453	 4.167 
4.7140	 451	 4.167 
4.7150	 456	 4.167 
4.7200	 480	 4.167 
4.7250	 498	 4.167 
4.7300	 515	 4.167 
4.7350	 524	 4.167 
4.7400	 530	 4.167 
4.7450	 536	 4.167 
4.7500	 542	 4.167 
4.7550	 550	 4.167 
4.7600	 548	 4.167 
4.7650	 537	 4.167 
4.7700	 512	 4.167 
4.7750	 481	 4.167 
4.7800	 454	 4.167 
4.7850	 437	 4.167 
4.7900	 426	 4.167 
4.7950	 420	 4.167 
4.8080	 411	 4.167 
4.8090	 412	 4.167 
4.8100	 410	 4.167 
4.8150	 410	 4.167 
4.8200	 411	 4.167 
4.8250	 416	 4.167 
4.8300	 430	 4.167 
4.8350	 453	 4.167 
4.8400	 486	 4.167 
4.8450	 514	 4.167 
4.8500	 534	 4.167 
4.8550	 547	 4.167 
4.8600	 556	 4.167 
4.8650	 564	 4.167 
4.8700	 570	 4.167 
4.8750	 571	 4.167 
4.8800	 571	 4.167 
4.8850	 559	 4.167 
4.8900	 532	 4.167 
4.8950	 500	 4.167 
4.9070	 445	 4.167 
4.9070	 444	 4.167 
4.9100	 439	 4.167 
4.9150	 432	 4.167 
4.9200	 427	 4.167 
4.9250	 423	 4.167 
4.9300	 419	 4.167 
4.9350	 417	 4.167 
4.9400	 417	 4.167 
4.9450	 422	 4.167 
4.9500	 434	 4.167 
4.9550	 455	 4.167 
4.9600	 479	 4.167 
4.9650	 497	 4.167 
4.9700	 511	 4.167 
4.9750	 523	 4.167 
4.9800	 530	 4.167 
4.9850	 536	 4.167 
4.9900	 541	 4.167 
4.9950	 549	 4.167 
5.0080	 524	 4.167 
5.0080	 523	 4.167 
5.0100	 513	 4.167 
5.0150	 482	 4.167 
5.0200	 454	 4.167 
5.0250	 440	 4.167 
5.0300	 430	 4.167 
5.0350	 421	 4.167 
5.0400	 418	 4.167 
5.0450	 415	 4.167 
5.0500	 412	 4.167 
5.0550	 409	 4.167 
5.0600	 411	 4.167 
5.0650	 418	 4.167 
5.0700	 432	 4.167 
5.0750	 456	 4.167 
5.0800	 487	 4.167 
5.0850	 515	 4.167 
5.0900	 535	 4.167 
5.0950	 548	 4.167 
5.1080	 568	 4.167 
5.1090	 569	 4.167 
5.1100	 571	 4.167 
5.1150	 574	 4.167 
5.1200	 572	 4.167 
5.1250	 559	 4.167 
5.1300	 532	 4.167 
5.1350	 499	 4.167 
5.1400	 470	 4.167 
5.1450	 451	 4.167 
5.1500	 440	 4.167 
5.1550	 433	 4.167 
5.1600	 427	 4.167 
5.1650	 423	 4.167 
5.1700	 420	 4.167 
5.1750	 417	 4.167 
5.1800	 417	 4.167 
5.1850	 423	 4.167 
5.1900	 435	 4.167 
5.1950	 455	 4.167 
5.2070	 503	 4.292 
5.2070	 503	 4.292 
5.2100	 511	 4.292 
5.2150	 522	 4.292 
5.2200	 529	 4.292 
5.2250	 535	 4.292 
5.2300	 542	 4.292 
5.2350	 549	 4.292 
5.2400	 548	 4.292 
5.2450	 537	 4.292 
5.2500	 511	 4.292 
5.2550	 479	 4.292 
5.2600	 453	 4.292 
5.2650	 436	 4.292 
5.2700	 427	 4.292 
5.2750	 421	 4.292 
5.2800	 417	 4.292 
5.2850	 414	 4.292 
5.2900	 412	 4.292 
5.2950	 411	 4.292 
5.3070	 422	 4.167 
5.3070	 423	 4.167 
5.3100	 434	 4.167 
5.3150	 459	 4.167 
5.3200	 489	 4.167 
5.3250	 517	 4.167 
5.3300	 537	 4.167 
5.3350	 549	 4.167 
5.3400	 558	 4.167 
5.3450	 567	 4.167 
5.3500	 572	 4.167 
5.3550	 576	 4.167 
5.3600	 572	 4.167 
5.3650	 559	 4.167 
5.3700	 532	 4.167 
5.3750	 499	 4.167 
5.3800	 470	 4.167 
5.3850	 450	 4.167 
5.3900	 439	 4.167 
5.3950	 431	 4.167 
5.4080	 418	 4.167 
5.4080	 419	 4.167 
5.4100	 417	 4.167 
5.4150	 415	 4.167 
5.4200	 415	 4.167 
5.4250	 419	 4.167 
5.4300	 433	 4.167 
5.4350	 450	 4.167 
5.4400	 478	 4.167 
5.4450	 500	 4.167 
5.4500	 506	 4.167 
5.4550	 520	 4.167 
5.4600	 528	 4.167 
5.4650	 535	 4.167 
5.4700	 542	 4.167 
5.4750	 550	 4.167 
5.4800	 550	 4.167 
5.4850	 538	 4.167 
5.4900	 517	 4.167 
5.4950	 484	 4.167 
5.5080	 429	 4.167 
5.5080	 430	 4.167 
5.5100	 427	 4.167 
5.5150	 420	 4.167 
5.5200	 416	 4.167 
5.5250	 413	 4.167 
5.5300	 411	 4.167 
5.5350	 409	 4.167 
5.5400	 411	 4.167 
5.5450	 416	 4.167 
5.5500	 433	 4.167 
5.5550	 458	 4.167 
5.5600	 487	 4.167 
5.5650	 514	 4.167 
5.5700	 534	 4.167 
5.5750	 547	 4.167 
5.5800	 555	 4.167 
5.5850	 565	 4.167 
5.5900	 571	 4.167 
5.5950	 575	 4.167 
5.6070	 545	 4.167 
5.6070	 548	 4.167 
5.6100	 528	 4.167 
5.6150	 494	 4.167 
5.6200	 468	 4.167 
5.6250	 449	 4.167 
5.6300	 437	 4.167 
5.6350	 428	 4.167 
5.6400	 424	 4.167 
5.6450	 420	 4.167 
5.6500	 416	 4.167 
5.6550	 414	 4.167 
5.6600	 413	 4.167 
5.6650	 417	 4.167 
5.6700	 432	 4.167 
5.6750	 451	 4.167 
5.6800	 475	 4.167 
5.6850	 494	 4.167 
5.6900	 509	 4.167 
5.6950	 518	 4.167 
5.7070	 537	 4.167 
5.7070	 537	 4.167 
5.7100	 543	 4.167 
5.7150	 550	 4.167 
5.7200	 550	 4.167 
5.7250	 544	 4.167 
5.7300	 522	 4.167 
5.7350	 485	 4.167 
5.7400	 456	 4.167 
5.7450	 440	 4.167 
5.7500	 429	 4.167 
5.7550	 423	 4.167 
5.7600	 417	 4.167 
5.7650	 414	 4.167 
5.7700	 412	 4.167 
5.7750	 413	 4.167 
5.7800	 414	 4.167 
5.7850	 418	 4.167 
5.7900	 428	 4.167 
5.7950	 452	 4.167 
5.8070	 518	 4.167 
5.8070	 520	 4.167 
5.8100	 536	 4.167 
5.8150	 551	 4.167 
5.8200	 562	 4.167 
5.8250	 570	 4.167 
5.8300	 575	 4.167 
5.8350	 582	 4.167 
5.8400	 579	 4.167 
5.8450	 570	 4.167 
5.8500	 550	 4.167 
5.8550	 518	 4.167 
5.8600	 484	 4.167 
5.8650	 462	 4.167 
5.8700	 446	 4.167 
5.8750	 437	 4.167 
5.8800	 431	 4.167 
5.8850	 428	 4.167 
5.8900	 423	 4.167 
5.8950	 420	 4.167 
5.9080	 424	 4.082 
5.9080	 423	 4.082 
5.9100	 427	 4.082 
5.9150	 441	 4.082 
5.9200	 461	 4.082 
5.9250	 483	 4.082 
5.9300	 503	 4.082 
5.9350	 517	 4.082 
5.9400	 531	 4.082 
5.9450	 544	 4.082 
5.9500	 548	 4.082 
5.9550	 553	 4.082 
5.9600	 560	 4.082 
5.9650	 555	 4.082 
5.9700	 545	 4.082 
5.9750	 519	 4.082 
5.9800	 486	 4.082 
5.9850	 455	 4.082 
5.9900	 437	 4.082 
5.9950	 427	 4.082 
6.0080	 414	 4.082 
6.0080	 415	 4.082 
6.0100	 415	 4.082 
6.0150	 415	 4.082 
6.0200	 413	 4.082 
6.0250	 409	 4.082 
6.0300	 413	 4.082 
6.0350	 426	 4.082 
6.0400	 448	 4.082 
6.0450	 477	 4.082 
6.0500	 506	 4.082 
6.0550	 535	 4.082 
6.0600	 548	 4.082 
6.0650	 557	 4.082 
6.0700	 570	 4.082 
6.0750	 568	 4.082 
6.0800	 571	 4.082 
6.0850	 569	 4.082 
6.0900	 560	 4.082 
6.0950	 539	 4.082 
6.1080	 461	 4.115 
6.1080	 464	 4.115 
6.1100	 453	 4.115 
6.1150	 444	 4.115 
6.1200	 434	 4.115 
6.1250	 428	 4.115 
6.1300	 419	 4.115 
6.1350	 416	 4.115 
6.1400	 416	 4.115 
6.1450	 416	 4.115 
6.1500	 418	 4.115 
6.1550	 424	 4.115 
6.1600	 440	 4.115 
6.1650	 463	 4.115 
6.1700	 481	 4.115 
6.1750	 498	 4.115 
6.1800	 514	 4.115 
6.1850	 521	 4.115 
6.1900	 531	 4.115 
6.1950	 533	 4.115 
6.2080	 543	 4.082 
6.2080	 544	 4.082 
6.2100	 543	 4.082 
6.2150	 531	 4.082 
6.2200	 503	 4.082 
6.2250	 472	 4.082 
6.2300	 443	 4.082 
6.2350	 428	 4.082 
6.2400	 424	 4.082 
6.2450	 415	 4.082 
6.2500	 410	 4.082 
6.2550	 409	 4.082 
6.2600	 405	 4.082 
6.2650	 404	 4.082 
6.2700	 406	 4.082 
6.2750	 416	 4.082 
6.2800	 430	 4.082 
6.2850	 455	 4.082 
6.2900	 492	 4.082 
6.2950	 516	 4.082 
6.3070	 543	 4.082 
6.3070	 543	 4.082 
6.3100	 552	 4.082 
6.3150	 552	 4.082 
6.3200	 560	 4.082 
6.3250	 564	 4.082 
6.3300	 560	 4.082 
6.3350	 544	 4.082 
6.3400	 513	 4.082 
6.3450	 479	 4.082 
6.3500	 455	 4.082 
6.3550	 444	 4.082 
6.3600	 436	 4.082 
6.3650	 429	 4.082 
6.3700	 426	 4.082 
6.3750	 419	 4.082 
6.3800	 419	 4.082 
6.3850	 415	 4.082 
6.3900	 419	 4.082 
6.3950	 428	 4.082 
6.4090	 488	 4.219 
6.4090	 483	 4.219 
6.4100	 488	 4.219 
6.4150	 508	 4.219 
6.4200	 519	 4.219 
6.4250	 527	 4.219 
6.4300	 533	 4.219 
6.4350	 539	 4.219 
6.4400	 543	 4.219 
6.4450	 546	 4.219 
6.4500	 536	 4.219 
6.4550	 513	 4.219 
6.4600	 488	 4.219 
6.4650	 460	 4.219 
6.4700	 433	 4.219 
6.4750	 424	 4.219 
6.4800	 416	 4.219 
6.4850	 412	 4.219 
6.4900	 408	 4.219 
6.4950	 406	 4.219 
6.5060	 400	 4.255 
6.5070	 400	 4.255 
6.5100	 406	 4.255 
6.5150	 415	 4.255 
6.5200	 436	 4.255 
6.5250	 461	 4.255 
6.5300	 491	 4.255 
6.5350	 511	 4.255 
6.5400	 527	 4.255 
6.5450	 539	 4.255 
6.5500	 547	 4.255 
6.5550	 551	 4.255 
6.5600	 557	 4.255 
6.5650	 559	 4.255 
6.5700	 552	 4.255 
6.5750	 538	 4.255 
6.5800	 511	 4.255 
6.5850	 477	 4.255 
6.5900	 454	 4.255 
6.5950	 439	 4.255 
6.6070	 428	 4.167 
6.6070	 427	 4.167 
6.6100	 421	 4.167 
6.6150	 416	 4.167 
6.6200	 413	 4.167 
6.6250	 414	 4.167 
6.6300	 416	 4.167 
6.6350	 419	 4.167 
6.6400	 436	 4.167 
6.6450	 456	 4.167 
6.6500	 476	 4.167 
6.6550	 499	 4.167 
6.6600	 504	 4.167 
6.6650	 513	 4.167 
6.6700	 526	 4.167 
6.6750	 524	 4.167 
6.6800	 531	 4.167 
6.6850	 540	 4.167 
6.6900	 536	 4.167 
6.6950	 523	 4.167 
6.7080	 449	 4.167 
6.7080	 448	 4.167 
6.7100	 442	 4.167 
6.7150	 427	 4.167 
6.7200	 416	 4.167 
6.7250	 408	 4.167 
6.7300	 406	 4.167 
6.7350	 400	 4.167 
6.7400	 401	 4.167 
6.7450	 400	 4.167 
6.7500	 400	 4.167 
6.7550	 400	 4.167 
6.7600	 414	 4.167 
6.7650	 434	 4.167 
6.7700	 460	 4.167 
6.7750	 486	 4.167 
6.7800	 506	 4.167 
6.7850	 518	 4.167 
6.7900	 528	 4.167 
6.7950	 538	 4.167 
6.8090	 556	 4.082 
6.8090	 549	 4.082 
6.8100	 549	 4.082 
6.8150	 544	 4.082 
6.8200	 529	 4.082 
6.8250	 504	 4.082 
6.8300	 475	 4.082 
6.8350	 452	 4.082 
6.8400	 436	 4.082 
6.8450	 427	 4.082 
6.8500	 426	 4.082 
6.8550	 418	 4.082 
6.8600	 417	 4.082 
6.8650	 415	 4.082 
6.8700	 410	 4.082 
6.8750	 410	 4.082 
6.8800	 416	 4.082 
6.8850	 426	 4.082 
6.8900	 446	 4.082 
6.8950	 469	 4.082 
6.9070	 502	 4.082 
6.9070	 504	 4.082 
6.9100	 517	 4.082 
6.9150	 521	 4.082 
6.9200	 527	 4.082 
6.9250	 531	 4.082 
6.9300	 533	 4.082 
6.9350	 532	 4.082 
6.9400	 525	 4.082 
6.9450	 504	 4.082 
6.9500	 480	 4.082 
6.9550	 450	 4.082 
6.9600	 432	 4.082 
6.9650	 416	 4.082 
6.9700	 412	 4.082 
6.9750	 406	 4.082 
6.9800	 400	 4.082 
6.9850	 402	 4.082 
6.9900	 400	 4.082 
6.9950	 400	 4.082 
7.0070	 412	 4.132 
7.0070	 414	 4.132 
7.0100	 430	 4.132 
7.0150	 456	 4.132 
7.0200	 481	 4.132 
7.0250	 510	 4.132 
7.0300	 525	 4.132 
7.0350	 532	 4.132 
7.0400	 544	 4.132 
7.0450	 554	 4.132 
7.0500	 559	 4.132 
7.0550	 562	 4.132 
7.0600	 558	 4.132 
7.0650	 546	 4.132 
7.0700	 520	 4.132 
7.0750	 489	 4.132 
7.0800	 464	 4.132 
7.0850	 442	 4.132 
7.0900	 433	 4.132 
7.0950	 430	 4.132 
7.1060	 418	 4.082 
7.1070	 420	 4.082 
7.1100	 419	 4.082 
7.1150	 415	 4.082 
7.1200	 415	 4.082 
7.1250	 419	 4.082 
7.1300	 427	 4.082 
7.1350	 451	 4.082 
7.1400	 475	 4.082 
7.1450	 496	 4.082 
7.1500	 511	 4.082 
7.1550	 516	 4.082 
7.1600	 523	 4.082 
7.1650	 528	 4.082 
7.1700	 540	 4.082 
7.1750	 542	 4.082 
7.1800	 545	 4.082 
7.1850	 540	 4.082 
7.1900	 519	 4.082 
7.1950	 486	 4.082 
7.2090	 427	 4.082 
7.2090	 427	 4.082 
7.2100	 422	 4.082 
7.2150	 412	 4.082 
7.2200	 409	 4.082 
7.2250	 404	 4.082 
7.2300	 401	 4.082 
7.2350	 400	 4.082 
7.2400	 400	 4.082 
7.2450	 403	 4.082 
7.2500	 413	 4.082 
7.2550	 428	 4.082 
7.2600	 450	 4.082 
7.2650	 479	 4.082 
7.2700	 502	 4.082 
7.2750	 522	 4.082 
7.2800	 536	 4.082 
7.2850	 550	 4.082 
7.2900	 560	 4.082 
7.2950	 568	 4.082 
7.3070	 570	 4.082 
7.3070	 566	 4.082 
7.3100	 560	 4.082 
7.3150	 536	 4.082 
7.3200	 511	 4.082 
7.3250	 476	 4.082 
7.3300	 455	 4.082 
7.3350	 440	 4.082 
7.3400	 435	 4.082 
7.3450	 431	 4.082 
7.3500	 422	 4.082 
7.3550	 419	 4.082 
7.3600	 420	 4.082 
7.3650	 417	 4.082 
7.3700	 420	 4.082 
7.3750	 426	 4.082 
7.3800	 437	 4.082 
7.3850	 458	 4.082 
7.3900	 483	 4.082 
7.3950	 501	 4.082 
7.4070	 528	 4.000 
7.4070	 530	 4.000 
7.4100	 533	 4.000 
7.4150	 536	 4.000 
7.4200	 539	 4.000 
7.4250	 548	 4.000 
7.4300	 548	 4.000 
7.4350	 534	 4.000 
7.4400	 514	 4.000 
7.4450	 483	 4.000 
7.4500	 456	 4.000 
7.4550	 436	 4.000 
7.4600	 424	 4.000 
7.4650	 416	 4.000 
7.4700	 412	 4.000 
7.4750	 405	 4.000 
7.4800	 407	 4.000 
7.4850	 406	 4.000 
7.4900	 402	 4.000 
7.4950	 408	 4.000 
7.5080	 449	 4.237 
7.5090	 450	 4.237 
7.5100	 464	 4.237 
7.5150	 496	 4.237 
7.5200	 518	 4.237 
7.5250	 535	 4.237 
7.5300	 547	 4.237 
7.5350	 557	 4.237 
7.5400	 564	 4.237 
7.5450	 570	 4.237 
7.5500	 571	 4.237 
7.5550	 571	 4.237 
7.5600	 556	 4.237 
7.5650	 531	 4.237 
7.5700	 499	 4.237 
7.5750	 472	 4.237 
7.5800	 453	 4.237 
7.5850	 441	 4.237 
7.5900	 433	 4.237 
7.5950	 430	 4.237 
7.6080	 420	 4.000 
7.6080	 420	 4.000 
7.6100	 419	 4.000 
7.6150	 418	 4.000 
7.6200	 421	 4.000 
7.6250	 430	 4.000 
7.6300	 448	 4.000 
7.6350	 471	 4.000 
7.6400	 493	 4.000 
7.6450	 510	 4.000 
7.6500	 522	 4.000 
7.6550	 530	 4.000 
7.6600	 535	 4.000 
7.6650	 539	 4.000 
7.6700	 547	 4.000 
7.6750	 549	 4.000 
7.6800	 546	 4.000 
7.6850	 532	 4.000 
7.6900	 506	 4.000 
7.6950	 473	 4.000 
7.7070	 426	 4.000 
7.7080	 425	 4.000 
7.7100	 423	 4.000 
7.7150	 415	 4.000 
7.7200	 411	 4.000 
7.7250	 408	 4.000 
7.7300	 406	 4.000 
7.7350	 404	 4.000 
7.7400	 405	 4.000 
7.7450	 407	 4.000 
7.7500	 418	 4.000 
7.7550	 439	 4.000 
7.7600	 466	 4.000 
7.7650	 494	 4.000 
7.7700	 520	 4.000 
7.7750	 535	 4.000 
7.7800	 546	 4.000 
7.7850	 556	 4.000 
7.7900	 562	 4.000 
7.7950	 569	 4.000 
7.8080	 558	 4.000 
7.8080	 558	 4.000 
7.8100	 553	 4.000 
7.8150	 529	 4.000 
7.8200	 497	 4.000 
7.8250	 469	 4.000 
7.8300	 451	 4.000 
7.8350	 440	 4.000 
7.8400	 432	 4.000 
7.8450	 427	 4.000 
7.8500	 423	 4.000 
7.8550	 420	 4.000 
7.8600	 417	 4.000 
7.8650	 416	 4.000 
7.8700	 419	 4.000 
7.8750	 427	 4.000 
7.8800	 444	 4.000 
7.8850	 467	 4.000 
7.8900	 488	 4.000 
7.8950	 503	 4.000 
7.9060	 525	 4.000 
7.9070	 526	 4.000 
7.9100	 529	 4.000 
7.9150	 533	 4.000 
7.9200	 539	 4.000 
7.9250	 542	 4.000 
7.9300	 539	 4.000 
7.9350	 527	 4.000 
7.9400	 500	 4.000 
7.9450	 468	 4.000 
7.9500	 443	 4.000 
7.9550	 428	 4.000 
7.9600	 418	 4.000 
7.9650	 413	 4.000 
7.9700	 409	 4.000 
7.9750	 406	 4.000 
7.9800	 404	 4.000 
7.9850	 403	 4.000 
7.9900	 403	 4.000 
7.9950	 407	 4.000 
8.0090	 460	 4.000 
8.0090	 463	 4.000 
8.0100	 469	 4.000 
8.0150	 498	 4.000 
8.0200	 520	 4.000 
8.0250	 532	 4.000 
8.0300	 542	 4.000 
8.0350	 550	 4.000 
8.0400	 559	 4.000 
8.0450	 564	 4.000 
8.0500	 566	 4.000 
8.0550	 559	 4.000 
8.0600	 541	 4.000 
8.0650	 513	 4.000 
8.0700	 484	 4.000 
8.0750	 458	 4.000 
8.0800	 443	 4.000 
8.0850	 434	 4.000 
8.0900	 428	 4.000 
8.0950	 424	 4.000 
8.1080	 413	 4.082 
8.1080	 414	 4.082 
8.1100	 413	 4.082 
8.1150	 412	 4.082 
8.1200	 418	 4.082 
8.1250	 428	 4.082 
8.1300	 447	 4.082 
8.1350	 471	 4.082 
8.1400	 488	 4.082 
8.1450	 502	 4.082 
8.1500	 512	 4.082 
8.1550	 519	 4.082 
8.1600	 524	 4.082 
8.1650	 529	 4.082 
8.1700	 537	 4.082 
8.1750	 537	 4.082 
8.1800	 531	 4.082 
8.1850	 515	 4.082 
8.1900	 484	 4.082 
8.1950	 456	 4.082 
8.2070	 416	 4.082 
8.2070	 418	 4.082 
8.2100	 412	 4.082 
8.2150	 409	 4.082 
8.2200	 406	 4.082 
8.2250	 403	 4.082 
8.2300	 401	 4.082 
8.2350	 400	 4.082 
8.2400	 401	 4.082 
8.2450	 407	 4.082 
8.2500	 422	 4.082 
8.2550	 445	 4.082 
8.2600	 473	 4.082 
8.2650	 500	 4.082 
8.2700	 520	 4.082 
8.2750	 533	 4.082 
8.2800	 542	 4.082 
8.2850	 548	 4.082 
8.2900	 554	 4.082 
8.2950	 559	 4.082 
8.3080	 537	 4.000 
8.3080	 538	 4.000 
8.3100	 530	 4.000 
8.3150	 502	 4.000 
8.3200	 475	 4.000 
8.3250	 451	 4.000 
8.3300	 434	 4.000 
8.3350	 427	 4.000 
8.3400	 424	 4.000 
8.3450	 419	 4.000 
8.3500	 414	 4.000 
8.3550	 410	 4.000 
8.3600	 410	 4.000 
8.3650	 409	 4.000 
8.3700	 413	 4.000 
8.3750	 424	 4.000 
8.3800	 443	 4.000 
8.3850	 470	 4.000 
8.3900	 486	 4.000 
8.3950	 500	 4.000 
8.4080	 514	 0.000 
8.4080	 514	 0.000 
8.4100	 519	 0.000 
8.4150	 525	 0.000 
8.4200	 532	 0.000 
8.4250	 536	 0.000 
8.4300	 532	 0.000 
8.4350	 512	 0.000 
8.4400	 482	 0.000 
8.4450	 459	 0.000 
8.4500	 435	 0.000 
8.4550	 420	 0.000 
8.4600	 412	 0.000 
8.4650	 408	 0.000 
8.4700	 406	 0.000 
8.4750	 403	 0.000 
8.4800	 399	 0.000 
8.4850	 399	 0.000 
8.4900	 397	 0.000 
8.4950	 397	 0.000 
8.5070	 418	 0.000 
8.5070	 421	 0.000 
8.5100	 434	 0.000 
8.5150	 457	 0.000 
8.5200	 484	 0.000 
8.5250	 503	 0.000 
8.5300	 521	 0.000 
8.5350	 531	 0.000 
8.5400	 539	 0.000 
8.5450	 547	 0.000 
8.5500	 549	 0.000 
8.5550	 555	 0.000 
8.5600	 562	 0.000 
8.5650	 559	 0.000 
8.5700	 555	 0.000 
8.5750	 543	 0.000 
8.5800	 525	 0.000 
8.5850	 497	 0.000 
8.5900	 475	 0.000 
8.5950	 456	 0.000 
8.6080	 422	 0.000 
8.6080	 424	 0.000 
8.6100	 425	 0.000 
8.6150	 419	 0.000 
8.6200	 415	 0.000 
8.6250	 415	 0.000 
8.6300	 416	 0.000 
8.6350	 407	 0.000 
8.6400	 405	 0.000 
8.6450	 412	 0.000 
8.6500	 408	 0.000 
8.6550	 405	 0.000 
8.6600	 410	 0.000 
8.6650	 417	 0.000 
8.6700	 435	 0.000 
8.6750	 445	 0.000 
8.6800	 465	 0.000 
8.6850	 480	 0.000 
8.6900	 494	 0.000 
8.6950	 504	 0.000 
8.7150	 519	 0.000 
8.7150	 524	 0.000 
8.7150	 525	 0.000 
8.7150	 520	 0.000 
8.7200	 526	 0.000 
8.7250	 528	 0.000 
8.7300	 533	 0.000 
8.7350	 537	 0.000 
8.7400	 534	 0.000 
8.7450	 538	 0.000 
8.7500	 538	 0.000 
8.7550	 526	 0.000 
8.7600	 515	 0.000 
8.7650	 495	 0.000 
8.7700	 480	 0.000 
8.7750	 459	 0.000 
8.7800	 443	 0.000 
8.7850	 430	 0.000 
8.7900	 419	 0.000 
8.7950	 414	 0.000 
8.8060	 403	 0.000 
8.8060	 406	 0.000 
8.8100	 403	 0.000 
8.8150	 401	 0.000 
8.8200	 397	 0.000 
8.8250	 398	 0.000 
8.8300	 400	 0.000 
8.8350	 399	 0.000 
8.8400	 394	 0.000 
8.8450	 395	 0.000 
8.8500	 394	 0.000 
8.8550	 394	 0.000 
8.8600	 397	 0.000 
8.8650	 401	 0.000 
8.8700	 407	 0.000 
8.8750	 416	 0.000 
8.8800	 430	 0.000 
8.8850	 440	 0.000 
8.8900	 455	 0.000 
8.8950	 476	 0.000 
8.9060	 509	 0.000 
8.9060	 509	 0.000 
8.9100	 519	 0.000 
8.9150	 527	 0.000 
8.9200	 539	 0.000 
8.9250	 543	 0.000 
8.9300	 551	 0.000 
8.9350	 551	 0.000 
8.9400	 551	 0.000 
8.9450	 559	 0.000 
8.9500	 554	 0.000 
8.9550	 563	 0.000 
8.9600	 560	 0.000 
8.9650	 568	 0.000 
8.9700	 567	 0.000 
8.9750	 567	 0.000 
8.9800	 567	 0.000 
8.9850	 567	 0.000 
8.9900	 565	 0.000 
8.9950	 563	 0.000 
9.0060	 545	 0.000 
9.0060	 545	 0.000 
9.0100	 544	 0.000 
9.0150	 528	 0.000 
9.0200	 517	 0.000 
9.0250	 503	 0.000 
9.0300	 494	 0.000 
9.0350	 479	 0.000 
9.0400	 469	 0.000 
9.0450	 459	 0.000 
9.0500	 447	 0.000 
9.0550	 442	 0.000 
9.0600	 436	 0.000 
9.0650	 428	 0.000 
9.0700	 424	 0.000 
9.0750	 420	 0.000 
9.0800	 419	 0.000 
9.0850	 416	 0.000 
9.0900	 416	 0.000 
9.0950	 415	 0.000 
9.1060	 408	 0.000 
9.1060	 412	 0.000 
9.1100	 409	 0.000 
9.1150	 408	 0.000 
9.1200	 407	 0.000 
9.1250	 405	 0.000 
9.1300	 405	 0.000 
9.1350	 404	 0.000 
9.1400	 404	 0.000 
9.1450	 408	 0.000 
9.1500	 406	 0.000 
9.1550	 406	 0.000 
9.1600	 406	 0.000 
9.1650	 401	 0.000 
9.1700	 403	 0.000 
9.1750	 402	 0.000 
9.1800	 402	 0.000 
9.1850	 404	 0.000 
9.1900	 400	 0.000 
9.1950	 404	 0.000 
9.2060	 406	 0.000 
9.2060	 407	 0.000 
9.2100	 403	 0.000 
9.2150	 406	 0.000 
9.2200	 408	 0.000 
9.2250	 410	 0.000 
9.2300	 407	 0.000 
9.2350	 407	 0.000 
9.2400	 407	 0.000 
9.2450	 409	 0.000 
9.2500	 410	 0.000 
9.2550	 413	 0.000 
9.2600	 421	 0.000 
9.2650	 426	 0.000 
9.2700	 420	 0.000 
9.2750	 427	 0.000 
9.2800	 432	 0.000 
9.2850	 430	 0.000 
9.2900	 435	 0.000 
9.2950	 434	 0.000 
9.3060	 441	 0.000 
9.3060	 444	 0.000 
9.3100	 443	 0.000 
9.3150	 445	 0.000 
9.3200	 448	 0.000 
9.3250	 451	 0.000 
9.3300	 454	 0.000 
9.3350	 456	 0.000 
9.3400	 457	 0.000 
9.3450	 464	 0.000 
9.3500	 467	 0.000 
9.3550	 468	 0.000 
9.3600	 471	 0.000 
9.3650	 467	 0.000 
9.3700	 471	 0.000 
9.3750	 475	 0.000 
9.3800	 477	 0.000 
9.3850	 478	 0.000 
9.3900	 476	 0.000 
9.3950	 479	 0.000 
9.4060	 480	 0.000 
9.4060	 480	 0.000 
9.4100	 479	 0.000 
9.4150	 475	 0.000 
9.4200	 476	 0.000 
9.4250	 478	 0.000 
9.4300	 477	 0.000 
9.4350	 477	 0.000 
9.4400	 475	 0.000 
9.4450	 475	 0.000 
9.4500	 475	 0.000 
9.4550	 475	 0.000 
9.4600	 475	 0.000 
9.4650	 473	 0.000 
9.4700	 477	 0.000 
9.4750	 473	 0.000 
9.4800	 472	 0.000 
9.4850	 478	 0.000 
9.4900	 476	 0.000 
9.4950	 474	 0.000 
9.5060	 471	 0.000 
9.5060	 469	 0.000 
9.5100	 471	 0.000 
9.5150	 472	 0.000 
9.5200	 469	 0.000 
9.5250	 471	 0.000 
9.5300	 474	 0.000 
9.5350	 472	 0.000 
9.5400	 467	 0.000 
9.5450	 472	 0.000 
9.5500	 472	 0.000 
9.5550	 471	 0.000 
9.5600	 466	 0.000 
9.5650	 466	 0.000 
9.5700	 468	 0.000 
9.5750	 466	 0.000 
9.5800	 468	 0.000 
9.5850	 467	 0.000 
9.5900	 468	 0.000 
9.5950	 468	 0.000 
9.6060	 468	 0.000 
9.6060	 467	 0.000 
9.6100	 472	 0.000 
9.6150	 471	 0.000 
9.6200	 473	 0.000 
9.6250	 467	 0.000 
9.6300	 471	 0.000 
9.6350	 471	 0.000 
9.6400	 468	 0.000 
9.6450	 468	 0.000 
9.6500	 472	 0.000 
9.6550	 471	 0.000 
9.6600	 471	 0.000 
9.6650	 467	 0.000 
9.6700	 471	 0.000 
9.6750	 472	 0.000 
9.6800	 472	 0.000 
9.6850	 472	 0.000 
9.6900	 472	 0.000 
9.6950	 472	 0.000 
9.7060	 471	 0.000 
9.7060	 471	 0.000 
9.7100	 472	 0.000 
9.7150	 472	 0.000 
9.7200	 472	 0.000 
9.7250	 472	 0.000 
9.7300	 472	 0.000 
9.7350	 472	 0.000 
9.7400	 472	 0.000 
9.7450	 471	 0.000 
9.7500	 467	 0.000 
9.7550	 472	 0.000 
9.7600	 471	 0.000 
9.7650	 472	 0.000 
9.7700	 474	 0.000 
9.7750	 472	 0.000 
9.7800	 472	 0.000 
9.7850	 470	 0.000 
9.7900	 470	 0.000 
9.7950	 472	 0.000 
9.8060	 472	 0.000 
9.8060	 471	 0.000 
9.8100	 471	 0.000 
9.8150	 473	 0.000 
9.8200	 472	 0.000 
9.8250	 467	 0.000 
9.8300	 472	 0.000 
9.8350	 467	 0.000 
9.8400	 470	 0.000 
9.8450	 472	 0.000 
9.8500	 470	 0.000 
9.8550	 472	 0.000 
9.8600	 469	 0.000 
9.8650	 470	 0.000 
9.8700	 472	 0.000 
9.8750	 467	 0.000 
9.8800	 472	 0.000 
9.8850	 467	 0.000 
9.8900	 467	 0.000 
9.8950	 472	 0.000 
9.9060	 471	 0.000 
9.9060	 470	 0.000 
9.9100	 472	 0.000 
9.9150	 472	 0.000 
9.9200	 472	 0.000 
9.9250	 472	 0.000 
9.9300	 472	 0.000 
9.9350	 472	 0.000 
9.9400	 470	 0.000 
9.9450	 468	 0.000 
9.9500	 471	 0.000 
9.9550	 472	 0.000 
9.9600	 467	 0.000 
9.9650	 470	 0.000 
9.9700	 472	 0.000 
9.9750	 472	 0.000 
9.9800	 472	 0.000 
9.9850	 472	 0.000 
9.9900	 472	 0.000 
9.9950	 470	 0.000 
