0.0000	504	0.000
0.0080	505	0.000
0.0100	505	0.000
0.0150	507	0.000
0.0200	506	0.000
0.0250	507	0.000
0.0300	503	0.000
0.0350	504	0.000
0.0430	506	0.000
0.0450	505	0.000
0.0530	504	0.000
0.0550	504	0.000
0.0600	503	0.000
0.0650	504	0.000
0.0700	505	0.000
0.0750	506	0.000
0.0800	505	0.000
0.0860	506	0.000
0.0900	506	0.000
0.0950	506	0.000
0.1040	505	0.000
0.1050	506	0.000
0.1100	508	0.000
0.1150	505	0.000
0.1200	504	0.000
0.1250	505	0.000
0.1300	505	0.000
0.1350	506	0.000
0.1400	506	0.000
0.1450	505	0.000
0.1530	506	0.000
0.1550	506	0.000
0.1600	505	0.000
0.1650	505	0.000
0.1700	505	0.000
0.1750	508	0.000
0.1800	507	0.000
0.1850	504	0.000
0.1900	503	0.000
0.1950	505	0.000
0.2040	508	0.000
0.2050	506	0.000
0.2100	505	0.000
0.2150	504	0.000
0.2200	505	0.000
0.2250	506	0.000
0.2300	506	0.000
0.2350	505	0.000
0.2400	505	0.000
0.2450	506	0.000
0.2530	505	0.000
0.2550	506	0.000
0.2600	506	0.000
0.2650	505	0.000
0.2700	506	0.000
0.2750	506	0.000
0.2800	506	0.000
0.2850	506	0.000
0.2900	506	0.000
0.2950	504	0.000
0.3030	506	0.000
0.3050	506	0.000
0.3100	506	0.000
0.3150	505	0.000
0.3200	505	0.000
0.3250	506	0.000
0.3300	505	0.000
0.3350	505	0.000
0.3400	505	0.000
0.3450	505	0.000
0.3530	504	0.000
0.3550	505	0.000
0.3600	505	0.000
0.3650	506	0.000
0.3700	506	0.000
0.3750	505	0.000
0.3800	505	0.000
0.3850	505	0.000
0.3900	506	0.000
0.3950	505	0.000
0.4030	505	0.000
0.4050	505	0.000
0.4100	505	0.000
0.4150	505	0.000
0.4200	506	0.000
0.4250	505	0.000
0.4300	504	0.000
0.4350	506	0.000
0.4400	505	0.000
0.4450	505	0.000
0.4530	504	0.000
0.4550	505	0.000
0.4600	506	0.000
0.4650	507	0.000
0.4700	504	0.000
0.4750	505	0.000
0.4800	505	0.000
0.4850	506	0.000
0.4900	505	0.000
0.4950	505	0.000
0.5030	503	0.000
0.5050	506	0.000
0.5100	506	0.000
0.5150	505	0.000
0.5200	505	0.000
0.5250	505	0.000
0.5300	505	0.000
0.5350	504	0.000
0.5400	505	0.000
0.5450	506	0.000
0.5530	504	0.000
0.5550	505	0.000
0.5600	505	0.000
0.5650	505	0.000
0.5700	505	0.000
0.5750	505	0.000
0.5800	505	0.000
0.5850	505	0.000
0.5900	505	0.000
0.5950	505	0.000
0.6060	505	0.000
0.6060	504	0.000
0.6100	506	0.000
0.6150	506	0.000
0.6200	505	0.000
0.6250	505	0.000
0.6300	504	0.000
0.6350	505	0.000
0.6400	505	0.000
0.6450	505	0.000
0.6530	504	0.000
0.6550	507	0.000
0.6600	506	0.000
0.6650	504	0.000
0.6700	505	0.000
0.6750	504	0.000
0.6800	505	0.000
0.6850	505	0.000
0.6900	505	0.000
0.6950	505	0.000
0.7030	506	0.000
0.7050	505	0.000
0.7100	506	0.000
0.7150	505	0.000
0.7200	505	0.000
0.7250	505	0.000
0.7300	505	0.000
0.7350	505	0.000
0.7400	505	0.000
0.7450	505	0.000
0.7530	505	0.000
0.7550	505	0.000
0.7600	505	0.000
0.7650	505	0.000
0.7700	505	0.000
0.7750	506	0.000
0.7800	506	0.000
0.7850	506	0.000
0.7900	505	0.000
0.7950	505	0.000
0.8030	505	0.000
0.8050	504	0.000
0.8100	505	0.000
0.8150	506	0.000
0.8200	505	0.000
0.8250	506	0.000
0.8300	506	0.000
0.8350	506	0.000
0.8400	505	0.000
0.8450	505	0.000
0.8530	504	0.000
0.8550	505	0.000
0.8600	505	0.000
0.8650	505	0.000
0.8700	505	0.000
0.8750	506	0.000
0.8800	506	0.000
0.8850	507	0.000
0.8900	506	0.000
0.8950	506	0.000
0.9040	505	0.000
0.9050	506	0.000
0.9100	505	0.000
0.9150	505	0.000
0.9200	505	0.000
0.9250	505	0.000
0.9300	505	0.000
0.9350	506	0.000
0.9400	505	0.000
0.9450	506	0.000
0.9530	505	0.000
0.9550	505	0.000
0.9600	505	0.000
0.9650	505	0.000
0.9700	505	0.000
0.9750	505	0.000
0.9800	505	0.000
0.9850	505	0.000
0.9900	506	0.000
0.9950	505	0.000
1.0150	506	0.000
1.0150	507	0.000
1.0150	505	0.000
1.0150	504	0.000
1.0200	505	0.000
1.0250	505	0.000
1.0300	504	0.000
1.0350	504	0.000
1.0400	503	0.000
1.0450	504	0.000
1.0530	502	0.000
1.0550	503	0.000
1.0600	502	0.000
1.0650	501	0.000
1.0700	498	0.000
1.0750	492	0.000
1.0800	482	0.000
1.0850	472	0.000
1.0900	464	0.000
1.0950	457	0.000
1.1090	443	0.000
1.1100	443	0.000
1.1100	442	0.000
1.1150	439	0.000
1.1200	436	0.000
1.1250	432	0.000
1.1300	429	0.000
1.1350	428	0.000
1.1400	428	0.000
1.1450	425	0.000
1.1530	422	0.000
1.1550	423	0.000
1.1600	423	0.000
1.1650	421	0.000
1.1700	420	0.000
1.1750	420	0.000
1.1800	420	0.000
1.1850	419	0.000
1.1900	418	0.000
1.1950	418	0.000
1.2090	416	0.000
1.2090	416	0.000
1.2100	415	0.000
1.2150	416	0.000
1.2200	416	0.000
1.2250	414	0.000
1.2300	415	0.000
1.2350	415	0.000
1.2400	416	0.000
1.2450	417	0.000
1.2530	420	0.000
1.2550	422	0.000
1.2600	425	0.000
1.2650	430	0.000
1.2700	438	0.000
1.2750	445	0.000
1.2800	454	0.000
1.2850	465	0.000
1.2900	477	0.000
1.2950	485	0.000
1.3090	508	0.000
1.3090	507	0.000
1.3100	511	0.000
1.3150	517	0.000
1.3200	521	0.000
1.3250	528	0.000
1.3300	531	0.000
1.3350	537	0.000
1.3400	537	0.000
1.3450	539	0.000
1.3530	540	0.000
1.3550	539	0.000
1.3600	542	0.000
1.3650	544	0.000
1.3700	548	0.000
1.3750	550	0.000
1.3800	552	0.000
1.3850	548	0.000
1.3900	544	0.000
1.3950	540	0.000
1.4110	502	0.000
1.4120	500	0.000
1.4120	499	0.000
1.4150	489	0.000
1.4200	471	0.000
1.4250	454	0.000
1.4300	438	0.000
1.4350	428	0.000
1.4400	420	0.000
1.4450	413	0.000
1.4530	406	0.000
1.4550	404	0.000
1.4600	403	0.000
1.4650	400	0.000
1.4700	400	0.000
1.4750	399	0.000
1.4800	396	0.000
1.4850	396	0.000
1.4900	397	0.000
1.4950	398	0.000
1.5100	402	0.000
1.5100	401	0.000
1.5110	402	0.000
1.5150	407	0.000
1.5200	414	0.000
1.5250	426	0.000
1.5300	442	0.000
1.5350	463	0.000
1.5400	485	0.000
1.5450	506	0.000
1.5530	529	0.000
1.5550	535	0.000
1.5600	544	0.000
1.5650	552	0.000
1.5700	557	0.000
1.5750	560	0.000
1.5800	564	0.000
1.5850	566	0.000
1.5900	566	0.000
1.5950	566	0.000
1.6090	537	0.000
1.6090	538	0.000
1.6100	533	0.000
1.6150	508	0.000
1.6200	486	0.000
1.6250	464	0.000
1.6300	445	0.000
1.6350	439	0.000
1.6400	432	0.000
1.6450	427	0.000
1.6530	423	0.000
1.6550	421	0.000
1.6600	420	0.000
1.6650	418	0.000
1.6700	417	0.000
1.6750	419	0.000
1.6800	424	0.000
1.6850	433	0.000
1.6900	449	0.000
1.6950	471	0.000
1.7090	515	3.361
1.7090	518	3.380
1.7100	519	3.482
1.7150	529	3.398
1.7200	534	3.504
1.7250	539	3.447
1.7300	546	3.375
1.7350	549	3.529
1.7400	549	3.335
1.7450	544	3.366
1.7530	521	3.460
1.7550	509	3.320
1.7600	479	3.390
1.7650	453	3.253
1.7700	436	3.274
1.7750	423	3.337
1.7800	415	3.473
1.7850	411	3.541
1.7900	408	3.501
1.7950	406	3.321
1.8090	404	2.941
1.8090	404	2.941
1.8100	404	2.941
1.8150	408	2.941
1.8200	416	2.941
1.8250	437	2.941
1.8300	468	2.941
1.8350	498	2.941
1.8400	521	2.941
1.8450	540	2.941
1.8530	559	2.941
1.8550	560	2.941
1.8600	570	2.941
1.8650	573	2.941
1.8700	576	2.941
1.8750	574	2.941
1.8800	565	2.941
1.8850	539	2.941
1.8900	506	2.941
1.8950	478	2.941
1.9130	432	3.636
1.9130	432	3.636
1.9130	431	3.636
1.9150	430	3.636
1.9200	425	3.636
1.9250	422	3.636
1.9300	419	3.636
1.9350	418	3.636
1.9400	422	3.636
1.9450	438	3.636
1.9530	470	3.636
1.9550	477	3.636
1.9600	497	3.636
1.9650	511	3.636
1.9700	520	3.636
1.9750	522	3.636
1.9800	527	3.636
1.9850	532	3.636
1.9900	532	3.636
1.9950	527	3.636
2.0090	463	3.984
2.0090	459	3.984
2.0100	456	3.984
2.0150	433	3.984
2.0200	418	3.984
2.0250	409	3.984
2.0300	403	3.984
2.0350	400	3.984
2.0400	397	3.984
2.0450	396	3.984
2.0530	395	3.984
2.0550	397	3.984
2.0600	401	3.984
2.0650	412	3.984
2.0700	435	3.984
2.0750	464	3.984
2.0800	493	3.984
2.0850	509	3.984
2.0900	526	3.984
2.0950	535	3.984
2.1090	547	4.082
2.1090	548	4.082
2.1100	549	4.082
2.1150	549	4.082
2.1200	543	4.082
2.1250	528	4.082
2.1300	501	4.082
2.1350	472	4.082
2.1400	452	4.082
2.1450	439	4.082
2.1530	427	4.082
2.1550	425	4.082
2.1600	423	4.082
2.1650	419	4.082
2.1700	418	4.082
2.1750	417	4.082
2.1800	418	4.082
2.1850	424	4.082
2.1900	439	4.082
2.1950	460	4.082
2.2090	507	4.167
2.2090	510	4.167
2.2100	513	4.167
2.2150	522	4.167
2.2200	524	4.167
2.2250	530	4.167
2.2300	539	4.167
2.2350	542	4.167
2.2400	540	4.167
2.2450	527	4.167
2.2530	485	4.167
2.2550	473	4.167
2.2600	448	4.167
2.2650	429	4.167
2.2700	416	4.167
2.2750	409	4.167
2.2800	406	4.167
2.2850	403	4.167
2.2900	401	4.167
2.2950	401	4.167
2.3100	415	4.098
2.3110	417	4.098
2.3110	418	4.098
2.3150	434	4.098
2.3200	462	4.098
2.3250	493	4.098
2.3300	517	4.098
2.3350	533	4.098
2.3400	545	4.098
2.3450	554	4.098
2.3530	562	4.098
2.3550	564	4.098
2.3600	567	4.098
2.3650	564	4.098
2.3700	549	4.098
2.3750	520	4.098
2.3800	490	4.098
2.3850	463	4.098
2.3900	447	4.098
2.3950	438	4.098
2.4090	425	4.000
2.4090	425	4.000
2.4100	424	4.000
2.4150	422	4.000
2.4200	423	4.000
2.4250	421	4.000
2.4300	430	4.000
2.4350	447	4.000
2.4400	463	4.000
2.4450	487	4.000
2.4530	514	4.000
2.4550	521	4.000
2.4600	530	4.000
2.4650	531	4.000
2.4700	541	4.000
2.4750	547	4.000
2.4800	545	4.000
2.4850	539	4.000
2.4900	521	4.000
2.4950	490	4.000
2.5090	425	4.237
2.5090	425	4.237
2.5100	422	4.237
2.5150	413	4.237
2.5200	408	4.237
2.5250	406	4.237
2.5300	405	4.237
2.5350	403	4.237
2.5400	402	4.237
2.5450	405	4.237
2.5530	423	4.237
2.5550	436	4.237
2.5600	466	4.237
2.5650	497	4.237
2.5700	519	4.237
2.5750	536	4.237
2.5800	548	4.237
2.5850	549	4.237
2.5900	559	4.237
2.5950	564	4.237
2.6090	536	4.167
2.6090	535	4.167
2.6100	527	4.167
2.6150	495	4.167
2.6200	465	4.167
2.6250	449	4.167
2.6300	437	4.167
2.6350	430	4.167
2.6400	425	4.167
2.6450	421	4.167
2.6530	418	4.167
2.6550	417	4.167
2.6600	418	4.167
2.6650	424	4.167
2.6700	441	4.167
2.6750	461	4.167
2.6800	484	4.167
2.6850	501	4.167
2.6900	513	4.167
2.6950	518	4.167
2.7110	539	4.167
2.7110	538	4.167
2.7110	537	4.167
2.7150	533	4.167
2.7200	527	4.167
2.7250	507	4.167
2.7300	478	4.167
2.7350	447	4.167
2.7400	427	4.167
2.7450	416	4.167
2.7530	404	4.167
2.7550	403	4.167
2.7600	399	4.167
2.7650	398	4.167
2.7700	400	4.167
2.7750	397	4.167
2.7800	402	4.167
2.7850	416	4.167
2.7900	438	4.167
2.7950	468	4.167
2.8090	528	4.525
2.8090	523	4.525
2.8100	530	4.525
2.8150	539	4.525
2.8200	547	4.525
2.8250	552	4.525
2.8300	555	4.525
2.8350	553	4.525
2.8400	544	4.525
2.8450	521	4.525
2.8530	475	4.525
2.8550	465	4.525
2.8600	447	4.525
2.8650	437	4.525
2.8700	430	4.525
2.8750	422	4.525
2.8800	422	4.525
2.8850	418	4.525
2.8900	420	4.525
2.8950	418	4.525
2.9090	448	4.292
2.9090	452	4.292
2.9100	456	4.292
2.9150	478	4.292
2.9200	500	4.292
2.9250	510	4.292
2.9300	527	4.292
2.9350	529	4.292
2.9400	535	4.292
2.9450	541	4.292
2.9530	540	4.292
2.9550	542	4.292
2.9600	530	4.292
2.9650	508	4.292
2.9700	475	4.292
2.9750	446	4.292
2.9800	432	4.292
2.9850	420	4.292
2.9900	412	4.292
2.9950	407	4.292
3.0090	400	4.167
3.0090	402	4.167
3.0100	401	4.167
3.0150	403	4.167
3.0200	407	4.167
3.0250	419	4.167
3.0300	444	4.167
3.0350	474	4.167
3.0400	503	4.167
3.0450	522	4.167
3.0530	544	4.167
3.0550	548	4.167
3.0600	555	4.167
3.0650	559	4.167
3.0700	562	4.167
3.0750	561	4.167
3.0800	552	4.167
3.0850	528	4.167
3.0900	497	4.167
3.0950	469	4.167
3.1100	429	4.132
3.1100	429	4.132
3.1100	428	4.132
3.1150	424	4.132
3.1200	421	4.132
3.1250	417	4.132
3.1300	414	4.132
3.1350	416	4.132
3.1400	419	4.132
3.1450	430	4.132
3.1530	461	4.132
3.1550	471	4.132
3.1600	488	4.132
3.1650	501	4.132
3.1700	513	4.132
3.1750	520	4.132
3.1800	525	4.132
3.1850	533	4.132
3.1900	533	4.132
3.1950	526	4.132
3.2090	473	4.167
3.2090	473	4.167
3.2100	468	4.167
3.2150	443	4.167
3.2200	425	4.167
3.2250	412	4.167
3.2300	407	4.167
3.2350	401	4.167
3.2400	399	4.167
3.2450	397	4.167
3.2530	395	4.167
3.2550	397	4.167
3.2600	398	4.167
3.2650	408	4.167
3.2700	423	4.167
3.2750	448	4.167
3.2800	478	4.167
3.2850	503	4.167
3.2900	519	4.167
3.2950	530	4.167
3.3090	549	4.082
3.3090	550	4.082
3.3100	552	4.082
3.3150	555	4.082
3.3200	555	4.082
3.3250	546	4.082
3.3300	525	4.082
3.3350	495	4.082
3.3400	468	4.082
3.3450	449	4.082
3.3530	432	4.082
3.3550	429	4.082
3.3600	424	4.082
3.3650	419	4.082
3.3700	417	4.082
3.3750	415	4.082
3.3800	415	4.082
3.3850	417	4.082
3.3900	422	4.082
3.3950	435	4.082
3.4090	487	4.082
3.4090	487	4.082
3.4100	489	4.082
3.4150	507	4.082
3.4200	516	4.082
3.4250	521	4.082
3.4300	528	4.082
3.4350	535	4.082
3.4400	538	4.082
3.4450	535	4.082
3.4530	522	4.082
3.4550	512	4.082
3.4600	485	4.082
3.4650	458	4.082
3.4700	437	4.082
3.4750	422	4.082
3.4800	412	4.082
3.4850	405	4.082
3.4900	402	4.082
3.4950	400	4.082
3.5110	398	3.906
3.5110	398	3.906
3.5110	399	3.906
3.5150	400	3.906
3.5200	406	3.906
3.5250	419	3.906
3.5300	441	3.906
3.5350	469	3.906
3.5400	496	3.906
3.5450	515	3.906
3.5530	535	3.906
3.5550	539	3.906
3.5600	546	3.906
3.5650	551	3.906
3.5700	554	3.906
3.5750	555	3.906
3.5800	554	3.906
3.5850	546	3.906
3.5900	528	3.906
3.5950	500	3.906
3.6090	441	3.922
3.6090	441	3.922
3.6100	438	3.922
3.6150	429	3.922
3.6200	424	3.922
3.6250	420	3.922
3.6300	416	3.922
3.6350	413	3.922
3.6400	411	3.922
3.6450	410	3.922
3.6530	412	3.922
3.6550	416	3.922
3.6600	427	3.922
3.6650	443	3.922
3.6700	465	3.922
3.6750	481	3.922
3.6800	493	3.922
3.6850	504	3.922
3.6900	511	3.922
3.6950	516	3.922
3.7090	528	3.690
3.7090	528	3.690
3.7100	529	3.690
3.7150	529	3.690
3.7200	524	3.690
3.7250	514	3.690
3.7300	494	3.690
3.7350	470	3.690
3.7400	445	3.690
3.7450	429	3.690
3.7530	410	3.690
3.7550	408	3.690
3.7600	402	3.690
3.7650	400	3.690
3.7700	399	3.690
3.7750	396	3.690
3.7800	395	3.690
3.7850	394	3.690
3.7900	394	3.690
3.7950	397	3.690
3.8090	424	3.704
3.8090	426	3.704
3.8100	431	3.704
3.8150	454	3.704
3.8200	480	3.704
3.8250	502	3.704
3.8300	517	3.704
3.8350	530	3.704
3.8400	538	3.704
3.8450	544	3.704
3.8530	550	3.704
3.8550	552	3.704
3.8600	555	3.704
3.8650	553	3.704
3.8700	552	3.704
3.8750	542	3.704
3.8800	524	3.704
3.8850	499	3.704
3.8900	475	3.704
3.8950	454	3.704
3.9090	425	3.559
3.9090	426	3.559
3.9100	425	3.559
3.9150	420	3.559
3.9200	418	3.559
3.9250	415	3.559
3.9300	414	3.559
3.9350	412	3.559
3.9400	411	3.559
3.9450	411	3.559
3.9530	417	3.559
3.9550	421	3.559
3.9600	433	3.559
3.9650	449	3.559
3.9700	467	3.559
3.9750	482	3.559
3.9800	495	3.559
3.9850	506	3.559
3.9900	513	3.559
3.9950	518	3.559
4.0100	529	3.333
4.0100	530	3.333
4.0100	528	3.333
4.0150	532	3.333
4.0200	533	3.333
4.0250	528	3.333
4.0300	520	3.333
4.0350	504	3.333
4.0400	480	3.333
4.0450	457	3.333
4.0530	430	3.333
4.0550	424	3.333
4.0600	413	3.333
4.0650	406	3.333
4.0700	402	3.333
4.0750	399	3.333
4.0800	397	3.333
4.0850	395	3.333
4.0900	395	3.333
4.0950	394	3.333
4.1090	399	3.226
4.1090	399	3.226
4.1100	398	3.226
4.1150	407	3.226
4.1200	421	3.226
4.1250	440	3.226
4.1300	465	3.226
4.1350	488	3.226
4.1400	508	3.226
4.1450	522	3.226
4.1530	535	3.226
4.1550	538	3.226
4.1600	544	3.226
4.1650	549	3.226
4.1700	551	3.226
4.1750	554	3.226
4.1800	556	3.226
4.1850	552	3.226
4.1900	546	3.226
4.1950	531	3.226
4.2090	469	3.175
4.2090	468	3.175
4.2100	464	3.175
4.2150	447	3.175
4.2200	436	3.175
4.2250	427	3.175
4.2300	423	3.175
4.2350	419	3.175
4.2400	417	3.175
4.2450	414	3.175
4.2530	408	3.175
4.2550	410	3.175
4.2600	409	3.175
4.2650	408	3.175
4.2700	410	3.175
4.2750	415	3.175
4.2800	424	3.175
4.2850	438	3.175
4.2900	455	3.175
4.2950	470	3.175
4.3090	500	3.135
4.3090	500	3.135
4.3100	503	3.135
4.3150	510	3.135
4.3200	513	3.135
4.3250	516	3.135
4.3300	521	3.135
4.3350	525	3.135
4.3400	529	3.135
4.3450	527	3.135
4.3530	521	3.135
4.3550	518	3.135
4.3600	503	3.135
4.3650	482	3.135
4.3700	460	3.135
4.3750	441	3.135
4.3800	426	3.135
4.3850	415	3.135
4.3900	407	3.135
4.3950	401	3.135
4.4100	394	3.077
4.4110	395	3.077
4.4110	394	3.077
4.4150	394	3.077
4.4200	392	3.077
4.4250	391	3.077
4.4300	392	3.077
4.4350	392	3.077
4.4400	395	3.077
4.4450	403	3.077
4.4530	421	3.077
4.4550	430	3.077
4.4600	452	3.077
4.4650	475	3.077
4.4700	494	3.077
4.4750	509	3.077
4.4800	519	3.077
4.4850	527	3.077
4.4900	533	3.077
4.4950	537	3.077
4.5090	545	2.985
4.5090	546	2.985
4.5100	546	2.985
4.5150	546	2.985
4.5200	545	2.985
4.5250	542	2.985
4.5300	532	2.985
4.5350	516	2.985
4.5400	496	2.985
4.5450	473	2.985
4.5530	446	2.985
4.5550	441	2.985
4.5600	431	2.985
4.5650	424	2.985
4.5700	418	2.985
4.5750	416	2.985
4.5800	413	2.985
4.5850	410	2.985
4.5900	408	2.985
4.5950	407	2.985
4.6090	404	2.976
4.6090	403	2.976
4.6100	405	2.976
4.6150	406	2.976
4.6200	410	2.976
4.6250	417	2.976
4.6300	429	2.976
4.6350	445	2.976
4.6400	458	2.976
4.6450	470	2.976
4.6530	487	2.976
4.6550	492	2.976
4.6600	499	2.976
4.6650	505	2.976
4.6700	508	2.976
4.6750	511	2.976
4.6800	513	2.976
4.6850	517	2.976
4.6900	521	2.976
4.6950	524	2.976
4.7090	515	2.907
4.7090	517	2.907
4.7100	515	2.907
4.7150	506	2.907
4.7200	491	2.907
4.7250	471	2.907
4.7300	453	2.907
4.7350	436	2.907
4.7400	424	2.907
4.7450	414	2.907
4.7530	402	2.907
4.7550	401	2.907
4.7600	397	2.907
4.7650	394	2.907
4.7700	393	2.907
4.7750	391	2.907
4.7800	391	2.907
4.7850	389	2.907
4.7900	389	2.907
4.7950	389	2.907
4.8110	394	2.817
4.8110	394	2.817
4.8110	394	2.817
4.8150	398	2.817
4.8200	406	2.817
4.8250	418	2.817
4.8300	433	2.817
4.8350	452	2.817
4.8400	473	2.817
4.8450	492	2.817
4.8530	512	2.817
4.8550	517	2.817
4.8600	526	2.817
4.8650	532	2.817
4.8700	537	2.817
4.8750	541	2.817
4.8800	544	2.817
4.8850	546	2.817
4.8900	550	2.817
4.8950	550	2.817
4.9090	546	2.667
4.9090	547	2.667
4.9100	545	2.667
4.9150	541	2.667
4.9200	528	2.667
4.9250	514	2.667
4.9300	495	2.667
4.9350	476	2.667
4.9400	458	2.667
4.9450	444	2.667
4.9530	430	2.667
4.9550	428	2.667
4.9600	422	2.667
4.9650	419	2.667
4.9700	416	2.667
4.9750	414	2.667
4.9800	412	2.667
4.9850	410	2.667
4.9900	408	2.667
4.9950	407	2.667
5.0090	405	2.584
5.0090	406	2.584
5.0100	406	2.584
5.0150	407	2.584
5.0200	410	2.584
5.0250	415	2.584
5.0300	423	2.584
5.0350	435	2.584
5.0400	447	2.584
5.0450	461	2.584
5.0530	477	2.584
5.0550	483	2.584
5.0600	492	2.584
5.0650	501	2.584
5.0700	508	2.584
5.0750	512	2.584
5.0800	514	2.584
5.0850	516	2.584
5.0900	519	2.584
5.0950	524	2.584
5.1090	529	2.500
5.1090	530	2.500
5.1100	529	2.500
5.1150	527	2.500
5.1200	523	2.500
5.1250	517	2.500
5.1300	507	2.500
5.1350	490	2.500
5.1400	472	2.500
5.1450	455	2.500
5.1530	431	2.500
5.1550	428	2.500
5.1600	417	2.500
5.1650	410	2.500
5.1700	404	2.500
5.1750	401	2.500
5.1800	398	2.500
5.1850	396	2.500
5.1900	395	2.500
5.1950	394	2.500
5.2110	391	2.410
5.2110	392	2.410
5.2110	391	2.410
5.2150	392	2.410
5.2200	392	2.410
5.2250	393	2.410
5.2300	395	2.410
5.2350	401	2.410
5.2400	408	2.410
5.2450	419	2.410
5.2530	444	2.410
5.2550	455	2.410
5.2600	474	2.410
5.2650	494	2.410
5.2700	509	2.410
5.2750	521	2.410
5.2800	529	2.410
5.2850	536	2.410
5.2900	543	2.410
5.2950	547	2.410
5.3090	555	2.381
5.3090	555	2.381
5.3100	554	2.381
5.3150	557	2.381
5.3200	557	2.381
5.3250	555	2.381
5.3300	553	2.381
5.3350	548	2.381
5.3400	537	2.381
5.3450	521	2.381
5.3530	492	2.381
5.3550	482	2.381
5.3600	462	2.381
5.3650	449	2.381
5.3700	439	2.381
5.3750	431	2.381
5.3800	425	2.381
5.3850	421	2.381
5.3900	417	2.381
5.3950	416	2.381
5.4090	410	2.381
5.4090	412	2.381
5.4100	411	2.381
5.4150	411	2.381
5.4200	409	2.381
5.4250	409	2.381
5.4300	410	2.381
5.4350	412	2.381
5.4400	416	2.381
5.4450	424	2.381
5.4530	442	2.381
5.4550	450	2.381
5.4600	465	2.381
5.4650	478	2.381
5.4700	488	2.381
5.4750	498	2.381
5.4800	506	2.381
5.4850	512	2.381
5.4900	516	2.381
5.4950	518	2.381
5.5090	527	2.427
5.5090	529	2.427
5.5100	530	2.427
5.5150	532	2.427
5.5200	531	2.427
5.5250	528	2.427
5.5300	523	2.427
5.5350	514	2.427
5.5400	497	2.427
5.5450	476	2.427
5.5530	446	2.427
5.5550	440	2.427
5.5600	427	2.427
5.5650	416	2.427
5.5700	410	2.427
5.5750	405	2.427
5.5800	401	2.427
5.5850	399	2.427
5.5900	399	2.427
5.5950	397	2.427
5.6110	393	2.421
5.6110	392	2.421
5.6120	394	2.421
5.6150	395	2.421
5.6200	395	2.421
5.6250	396	2.421
5.6300	402	2.421
5.6350	409	2.421
5.6400	423	2.421
5.6450	439	2.421
5.6530	472	2.421
5.6550	482	2.421
5.6600	502	2.421
5.6650	517	2.421
5.6700	528	2.421
5.6750	535	2.421
5.6800	543	2.421
5.6850	547	2.421
5.6900	551	2.421
5.6950	554	2.421
5.7090	558	2.532
5.7100	558	2.532
5.7100	561	2.532
5.7150	557	2.532
5.7200	554	2.532
5.7250	545	2.532
5.7300	529	2.532
5.7350	510	2.532
5.7400	488	2.532
5.7450	469	2.532
5.7530	446	2.532
5.7550	441	2.532
5.7600	433	2.532
5.7650	427	2.532
5.7700	423	2.532
5.7750	419	2.532
5.7800	418	2.532
5.7850	416	2.532
5.7900	413	2.532
5.7950	411	2.532
5.8090	409	2.597
5.8090	409	2.597
5.8100	410	2.597
5.8150	409	2.597
5.8200	413	2.597
5.8250	420	2.597
5.8300	428	2.597
5.8350	439	2.597
5.8400	456	2.597
5.8450	471	2.597
5.8530	486	2.597
5.8550	494	2.597
5.8600	502	2.597
5.8650	510	2.597
5.8700	515	2.597
5.8750	517	2.597
5.8800	520	2.597
5.8850	523	2.597
5.8900	527	2.597
5.8950	531	2.597
5.9090	526	2.577
5.9090	526	2.577
5.9100	525	2.577
5.9150	516	2.577
5.9200	500	2.577
5.9250	477	2.577
5.9300	456	2.577
5.9350	437	2.577
5.9400	424	2.577
5.9450	415	2.577
5.9530	404	2.577
5.9550	402	2.577
5.9600	399	2.577
5.9650	398	2.577
5.9700	396	2.577
5.9750	395	2.577
5.9800	395	2.577
5.9850	396	2.577
5.9900	399	2.577
5.9950	408	2.577
6.0090	470	2.653
6.0090	472	2.653
6.0100	476	2.653
6.0150	498	2.653
6.0200	514	2.653
6.0250	526	2.653
6.0300	533	2.653
6.0350	538	2.653
6.0400	541	2.653
6.0450	543	2.653
6.0530	531	2.653
6.0550	521	2.653
6.0600	494	2.653
6.0650	465	2.653
6.0700	443	2.653
6.0750	430	2.653
6.0800	422	2.653
6.0850	417	2.653
6.0900	412	2.653
6.0950	409	2.653
6.1120	426	3.125
6.1130	428	3.125
6.1130	428	3.125
6.1150	437	3.125
6.1200	457	3.125
6.1250	474	3.125
6.1300	490	3.125
6.1350	498	3.125
6.1400	505	3.125
6.1450	513	3.125
6.1530	518	3.125
6.1550	516	3.125
6.1600	511	3.125
6.1650	490	3.125
6.1700	465	3.125
6.1750	437	3.125
6.1800	422	3.125
6.1850	409	3.125
6.1900	402	3.125
6.1950	396	3.125
6.2090	394	4.167
6.2090	392	4.167
6.2100	394	4.167
6.2150	395	4.167
6.2200	400	4.167
6.2250	413	4.167
6.2300	433	4.167
6.2350	460	4.167
6.2400	483	4.167
6.2450	501	4.167
6.2530	518	4.167
6.2550	523	4.167
6.2600	530	4.167
6.2650	534	4.167
6.2700	539	4.167
6.2750	542	4.167
6.2800	544	4.167
6.2850	545	4.167
6.2900	545	4.167
6.2950	541	4.167
6.3090	529	4.444
6.3090	532	4.444
6.3100	526	4.444
6.3150	517	4.444
6.3200	503	4.444
6.3250	488	4.444
6.3300	472	4.444
6.3350	457	4.444
6.3400	444	4.444
6.3450	434	4.444
6.3530	425	4.444
6.3550	424	4.444
6.3600	417	4.444
6.3650	413	4.444
6.3700	412	4.444
6.3750	410	4.444
6.3800	407	4.444
6.3860	407	4.444
6.3900	405	4.444
6.3950	404	4.444
6.4090	401	3.774
6.4090	402	3.774
6.4100	402	3.774
6.4150	405	3.774
6.4200	401	3.774
6.4250	400	3.774
6.4300	400	3.774
6.4350	401	3.774
6.4400	402	3.774
6.4450	404	3.774
6.4530	411	3.774
6.4550	414	3.774
6.4600	421	3.774
6.4650	431	3.774
6.4700	441	3.774
6.4750	452	3.774
6.4800	462	3.774
6.4850	470	3.774
6.4900	478	3.774
6.4950	485	3.774
6.5130	505	2.778
6.5130	505	2.778
6.5130	505	2.778
6.5150	506	2.778
6.5200	509	2.778
6.5250	509	2.778
6.5300	510	2.778
6.5350	512	2.778
6.5400	515	2.778
6.5450	518	2.778
6.5530	523	2.778
6.5550	524	2.778
6.5610	524	2.778
6.5650	524	2.778
6.5700	521	2.778
6.5750	516	2.778
6.5800	512	2.778
6.5850	503	2.778
6.5900	489	2.778
6.5950	473	2.778
6.6090	433	2.353
6.6100	430	2.353
6.6100	429	2.353
6.6150	420	2.353
6.6200	412	2.353
6.6250	406	2.353
6.6300	401	2.353
6.6350	397	2.353
6.6400	396	2.353
6.6450	394	2.353
6.6530	392	2.353
6.6550	392	2.353
6.6600	391	2.353
6.6650	391	2.353
6.6700	390	2.353
6.6750	389	2.353
6.6800	390	2.353
6.6850	391	2.353
6.6900	392	2.353
6.6950	393	2.353
6.7090	412	2.353
6.7090	412	2.353
6.7100	414	2.353
6.7150	427	2.353
6.7200	441	2.353
6.7250	458	2.353
6.7300	476	2.353
6.7350	493	2.353
6.7400	506	2.353
6.7450	516	2.353
6.7530	525	2.353
6.7550	528	2.353
6.7600	533	2.353
6.7650	538	2.353
6.7700	540	2.353
6.7750	542	2.353
6.7800	545	2.353
6.7850	547	2.353
6.7900	547	2.353
6.7950	546	2.353
6.8090	536	3.292
6.8090	540	3.348
6.8100	538	3.445
6.8150	530	3.515
6.8200	519	3.278
6.8250	504	3.271
6.8300	484	3.472
6.8350	468	3.481
6.8400	451	3.320
6.8450	439	3.309
6.8530	426	3.502
6.8550	423	3.497
6.8600	418	3.330
6.8650	415	3.453
6.8700	412	3.455
6.8750	410	3.357
6.8800	408	3.302
6.8850	406	3.458
6.8900	405	3.458
6.8950	404	3.529
6.9110	402	3.327
6.9110	401	3.269
6.9120	402	3.509
6.9150	401	3.382
6.9200	404	3.338
6.9250	410	3.267
6.9300	418	3.299
6.9350	429	3.508
6.9400	442	3.477
6.9450	456	3.250
6.9530	473	3.498
6.9550	479	3.489
6.9600	487	3.274
6.9650	496	3.481
6.9700	503	3.413
6.9750	506	3.538
6.9800	509	3.404
6.9850	512	3.285
6.9900	515	3.282
6.9950	521	3.355
7.0090	522	3.312
7.0090	524	3.274
7.0100	523	3.259
7.0150	519	3.324
7.0200	513	3.523
7.0250	500	3.256
7.0300	481	3.448
7.0350	460	3.385
7.0400	443	3.362
7.0450	427	3.474
7.0530	412	3.448
7.0550	410	3.410
7.0600	404	3.541
7.0650	400	3.501
7.0700	397	3.339
7.0750	395	3.500
7.0800	394	3.503
7.0850	393	3.400
7.0900	392	3.402
7.0950	391	3.433
7.1090	392	3.549
7.1090	394	3.424
7.1100	394	3.344
7.1150	398	3.530
7.1200	406	3.451
7.1250	418	3.545
7.1300	433	3.352
7.1350	454	3.317
7.1400	475	3.352
7.1450	494	3.301
7.1530	513	3.523
7.1550	520	3.390
7.1600	527	3.420
7.1650	534	3.514
7.1700	539	3.438
7.1750	542	3.497
7.1800	545	3.527
7.1850	549	3.328
7.1900	545	3.520
7.1950	548	3.543
7.2090	532	2.410
7.2090	533	2.410
7.2100	529	2.410
7.2150	514	2.410
7.2200	496	2.410
7.2250	471	2.410
7.2300	453	2.410
7.2350	442	2.410
7.2400	432	2.410
7.2450	423	2.410
7.2530	415	2.410
7.2550	415	2.410
7.2600	412	2.410
7.2650	411	2.410
7.2700	408	2.410
7.2750	406	2.410
7.2800	404	2.410
7.2850	404	2.410
7.2900	403	2.410
7.2950	405	2.410
7.3110	435	2.532
7.3120	436	2.532
7.3120	435	2.532
7.3150	445	2.532
7.3200	461	2.532
7.3250	474	2.532
7.3300	484	2.532
7.3350	494	2.532
7.3400	501	2.532
7.3450	505	2.532
7.3530	511	2.532
7.3550	513	2.532
7.3600	518	2.532
7.3650	523	2.532
7.3700	522	2.532
7.3750	519	2.532
7.3800	515	2.532
7.3850	505	2.532
7.3900	484	2.532
7.3950	464	2.532
7.4090	416	2.778
7.4090	418	2.778
7.4100	416	2.778
7.4150	406	2.778
7.4200	400	2.778
7.4250	396	2.778
7.4300	396	2.778
7.4350	393	2.778
7.4400	392	2.778
7.4450	392	2.778
7.4530	391	2.778
7.4550	390	2.778
7.4600	396	2.778
7.4650	403	2.778
7.4700	419	2.778
7.4750	438	2.778
7.4800	464	2.778
7.4850	485	2.778
7.4900	501	2.778
7.4950	513	2.778
7.5090	531	2.899
7.5090	531	2.899
7.5100	532	2.899
7.5150	537	2.899
7.5200	539	2.899
7.5250	538	2.899
7.5300	535	2.899
7.5350	522	2.899
7.5400	502	2.899
7.5450	474	2.899
7.5530	442	2.899
7.5550	433	2.899
7.5600	423	2.899
7.5650	416	2.899
7.5700	411	2.899
7.5750	407	2.899
7.5800	405	2.899
7.5850	403	2.899
7.5900	403	2.899
7.5950	405	2.899
7.6090	448	3.096
7.6090	448	3.096
7.6100	453	3.096
7.6150	467	3.096
7.6200	480	3.096
7.6250	489	3.096
7.6300	493	3.096
7.6350	501	3.096
7.6400	508	3.096
7.6450	509	3.096
7.6530	501	3.096
7.6550	500	3.096
7.6600	478	3.096
7.6650	451	3.096
7.6700	428	3.096
7.6750	414	3.096
7.6800	404	3.096
7.6850	399	3.096
7.6900	394	3.096
7.6950	391	3.096
7.7100	390	3.704
7.7100	389	3.704
7.7100	389	3.704
7.7150	393	3.704
7.7200	401	3.704
7.7250	417	3.704
7.7300	440	3.704
7.7350	467	3.704
7.7400	488	3.704
7.7450	501	3.704
7.7530	517	3.704
7.7550	521	3.704
7.7600	526	3.704
7.7650	530	3.704
7.7700	533	3.704
7.7750	535	3.704
7.7800	533	3.704
7.7850	529	3.704
7.7900	520	3.704
7.7950	505	3.704
7.8090	446	3.922
7.8100	446	3.922
7.8100	443	3.922
7.8150	432	3.922
7.8200	422	3.922
7.8250	416	3.922
7.8300	411	3.922
7.8350	407	3.922
7.8400	405	3.922
7.8450	404	3.922
7.8530	400	3.922
7.8550	400	3.922
7.8600	399	3.922
7.8650	398	3.922
7.8700	400	3.922
7.8750	402	3.922
7.8800	405	3.922
7.8850	414	3.922
7.8900	428	3.922
7.8950	439	3.922
7.9090	471	3.906
7.9090	471	3.906
7.9100	473	3.906
7.9150	483	3.906
7.9200	489	3.906
7.9250	493	3.906
7.9300	496	3.906
7.9350	499	3.906
7.9400	502	3.906
7.9450	507	3.906
7.9530	507	3.906
7.9550	506	3.906
7.9600	503	3.906
7.9650	498	3.906
7.9700	486	3.906
7.9750	467	3.906
7.9800	449	3.906
7.9850	431	3.906
7.9900	417	3.906
7.9950	406	3.906
8.0090	391	3.226
8.0090	391	3.226
8.0100	390	3.226
8.0150	388	3.226
8.0200	387	3.226
8.0250	385	3.226
8.0300	384	3.226
8.0350	384	3.226
8.0400	384	3.226
8.0450	386	3.226
8.0530	389	3.226
8.0550	393	3.226
8.0600	403	3.226
8.0650	416	3.226
8.0700	436	3.226
8.0750	457	3.226
8.0800	477	3.226
8.0850	493	3.226
8.0900	503	3.226
8.0950	511	3.226
8.1090	524	2.899
8.1090	526	2.899
8.1100	526	2.899
8.1150	529	2.899
8.1200	531	2.899
8.1250	532	2.899
8.1300	530	2.899
8.1350	527	2.899
8.1400	517	2.899
8.1450	503	2.899
8.1530	470	2.899
8.1550	461	2.899
8.1600	442	2.899
8.1650	430	2.899
8.1700	421	2.899
8.1750	414	2.899
8.1800	409	2.899
8.1850	406	2.899
8.1900	404	2.899
8.1950	402	2.899
8.2110	397	2.890
8.2110	397	2.890
8.2110	396	2.890
8.2150	397	2.890
8.2200	397	2.890
8.2250	401	2.890
8.2300	408	2.890
8.2350	419	2.890
8.2400	433	2.890
8.2450	446	2.890
8.2530	462	2.890
8.2550	466	2.890
8.2600	478	2.890
8.2650	483	2.890
8.2700	487	2.890
8.2750	489	2.890
8.2800	492	2.890
8.2850	496	2.890
8.2900	500	2.890
8.2950	500	2.890
8.3090	489	2.849
8.3090	492	2.849
8.3100	488	2.849
8.3150	471	2.849
8.3200	450	2.849
8.3250	433	2.849
8.3300	417	2.849
8.3350	405	2.849
8.3400	397	2.849
8.3450	391	2.849
8.3530	386	2.849
8.3550	386	2.849
8.3600	384	2.849
8.3650	384	2.849
8.3700	383	2.849
8.3750	383	2.849
8.3800	383	2.849
8.3850	385	2.849
8.3900	391	2.849
8.3950	401	2.849
8.4090	452	2.941
8.4090	454	2.941
8.4100	458	2.941
8.4150	479	2.941
8.4200	495	2.941
8.4250	504	2.941
8.4300	512	2.941
8.4350	518	2.941
8.4400	523	2.941
8.4450	526	2.941
8.4530	529	2.941
8.4550	530	2.941
8.4600	530	2.941
8.4650	528	2.941
8.4700	522	2.941
8.4750	510	2.941
8.4800	492	2.941
8.4850	471	2.941
8.4900	451	2.941
8.4950	434	2.941
8.5090	412	2.985
8.5090	412	2.985
8.5100	410	2.985
8.5150	406	2.985
8.5200	403	2.985
8.5250	401	2.985
8.5300	399	2.985
8.5350	397	2.985
8.5400	396	2.985
8.5450	395	2.985
8.5530	393	2.985
8.5550	394	2.985
8.5600	398	2.985
8.5650	406	2.985
8.5700	417	2.985
8.5750	432	2.985
8.5800	444	2.985
8.5850	454	2.985
8.5900	463	2.985
8.5950	471	2.985
8.6110	483	2.985
8.6110	484	2.985
8.6110	482	2.985
8.6150	482	2.985
8.6200	488	2.985
8.6250	492	2.985
8.6300	492	2.985
8.6350	489	2.985
8.6400	485	2.985
8.6450	481	2.985
8.6530	461	2.985
8.6550	452	2.985
8.6600	436	2.985
8.6650	419	2.985
8.6700	405	2.985
8.6750	397	2.985
8.6800	390	2.985
8.6850	385	2.985
8.6900	383	2.985
8.6950	380	2.985
8.7090	378	2.985
8.7090	377	2.985
8.7100	377	2.985
8.7150	376	2.985
8.7200	377	2.985
8.7250	378	2.985
8.7300	380	2.985
8.7350	385	2.985
8.7400	394	2.985
8.7450	407	2.985
8.7530	434	2.985
8.7550	446	2.985
8.7600	466	2.985
8.7650	479	2.985
8.7700	491	2.985
8.7750	501	2.985
8.7800	505	2.985
8.7850	511	2.985
8.7900	515	2.985
8.7950	517	2.985
8.8090	516	2.857
8.8090	515	2.857
8.8100	515	2.857
8.8150	511	2.857
8.8200	504	2.857
8.8250	486	2.857
8.8300	463	2.857
8.8350	443	2.857
8.8400	425	2.857
8.8450	416	2.857
8.8530	404	2.857
8.8550	401	2.857
8.8600	398	2.857
8.8650	396	2.857
8.8700	393	2.857
8.8750	392	2.857
8.8800	389	2.857
8.8850	389	2.857
8.8900	388	2.857
8.8950	390	2.857
8.9090	416	2.899
8.9090	417	2.899
8.9100	420	2.899
8.9150	434	2.899
8.9200	446	2.899
8.9250	457	2.899
8.9300	466	2.899
8.9350	470	2.899
8.9400	475	2.899
8.9450	478	2.899
8.9530	484	2.899
8.9550	485	2.899
8.9600	487	2.899
8.9650	484	2.899
8.9700	480	2.899
8.9750	469	2.899
8.9800	451	2.899
8.9850	430	2.899
8.9900	413	2.899
8.9950	401	2.899
9.0110	382	3.077
9.0120	382	3.077
9.0120	382	3.077
9.0150	379	3.077
9.0200	378	3.077
9.0250	377	3.077
9.0300	376	3.077
9.0350	376	3.077
9.0400	376	3.077
9.0450	379	3.077
9.0530	391	3.077
9.0550	399	3.077
9.0600	416	3.077
9.0650	440	3.077
9.0700	462	3.077
9.0750	478	3.077
9.0800	490	3.077
9.0850	499	3.077
9.0900	506	3.077
9.0950	511	3.077
9.1090	516	3.226
9.1090	516	3.226
9.1100	518	3.226
9.1150	512	3.226
9.1200	492	3.226
9.1250	473	3.226
9.1300	449	3.226
9.1350	431	3.226
9.1400	419	3.226
9.1450	410	3.226
9.1530	404	3.226
9.1550	403	3.226
9.1600	400	3.226
9.1650	398	3.226
9.1700	394	3.226
9.1750	393	3.226
9.1800	393	3.226
9.1850	394	3.226
9.1900	401	3.226
9.1950	414	3.226
9.2090	449	3.390
9.2090	449	3.390
9.2100	451	3.390
9.2150	461	3.390
9.2200	468	3.390
9.2250	469	3.390
9.2300	473	3.390
9.2350	477	3.390
9.2400	482	3.390
9.2450	482	3.390
9.2530	476	3.390
9.2550	476	3.390
9.2600	470	3.390
9.2650	455	3.390
9.2700	437	3.390
9.2750	419	3.390
9.2800	405	3.390
9.2850	394	3.390
9.2900	387	3.390
9.2950	382	3.390
9.3090	376	3.448
9.3090	377	3.448
9.3100	376	3.448
9.3150	375	3.448
9.3200	375	3.448
9.3250	374	3.448
9.3300	376	3.448
9.3350	378	3.448
9.3400	383	3.448
9.3450	391	3.448
9.3530	412	3.448
9.3550	420	3.448
9.3600	441	3.448
9.3650	466	3.448
9.3700	478	3.448
9.3750	487	3.448
9.3800	496	3.448
9.3850	503	3.448
9.3900	509	3.448
9.3950	513	3.448
9.4120	516	3.390
9.4120	514	3.390
9.4120	513	3.390
9.4150	512	3.390
9.4200	503	3.390
9.4250	492	3.390
9.4300	476	3.390
9.4350	455	3.390
9.4400	436	3.390
9.4450	423	3.390
9.4530	409	3.390
9.4550	405	3.390
9.4600	401	3.390
9.4650	397	3.390
9.4700	396	3.390
9.4750	391	3.390
9.4800	388	3.390
9.4850	385	3.390
9.4900	385	3.390
9.4950	384	3.390
9.5090	392	3.226
9.5090	393	3.226
9.5100	394	3.226
9.5150	405	3.226
9.5200	419	3.226
9.5250	430	3.226
9.5300	438	3.226
9.5350	448	3.226
9.5400	455	3.226
9.5450	460	3.226
9.5530	463	3.226
9.5550	464	3.226
9.5600	468	3.226
9.5650	471	3.226
9.5700	472	3.226
9.5750	470	3.226
9.5800	467	3.226
9.5850	460	3.226
9.5900	446	3.226
9.5950	428	3.226
9.6090	390	3.125
9.6090	391	3.125
9.6100	388	3.125
9.6150	381	3.125
9.6200	376	3.125
9.6250	374	3.125
9.6300	372	3.125
9.6350	370	3.125
9.6400	370	3.125
9.6450	369	3.125
9.6530	370	3.125
9.6550	373	3.125
9.6600	376	3.125
9.6650	383	3.125
9.6700	397	3.125
9.6750	416	3.125
9.6800	440	3.125
9.6850	461	3.125
9.6900	477	3.125
9.6950	488	3.125
9.7090	507	3.125
9.7090	508	3.125
9.7100	509	3.125
9.7150	513	3.125
9.7200	517	3.125
9.7250	518	3.125
9.7300	516	3.125
9.7350	511	3.125
9.7400	501	3.125
9.7450	483	3.125
9.7530	449	3.125
9.7550	441	3.125
9.7600	427	3.125
9.7650	418	3.125
9.7700	410	3.125
9.7750	405	3.125
9.7800	401	3.125
9.7850	399	3.125
9.7900	396	3.125
9.7950	393	3.125
9.8090	389	3.195
9.8100	388	3.195
9.8100	389	3.195
9.8150	389	3.195
9.8200	393	3.195
9.8250	399	3.195
9.8300	410	3.195
9.8350	422	3.195
9.8400	433	3.195
9.8450	442	3.195
9.8530	452	3.195
9.8550	453	3.195
9.8600	456	3.195
9.8650	458	3.195
9.8700	459	3.195
9.8750	462	3.195
9.8800	464	3.195
9.8850	465	3.195
9.8900	462	3.195
9.8950	458	3.195
9.9090	425	3.195
9.9100	424	3.195
9.9100	423	3.195
9.9150	407	3.195
9.9200	394	3.195
9.9250	384	3.195
9.9300	378	3.195
9.9350	373	3.195
9.9400	371	3.195
9.9450	370	3.195
9.9530	368	3.195
9.9550	369	3.195
9.9600	369	3.195
9.9650	370	3.195
9.9700	373	3.195
9.9750	378	3.195
9.9800	387	3.195
9.9850	403	3.195
9.9900	426	3.195
9.9950	450	3.195
10.0090	493	3.226
10.0090	492	3.226
10.0100	495	3.226
10.0150	505	3.226
10.0200	509	3.226
10.0250	515	3.226
10.0300	519	3.226
10.0350	519	3.226
10.0400	517	3.226
10.0450	514	3.226
10.0530	493	3.226
10.0550	483	3.226
10.0600	461	3.226
10.0650	441	3.226
10.0700	426	3.226
10.0750	415	3.226
10.0800	409	3.226
10.0850	407	3.226
10.0900	401	3.226
10.0950	399	3.226
10.1090	392	3.226
10.1090	392	3.226
10.1100	392	3.226
10.1150	391	3.226
10.1200	389	3.226
10.1250	393	3.226
10.1300	398	3.226
10.1350	408	3.226
10.1400	419	3.226
10.1450	430	3.226
10.1530	442	3.226
10.1550	444	3.226
10.1600	452	3.226
10.1650	454	3.226
10.1700	457	3.226
10.1750	457	3.226
10.1800	458	3.226
10.1850	461	3.226
10.1900	461	3.226
10.1950	460	3.226
10.2090	450	3.311
10.2090	450	3.311
10.2100	447	3.311
10.2150	436	3.311
10.2200	422	3.311
10.2250	406	3.311
10.2300	393	3.311
10.2350	384	3.311
10.2400	377	3.311
10.2450	373	3.311
10.2530	369	3.311
10.2550	370	3.311
10.2600	369	3.311
10.2650	369	3.311
10.2700	369	3.311
10.2750	368	3.311
10.2800	368	3.311
10.2850	370	3.311
10.2900	372	3.311
10.2950	375	3.311
10.3100	408	3.268
10.3100	408	3.268
10.3110	408	3.268
10.3150	425	3.268
10.3200	449	3.268
10.3250	464	3.268
10.3300	480	3.268
10.3350	490	3.268
10.3400	499	3.268
10.3450	504	3.268
10.3530	509	3.268
10.3550	512	3.268
10.3600	515	3.268
10.3650	516	3.268
10.3700	516	3.268
10.3750	514	3.268
10.3800	508	3.268
10.3850	497	3.268
10.3900	480	3.268
10.3950	458	3.268
10.4090	418	3.077
10.4090	416	3.077
10.4100	414	3.077
10.4150	408	3.077
10.4200	403	3.077
10.4250	399	3.077
10.4300	396	3.077
10.4350	393	3.077
10.4400	390	3.077
10.4450	387	3.077
10.4530	382	3.077
10.4550	383	3.077
10.4600	382	3.077
10.4650	383	3.077
10.4700	386	3.077
10.4750	394	3.077
10.4800	406	3.077
10.4850	416	3.077
10.4900	424	3.077
10.4950	431	3.077
10.5090	441	2.907
10.5090	441	2.907
10.5100	443	2.907
10.5150	443	2.907
10.5200	443	2.907
10.5250	445	2.907
10.5300	446	2.907
10.5350	447	2.907
10.5400	443	2.907
10.5450	440	2.907
10.5530	428	2.907
10.5550	421	2.907
10.5600	407	2.907
10.5650	393	2.907
10.5700	382	2.907
10.5750	375	2.907
10.5800	369	2.907
10.5850	366	2.907
10.5900	366	2.907
10.5950	365	2.907
10.6090	365	3.030
10.6090	364	3.030
10.6100	365	3.030
10.6150	367	3.030
10.6200	367	3.030
10.6250	369	3.030
10.6300	374	3.030
10.6350	381	3.030
10.6400	393	3.030
10.6450	410	3.030
10.6530	444	3.030
10.6550	453	3.030
10.6600	469	3.030
10.6650	480	3.030
10.6700	492	3.030
10.6750	498	3.030
10.6800	503	3.030
10.6850	506	3.030
10.6900	509	3.030
10.6950	510	3.030
10.7110	499	3.003
10.7110	497	3.003
10.7110	498	3.003
10.7150	486	3.003
10.7200	465	3.003
10.7250	443	3.003
10.7300	426	3.003
10.7350	413	3.003
10.7400	404	3.003
10.7450	398	3.003
10.7530	392	3.003
10.7550	392	3.003
10.7600	388	3.003
10.7650	448	3.003
10.7700	382	3.003
10.7750	381	3.003
10.7800	383	3.003
10.7850	389	3.003
10.7900	401	3.003
10.7950	413	3.003
10.8090	434	4.444
10.8090	434	4.444
10.8100	435	4.444
10.8150	437	4.444
10.8200	438	4.444
10.8250	440	4.444
10.8300	442	4.444
10.8350	441	4.444
10.8400	439	4.444
10.8450	434	4.444
10.8530	415	4.444
10.8550	407	4.444
10.8600	390	4.444
10.8650	382	4.444
10.8700	372	4.444
10.8750	370	4.444
10.8800	365	4.444
10.8850	368	4.444
10.8900	367	4.444
10.8950	369	4.444
10.9090	372	3.376
10.9090	373	3.384
10.9100	375	3.503
10.9150	377	3.313
10.9200	380	3.337
10.9250	386	3.469
10.9300	406	3.270
10.9350	418	3.438
10.9400	435	3.517
10.9450	457	3.283
10.9530	482	3.547
10.9550	489	3.366
10.9600	496	3.481
10.9650	502	3.539
10.9700	506	3.550
10.9750	511	3.301
10.9800	514	3.373
10.9850	517	3.527
10.9900	520	3.349
10.9950	519	3.264
11.0090	523	3.425
11.0090	522	3.425
11.0100	523	3.425
11.0150	525	3.425
11.0200	526	3.425
11.0250	526	3.425
11.0300	526	3.425
11.0350	528	3.425
11.0400	531	3.425
11.0450	534	3.425
11.0530	535	3.425
11.0550	536	3.425
11.0600	536	3.425
11.0650	538	3.425
11.0700	538	3.425
11.0750	537	3.425
11.0800	536	3.425
11.0850	535	3.425
11.0900	534	3.425
11.0950	533	3.425
11.1110	522	3.449
11.1110	522	3.515
11.1120	522	3.305
11.1150	516	3.312
11.1200	508	3.464
11.1250	497	3.443
11.1300	484	3.529
11.1350	471	3.269
11.1400	457	3.347
11.1450	443	3.482
11.1530	427	3.516
11.1550	423	3.540
11.1600	418	3.438
11.1650	412	3.486
11.1700	408	3.430
11.1750	404	3.435
11.1800	401	3.485
11.1850	399	3.519
11.1900	397	3.463
11.1950	395	3.290
11.2090	390	3.375
11.2090	390	3.435
11.2100	390	3.371
11.2150	389	3.546
11.2200	386	3.369
11.2250	384	3.483
11.2300	383	3.404
11.2350	383	3.307
11.2400	382	3.479
11.2450	385	3.390
11.2530	390	3.421
11.2550	394	3.451
11.2600	401	3.514
11.2650	409	3.353
11.2700	417	3.452
11.2750	423	3.462
11.2800	428	3.512
11.2850	432	3.491
11.2900	436	3.455
11.2950	438	3.458
11.3090	440	3.468
11.3090	441	3.465
11.3100	441	3.528
11.3150	440	3.317
11.3200	440	3.334
11.3250	441	3.382
11.3300	442	3.382
11.3350	442	3.461
11.3400	443	3.413
11.3450	441	3.510
11.3530	438	3.284
11.3550	437	3.282
11.3600	433	3.316
11.3650	427	3.470
11.3700	416	3.471
11.3750	405	3.542
11.3800	394	3.393
11.3850	386	3.460
11.3900	378	3.302
11.3950	373	3.303
11.4090	364	3.362
11.4090	365	3.321
11.4100	364	3.525
11.4150	365	3.270
11.4200	364	3.514
11.4250	364	3.498
11.4300	364	3.532
11.4350	365	3.422
11.4400	365	3.376
11.4450	366	3.497
11.4530	367	3.266
11.4550	368	3.340
11.4600	371	3.313
11.4650	376	3.275
11.4700	382	3.503
11.4750	393	3.359
11.4800	403	3.519
11.4850	420	3.426
11.4900	440	3.438
11.4950	458	3.409
11.5110	492	3.529
11.5110	492	3.445
11.5120	492	3.419
11.5150	497	3.380
11.5200	503	3.443
11.5250	506	3.293
11.5300	508	3.419
11.5350	511	3.251
11.5400	511	3.345
11.5450	508	3.349
11.5530	508	3.528
11.5550	507	3.394
11.5600	503	3.371
11.5650	490	3.450
11.5700	476	3.463
11.5750	458	3.344
11.5800	437	3.423
11.5850	420	3.449
11.5900	413	3.529
11.5950	404	3.363
11.6090	392	3.496
11.6090	391	3.430
11.6100	390	3.273
11.6150	388	3.352
11.6200	384	3.260
11.6250	381	3.267
11.6300	377	3.534
11.6350	374	3.418
11.6400	373	3.499
11.6450	373	3.480
11.6530	381	3.255
11.6550	386	3.272
11.6600	396	3.292
11.6650	406	3.445
11.6700	412	3.509
11.6750	419	3.468
11.6800	421	3.401
11.6850	421	3.305
11.6900	421	3.358
11.6950	422	3.489
11.7090	424	3.494
11.7090	424	3.459
11.7100	424	3.384
11.7150	421	3.345
11.7200	413	3.357
11.7250	400	3.549
11.7300	387	3.279
11.7350	375	3.521
11.7400	367	3.258
11.7450	363	3.443
11.7530	360	3.275
11.7550	362	3.261
11.7600	363	3.369
11.7650	362	3.414
11.7700	364	3.447
11.7750	367	3.366
11.7800	375	3.544
11.7850	385	3.537
11.7900	403	3.478
11.7950	426	3.502
11.8090	480	3.547
11.8090	481	3.312
11.8100	484	3.284
11.8150	494	3.368
11.8200	501	3.423
11.8250	505	3.342
11.8300	509	3.272
11.8350	513	3.394
11.8400	516	3.467
11.8450	256	3.263
11.8530	502	3.308
11.8550	495	3.447
11.8600	476	3.488
11.8650	453	3.422
11.8700	436	3.502
11.8750	423	3.453
11.8800	414	3.419
11.8850	407	3.544
11.8900	401	3.500
11.8950	397	3.515
11.9100	386	3.321
11.9110	385	3.306
11.9110	384	3.428
11.9150	381	3.250
11.9200	378	3.303
11.9250	380	3.399
11.9300	379	3.350
11.9350	382	3.257
11.9400	390	3.297
11.9450	401	3.398
11.9530	414	3.370
11.9550	415	3.264
11.9600	419	3.468
11.9650	421	3.413
11.9700	421	3.465
11.9750	423	3.346
11.9800	422	3.459
11.9850	421	3.299
11.9900	419	3.369
11.9950	417	3.436
12.0090	412	3.257
12.0100	414	3.390
12.0100	413	3.506
12.0150	412	3.376
12.0200	412	3.541
12.0250	407	3.338
12.0300	407	3.529
12.0350	409	3.462
12.0400	412	3.419
12.0450	411	3.475
12.0530	409	3.517
12.0550	412	3.429
12.0600	409	3.408
12.0650	407	3.377
12.0700	407	3.520
12.0750	408	3.275
12.0800	403	3.340
12.0850	404	3.483
12.0900	404	3.447
12.0950	404	3.520
12.1090	403	3.490
12.1090	402	3.379
12.1100	402	3.469
12.1150	401	3.425
12.1200	401	3.279
12.1250	402	3.338
12.1300	400	3.381
12.1350	401	3.340
12.1400	402	3.354
12.1450	399	3.445
12.1530	400	3.268
12.1550	400	3.529
12.1600	401	3.545
12.1650	402	3.491
12.1700	402	3.303
12.1750	401	3.293
12.1800	401	3.400
12.1850	400	3.443
12.1900	398	3.416
12.1950	400	3.362
12.2090	401	3.325
12.2090	402	3.486
12.2100	399	3.356
12.2150	401	3.263
12.2200	399	3.520
12.2250	399	3.483
12.2300	398	3.401
12.2350	401	3.367
12.2400	399	3.277
12.2450	400	3.320
12.2530	397	3.259
12.2550	398	3.415
12.2600	396	3.497
12.2650	398	3.461
12.2700	400	3.459
12.2750	400	3.410
12.2800	400	3.364
12.2850	400	3.379
12.2900	401	3.459
12.2950	399	3.388
12.3090	401	3.125
12.3090	400	3.125
12.3100	403	3.125
12.3150	404	3.125
12.3200	403	3.125
12.3250	403	3.125
12.3300	403	3.125
12.3350	405	3.125
12.3400	406	3.125
12.3450	406	3.125
12.3530	404	3.125
12.3550	405	3.125
12.3600	405	3.125
12.3650	406	3.125
12.3700	406	3.125
12.3750	406	3.125
12.3800	404	3.125
12.3850	404	3.125
12.3900	405	3.125
12.3950	406	3.125
12.4100	406	3.125
12.4100	406	3.125
12.4100	405	3.125
12.4150	408	3.125
12.4200	404	3.125
12.4250	406	3.125
12.4300	404	3.125
12.4350	406	3.125
12.4400	406	3.125
12.4450	405	3.125
12.4530	405	3.125
12.4550	404	3.125
12.4600	404	3.125
12.4650	403	3.125
12.4700	404	3.125
12.4750	405	3.125
12.4800	403	3.125
12.4850	401	3.125
12.4900	402	3.125
12.4950	402	3.125
12.5090	400	3.125
12.5090	401	3.125
12.5100	399	3.125
12.5150	400	3.125
12.5200	398	3.125
12.5250	397	3.125
12.5300	394	3.125
12.5350	394	3.125
12.5400	392	3.125
12.5450	389	3.125
12.5530	385	3.125
12.5550	383	3.125
12.5600	380	3.125
12.5650	380	3.125
12.5700	376	3.125
12.5750	375	3.125
12.5800	373	3.125
12.5850	372	3.125
12.5900	366	3.125
12.5950	363	3.125
12.6090	357	3.412
12.6090	357	3.316
12.6100	357	3.443
12.6150	355	3.494
12.6200	352	3.543
12.6250	351	3.455
12.6300	347	3.332
12.6350	347	3.262
12.6400	347	3.490
12.6450	345	3.383
12.6530	342	3.484
12.6550	340	3.440
12.6600	341	3.395
12.6650	340	3.392
12.6700	338	3.462
12.6750	338	3.301
12.6800	338	3.529
12.6850	338	3.530
12.6900	338	3.383
12.6950	338	3.490
12.7090	336	3.522
12.7090	337	3.275
12.7100	335	3.349
12.7150	336	3.339
12.7200	337	3.354
12.7250	336	3.541
12.7300	338	3.542
12.7350	337	3.298
12.7400	338	3.537
12.7450	337	3.313
12.7530	337	3.512
12.7550	337	3.264
12.7600	336	3.256
12.7650	337	3.401
12.7700	338	3.449
12.7750	339	3.512
12.7800	340	3.277
12.7850	341	3.530
12.7900	343	3.371
12.7950	347	3.460
12.8110	367	3.378
12.8110	368	3.386
12.8120	368	3.251
12.8150	373	3.458
12.8200	383	3.270
12.8250	393	3.544
12.8300	402	3.395
12.8350	410	3.414
12.8400	416	3.491
12.8450	419	3.492
12.8530	422	3.460
12.8550	423	3.430
12.8600	426	3.312
12.8650	425	3.289
12.8700	426	3.312
12.8750	430	3.462
12.8800	428	3.507
12.8850	429	3.514
12.8900	432	3.462
12.8950	432	3.472
12.9090	431	3.395
12.9090	431	3.450
12.9100	431	3.467
12.9150	428	3.357
12.9200	419	3.478
12.9250	410	3.487
12.9300	397	3.380
12.9350	385	3.330
12.9400	377	3.332
12.9450	368	3.524
12.9530	358	3.492
12.9550	360	3.290
12.9600	357	3.332
12.9650	353	3.428
12.9700	351	3.474
12.9750	350	3.305
12.9800	348	3.275
12.9850	345	3.392
12.9900	343	3.458
12.9950	340	3.368
13.0090	350	3.541
13.0090	352	3.251
13.0100	354	3.256
13.0150	364	3.440
13.0200	370	3.485
13.0250	377	3.314
13.0300	383	3.317
13.0350	384	3.294
13.0400	386	3.276
13.0450	387	3.438
13.0530	392	3.549
13.0550	395	3.542
13.0600	396	3.394
13.0650	397	3.437
13.0700	396	3.404
13.0750	390	3.308
13.0800	380	3.513
13.0850	366	3.394
13.0900	361	3.253
13.0950	355	3.525
13.1090	358	3.329
13.1090	357	3.438
13.1100	357	3.259
13.1150	359	3.489
13.1200	365	3.454
13.1250	366	3.525
13.1300	371	3.462
13.1350	373	3.441
13.1400	379	3.402
13.1450	395	3.459
13.1530	425	3.463
13.1550	434	3.349
13.1600	458	3.405
13.1650	476	3.502
13.1700	483	3.522
13.1750	492	3.513
13.1800	502	3.494
13.1850	505	3.362
13.1900	503	3.395
13.1950	507	3.468
13.2120	505	3.125
13.2120	507	3.125
13.2120	506	3.125
13.2150	499	3.125
13.2200	479	3.125
13.2250	457	3.125
13.2300	437	3.125
13.2350	419	3.125
13.2400	404	3.125
13.2450	393	3.125
13.2530	384	3.125
13.2550	381	3.125
13.2600	376	3.125
13.2650	372	3.125
13.2700	365	3.125
13.2750	363	3.125
13.2800	359	3.125
13.2850	356	3.125
13.2900	357	3.125
13.2950	360	3.125
13.3090	380	3.145
13.3090	380	3.145
13.3100	382	3.145
13.3150	387	3.145
13.3200	392	3.145
13.3250	394	3.145
13.3300	389	3.145
13.3350	392	3.145
13.3400	397	3.145
13.3450	397	3.145
13.3530	402	3.145
13.3550	402	3.145
13.3600	402	3.145
13.3650	399	3.145
13.3700	389	3.145
13.3750	375	3.145
13.3800	369	3.145
13.3850	355	3.145
13.3900	356	3.145
13.3950	354	3.145
13.4090	353	3.281
13.4090	352	3.461
13.4100	354	3.310
13.4150	355	3.338
13.4200	357	3.429
13.4250	358	3.271
13.4300	362	3.420
13.4350	369	3.385
13.4400	382	3.352
13.4450	399	3.488
13.4530	431	3.324
13.4550	444	3.465
13.4600	456	3.535
13.4650	466	3.547
13.4700	471	3.251
13.4750	474	3.437
13.4800	477	3.308
13.4850	481	3.399
13.4900	480	3.523
13.4950	471	3.472
13.5090	424	3.386
13.5090	424	3.399
13.5100	418	3.298
13.5150	399	3.315
13.5200	385	3.347
13.5250	377	3.369
13.5300	371	3.372
13.5350	366	3.427
13.5400	361	3.410
13.5450	357	3.401
13.5530	351	3.278
13.5550	351	3.537
13.5600	353	3.538
13.5650	359	3.492
13.5700	370	3.392
13.5750	380	3.346
13.5800	386	3.401
13.5850	387	3.411
13.5900	391	3.545
13.5950	395	3.446
13.6110	407	3.385
13.6120	406	3.455
13.6120	404	3.514
13.6150	407	3.401
13.6200	400	3.341
13.6250	385	3.363
13.6300	371	3.307
13.6350	368	3.382
13.6400	364	3.447
13.6450	360	3.397
13.6530	360	3.258
13.6550	362	3.463
13.6600	363	3.251
13.6650	364	3.401
13.6700	367	3.310
13.6750	371	3.457
13.6800	385	3.335
13.6850	408	3.410
13.6900	436	3.345
13.6950	456	3.440
13.7090	481	3.361
13.7090	480	3.292
13.7100	482	3.288
13.7150	485	3.261
13.7200	487	3.287
13.7250	487	3.299
13.7300	481	3.364
13.7350	467	3.349
13.7400	443	3.474
13.7450	416	3.340
13.7530	389	3.455
13.7550	382	3.533
13.7600	372	3.274
13.7650	365	3.436
13.7700	357	3.273
13.7750	351	3.498
13.7800	350	3.522
13.7850	342	3.538
13.7900	342	3.431
13.7950	347	3.350
13.8090	369	3.466
13.8090	368	3.353
13.8100	372	3.334
13.8150	375	3.296
13.8200	377	3.409
13.8250	377	3.529
13.8300	384	3.408
13.8350	389	3.320
13.8400	389	3.472
13.8450	389	3.258
13.8530	376	3.307
13.8550	369	3.257
13.8600	359	3.344
13.8650	351	3.319
13.8700	346	3.377
13.8750	346	3.408
13.8800	349	3.334
13.8850	350	3.260
13.8900	352	3.281
13.8950	354	3.258
13.9090	387	3.356
13.9090	388	3.413
13.9100	393	3.295
13.9150	418	3.443
13.9200	437	3.323
13.9250	447	3.338
13.9300	453	3.353
13.9350	457	3.469
13.9400	459	3.446
13.9450	458	3.509
13.9530	449	3.478
13.9550	442	3.359
13.9600	419	3.416
13.9650	396	3.540
13.9700	378	3.535
13.9750	367	3.464
13.9800	358	3.479
13.9850	350	3.441
13.9900	345	3.482
13.9950	341	3.435
14.0100	343	3.357
14.0110	343	3.308
14.0110	343	3.271
14.0150	353	3.472
14.0200	357	3.507
14.0250	363	3.439
14.0300	372	3.304
14.0350	375	3.490
14.0400	380	3.405
14.0450	386	3.526
14.0530	389	3.369
14.0550	389	3.267
14.0600	382	3.403
14.0650	369	3.497
14.0700	358	3.399
14.0750	350	3.532
14.0800	346	3.335
14.0850	348	3.251
14.0900	350	3.391
14.0950	350	3.520
14.1090	361	3.425
14.1090	362	3.520
14.1100	364	3.339
14.1150	376	3.303
14.1200	398	3.303
14.1250	422	3.514
14.1300	435	3.300
14.1350	443	3.487
14.1400	447	3.267
14.1450	449	3.397
14.1530	450	3.466
14.1550	449	3.262
14.1600	440	3.327
14.1650	421	3.356
14.1700	396	3.365
14.1750	377	3.443
14.1800	363	3.410
14.1850	354	3.329
14.1900	347	3.348
14.1950	340	3.537
14.2090	330	2.381
14.2090	330	2.381
14.2100	330	2.381
14.2150	332	2.381
14.2200	339	2.381
14.2250	348	2.381
14.2300	354	2.381
14.2350	360	2.381
14.2400	364	2.381
14.2450	367	2.381
14.2530	373	2.381
14.2550	377	2.381
14.2600	379	2.381
14.2650	378	2.381
14.2700	368	2.381
14.2750	355	2.381
14.2800	349	2.381
14.2850	344	2.381
14.2900	342	2.381
14.2950	342	2.381
14.3090	344	2.353
14.3090	346	2.353
14.3100	347	2.353
14.3150	352	2.353
14.3200	361	2.353
14.3250	380	2.353
14.3300	400	2.353
14.3350	416	2.353
14.3400	424	2.353
14.3450	432	2.353
14.3530	431	2.353
14.3550	433	2.353
14.3600	432	2.353
14.3650	427	2.353
14.3700	414	2.353
14.3750	392	2.353
14.3800	373	2.353
14.3850	355	2.353
14.3900	347	2.353
14.3950	340	2.353
28.9710	512	0.000
29.0290	514	3.769
29.0330	513	3.823
29.0330	512	3.649
29.0330	513	3.713
29.0330	513	3.726
29.0330	512	3.656
29.0330	513	3.556
29.0330	513	3.612
29.0330	512	3.732
29.0340	513	3.505
29.0340	513	3.755
29.0340	514	3.471
29.0360	513	3.561
29.0410	513	3.666
29.0460	513	3.493
29.0510	512	3.817
29.0560	513	3.646
29.0610	513	3.815
29.0660	513	3.749
29.0800	487	3.471
29.0800	484	3.589
29.0810	484	3.758
29.0860	471	3.563
29.0910	461	3.478
29.0960	451	3.628
29.1010	442	3.706
29.1060	433	3.519
29.1110	427	3.719
29.1160	422	3.815
29.1230	416	3.590
29.1260	415	3.759
29.1310	412	3.590
29.1360	411	3.532
29.1410	410	3.800
29.1460	409	3.632
29.1510	407	3.705
29.1560	406	3.788
29.1610	406	3.828
29.1660	405	3.763
29.1790	403	3.451
29.1800	403	3.836
29.1810	403	3.484
29.1860	402	3.746
29.1910	402	3.511
29.1960	403	3.688
29.2010	405	3.589
29.2060	409	3.762
29.2110	415	3.691
29.2160	424	3.583
29.2230	439	3.579
29.2260	445	3.519
29.2310	457	3.569
29.2360	469	3.597
29.2410	477	3.758
29.2460	485	3.529
29.2510	493	3.687
29.2560	500	3.782
29.2610	505	3.801
29.2660	506	3.572
29.2790	508	3.822
29.2800	509	3.678
29.2810	509	3.483
29.2860	511	3.619
29.2910	514	3.832
29.2960	515	3.478
29.3010	514	3.505
29.3060	511	3.623
29.3110	506	3.558
29.3160	501	3.706
29.3230	479	3.487
29.3260	470	3.827
29.3310	452	3.546
29.3360	434	3.468
29.3410	419	3.599
29.3460	408	3.840
29.3510	402	3.639
29.3560	397	3.543
29.3610	393	3.816
29.3660	392	3.478
29.3800	387	3.835
29.3800	388	3.534
29.3810	388	3.774
29.3860	388	3.506
29.3910	389	3.655
29.3960	391	3.786
29.4010	398	3.748
29.4060	410	3.572
29.4110	426	3.653
29.4160	451	3.758
29.4240	487	3.837
29.4260	494	3.764
29.4310	505	3.615
29.4360	515	3.610
29.4410	521	3.668
29.4460	525	3.457
29.4510	528	3.667
29.4560	531	3.786
29.4610	531	3.770
29.4660	529	3.631
29.4810	490	3.533
29.4810	490	3.785
29.4810	488	3.715
29.4860	466	3.644
29.4910	445	3.496
29.4960	431	3.479
29.5010	421	3.695
29.5060	414	3.668
29.5110	411	3.568
29.5160	408	3.545
29.5230	402	3.560
29.5260	402	3.738
29.5310	401	3.649
29.5360	400	3.659
29.5410	402	3.634
29.5460	408	3.835
29.5510	418	3.458
29.5560	436	3.519
29.5610	452	3.753
29.5660	469	3.641
29.5790	492	3.003
29.5800	492	3.003
29.5810	493	3.003
29.5860	495	3.003
29.5910	502	3.003
29.5960	503	3.003
29.6010	501	3.003
29.6060	500	3.003
29.6110	491	3.003
29.6160	470	3.003
29.6230	437	3.003
29.6260	429	3.003
29.6310	414	3.003
29.6360	404	3.003
29.6410	396	3.003
29.6460	394	3.003
29.6510	390	3.003
29.6560	386	3.003
29.6610	385	3.003
29.6660	385	3.003
29.6790	397	3.509
29.6800	397	3.509
29.6810	400	3.509
29.6860	416	3.509
29.6910	439	3.509
29.6960	467	3.509
29.7010	486	3.509
29.7060	495	3.509
29.7110	508	3.509
29.7160	512	3.509
29.7230	520	3.509
29.7260	522	3.509
29.7310	524	3.509
29.7360	522	3.509
29.7410	516	3.509
29.7460	499	3.509
29.7510	475	3.509
29.7560	450	3.509
29.7610	432	3.509
29.7660	421	3.509
29.7790	406	3.774
29.7800	406	3.774
29.7810	405	3.774
29.7860	400	3.774
29.7910	398	3.774
29.7960	398	3.774
29.8010	399	3.774
29.8060	401	3.774
29.8110	410	3.774
29.8160	427	3.774
29.8230	453	3.774
29.8260	462	3.774
29.8310	472	3.774
29.8360	484	3.774
29.8450	489	3.774
29.8460	491	3.774
29.8510	496	3.774
29.8560	500	3.774
29.8610	497	3.774
29.8660	493	3.774
29.8710	466	3.774
29.8820	435	3.745
29.8820	434	3.745
29.8860	418	3.745
29.8910	407	3.745
29.8960	396	3.745
29.9010	391	3.745
29.9060	388	3.745
29.9110	387	3.745
29.9160	385	3.745
29.9230	386	3.745
29.9260	385	3.745
29.9310	388	3.745
29.9380	403	3.745
29.9410	415	3.745
29.9460	436	3.745
29.9510	462	3.745
29.9560	481	3.745
29.9610	493	3.745
29.9660	504	3.745
29.9790	517	3.922
29.9800	517	3.922
29.9810	521	3.922
29.9860	520	3.922
29.9910	520	3.922
29.9960	506	3.922
30.0010	482	3.922
30.0060	451	3.922
30.0110	433	3.922
30.0160	419	3.922
30.0230	409	3.922
30.0260	408	3.922
30.0310	401	3.922
30.0360	401	3.922
30.0410	397	3.922
30.0480	397	3.922
30.0510	398	3.922
30.0560	402	3.922
30.0610	415	3.922
30.0660	432	3.922
30.0800	474	4.115
30.0800	476	4.115
30.0810	477	4.115
30.0860	484	4.115
30.0910	487	4.115
30.0960	491	4.115
30.1010	496	4.115
30.1060	495	4.115
30.1110	492	4.115
30.1160	483	4.115
30.1230	448	4.115
30.1260	437	4.115
30.1310	418	4.115
30.1360	404	4.115
30.1410	396	4.115
30.1460	390	4.115
30.1510	387	4.115
30.1560	385	4.115
30.1610	385	4.115
30.1660	385	4.115
30.1800	399	4.082
30.1800	400	4.082
30.1810	402	4.082
30.1860	421	4.082
30.1910	446	4.082
30.1960	470	4.082
30.2010	488	4.082
30.2060	498	4.082
30.2110	505	4.082
30.2170	512	4.082
30.2240	515	4.082
30.2260	517	4.082
30.2310	516	4.082
30.2360	507	4.082
30.2410	488	4.082
30.2460	462	4.082
30.2510	439	4.082
30.2560	423	4.082
30.2610	413	4.082
30.2660	407	4.082
30.2820	397	4.167
30.2830	397	4.167
30.2830	398	4.167
30.2860	396	4.167
30.2910	396	4.167
30.2960	398	4.167
30.3010	407	4.167
30.3060	423	4.167
30.3110	441	4.167
30.3160	457	4.167
30.3230	475	4.167
30.3270	479	4.167
30.3310	483	4.167
30.3360	485	4.167
30.3410	491	4.167
30.3460	493	4.167
30.3510	488	4.167
30.3560	484	4.167
30.3610	469	4.167
30.3660	446	4.167
30.3790	399	4.329
30.3800	400	4.329
30.3810	396	4.329
30.3860	391	4.329
30.3910	388	4.329
30.3960	386	4.329
30.4010	383	4.329
30.4060	383	4.329
30.4110	382	4.329
30.4160	384	4.329
30.4230	396	4.329
30.4260	404	4.329
30.4310	426	4.329
30.4360	451	4.329
30.4410	473	4.329
30.4460	486	4.329
30.4510	498	4.329
30.4560	505	4.329
30.4610	506	4.329
30.4660	510	4.329
30.4790	504	4.082
30.4800	505	4.082
30.4810	500	4.082
30.4860	480	4.082
30.4910	454	4.082
30.4960	433	4.082
30.5010	419	4.082
30.5060	410	4.082
30.5110	404	4.082
30.5160	400	4.082
30.5230	395	4.082
30.5260	394	4.082
30.5310	392	4.082
30.5360	393	4.082
30.5410	395	4.082
30.5460	404	4.082
30.5510	419	4.082
30.5560	436	4.082
30.5610	450	4.082
30.5660	464	4.082
30.5790	478	4.000
30.5800	479	4.000
30.5810	479	4.000
30.5860	484	4.000
30.5910	486	4.000
30.5960	486	4.000
30.6010	482	4.000
30.6060	469	4.000
30.6110	446	4.000
30.6160	424	4.000
30.6230	401	4.000
30.6260	397	4.000
30.6310	389	4.000
30.6360	385	4.000
30.6410	383	4.000
30.6460	380	4.000
30.6510	380	4.000
30.6560	380	4.000
30.6610	382	4.000
30.6660	386	4.000
30.6830	454	4.082
30.6830	455	4.082
30.6830	455	4.082
30.6860	464	4.082
30.6910	480	4.082
30.6960	492	4.082
30.7010	499	4.082
30.7060	504	4.082
30.7110	509	4.082
30.7160	510	4.082
30.7230	506	4.082
30.7260	501	4.082
30.7310	484	4.082
30.7360	460	4.082
30.7410	436	4.082
30.7460	421	4.082
30.7510	410	4.082
30.7560	404	4.082
30.7610	399	4.082
30.7660	396	4.082
30.7790	391	4.000
30.7800	392	4.000
30.7810	392	4.000
30.7860	393	4.000
30.7910	399	4.000
30.7960	412	4.000
30.8010	430	4.000
30.8060	447	4.000
30.8110	458	4.000
30.8160	467	4.000
30.8230	475	4.000
30.8260	478	4.000
30.8310	482	4.000
30.8360	487	4.000
30.8410	485	4.000
30.8460	484	4.000
30.8510	474	4.000
30.8560	454	4.000
30.8610	431	4.000
30.8660	412	4.000
30.8790	386	4.082
30.8800	387	4.082
30.8810	386	4.082
30.8860	384	4.082
30.8910	382	4.082
30.8960	381	4.082
30.9010	380	4.082
30.9060	380	4.082
30.9110	382	4.082
30.9160	390	4.082
30.9230	416	4.082
30.9260	429	4.082
30.9310	452	4.082
30.9360	472	4.082
30.9410	481	4.082
30.9460	492	4.082
30.9510	498	4.082
30.9560	502	4.082
30.9610	504	4.082
30.9660	503	4.082
30.9790	478	3.953
30.9800	478	3.953
30.9810	471	3.953
30.9860	447	3.953
30.9910	426	3.953
30.9960	413	3.953
31.0010	404	3.953
31.0060	399	3.953
31.0110	396	3.953
31.0160	393	3.953
31.0230	388	3.953
31.0260	389	3.953
31.0310	388	3.953
31.0360	390	3.953
31.0410	397	3.953
31.0460	412	3.953
31.0510	429	3.953
31.0560	444	3.953
31.0610	456	3.953
31.0660	465	3.953
31.0810	476	4.000
31.0810	476	4.000
31.0820	476	4.000
31.0860	479	4.000
31.0910	478	4.000
31.0960	475	4.000
31.1010	464	4.000
31.1060	444	4.000
31.1110	422	4.000
31.1160	404	4.000
31.1230	389	4.000
31.1260	386	4.000
31.1310	383	4.000
31.1360	380	4.000
31.1410	378	4.000
31.1460	377	4.000
31.1510	376	4.000
31.1560	376	4.000
31.1610	380	4.000
31.1660	389	4.000
31.1810	452	4.082
31.1810	454	4.082
31.1820	454	4.082
31.1860	467	4.082
31.1910	477	4.082
31.1960	485	4.082
31.2010	490	4.082
31.2060	494	4.082
31.2110	496	4.082
31.2160	496	4.082
31.2230	487	4.082
31.2260	480	4.082
31.2310	460	4.082
31.2360	437	4.082
31.2410	419	4.082
31.2460	407	4.082
31.2510	399	4.082
31.2560	395	4.082
31.2610	391	4.082
31.2660	386	4.082
31.2790	385	4.000
31.2800	384	4.000
31.2810	385	4.000
31.2860	388	4.000
31.2910	398	4.000
31.2960	416	4.000
31.3010	430	4.000
31.3060	444	4.000
31.3110	453	4.000
31.3160	460	4.000
31.3230	462	4.000
31.3260	466	4.000
31.3310	470	4.000
31.3360	471	4.000
31.3410	467	4.000
31.3460	459	4.000
31.3510	440	4.000
31.3560	208	4.000
31.3610	400	4.000
31.3660	388	4.000
31.3800	374	0.000
31.3800	375	0.000
31.3810	374	0.000
31.3860	373	0.000
31.3910	371	0.000
31.3960	371	0.000
31.4010	374	0.000
31.4060	379	0.000
31.4110	399	0.000
31.4160	419	0.000
31.4230	452	0.000
31.4260	456	0.000
31.4310	469	0.000
31.4360	475	0.000
31.4410	479	0.000
31.4460	481	0.000
31.4510	483	0.000
31.4560	480	0.000
31.4610	464	0.000
31.4660	440	0.000
31.4810	393	0.000
31.4820	393	0.000
31.4820	391	0.000
31.4860	390	0.000
31.4910	387	0.000
31.4960	383	0.000
31.5010	381	0.000
31.5060	381	0.000
31.5110	385	0.000
31.5160	396	0.000
31.5230	424	0.000
31.5260	430	0.000
31.5310	443	0.000
31.5360	451	0.000
31.5410	454	0.000
31.5460	460	0.000
31.5510	464	0.000
31.5560	466	0.000
31.5610	459	0.000
31.5660	439	0.000
31.5800	387	0.000
31.5800	387	0.000
31.5810	386	0.000
31.5860	380	0.000
31.5910	378	0.000
31.5960	373	0.000
31.6010	369	0.000
31.6060	369	0.000
31.6110	375	0.000
31.6160	389	0.000
31.6230	426	0.000
31.6260	438	0.000
31.6310	455	0.000
31.6360	468	0.000
31.6410	472	0.000
31.6460	477	0.000
31.6510	477	0.000
31.6560	475	0.000
31.6610	459	0.000
31.6660	431	0.000
31.6810	388	0.000
31.6810	389	0.000
31.6810	388	0.000
31.6860	386	0.000
31.6910	384	0.000
31.6960	379	0.000
31.7010	380	0.000
31.7060	388	0.000
31.7110	406	0.000
31.7160	424	0.000
31.7230	441	0.000
31.7260	444	0.000
31.7310	449	0.000
31.7360	454	0.000
31.7410	453	0.000
31.7460	449	0.000
31.7510	433	0.000
31.7560	410	0.000
31.7610	391	0.000
31.7660	380	0.000
31.7830	367	0.000
31.7830	368	0.000
31.7830	367	0.000
31.7860	367	0.000
31.7910	372	0.000
31.7960	385	0.000
31.8010	409	0.000
31.8060	434	0.000
31.8110	453	0.000
31.8160	465	0.000
31.8230	473	0.000
31.8260	475	0.000
31.8310	475	0.000
31.8360	467	0.000
31.8410	441	0.000
31.8460	415	0.000
31.8510	399	0.000
31.8560	390	0.000
31.8610	385	0.000
31.8660	381	0.000
31.8800	384	0.000
31.8800	384	0.000
31.8810	386	0.000
31.8860	403	0.000
31.8910	423	0.000
31.8960	436	0.000
31.9010	445	0.000
31.9060	447	0.000
31.9110	454	0.000
31.9160	453	0.000
31.9230	435	0.000
31.9260	423	0.000
31.9310	399	0.000
31.9360	383	0.000
31.9410	375	0.000
31.9460	371	0.000
31.9510	367	0.000
31.9560	365	0.000
31.9610	370	0.000
31.9660	380	0.000
31.9800	449	0.000
31.9800	449	0.000
31.9810	450	0.000
31.9860	460	0.000
31.9910	465	0.000
31.9960	470	0.000
32.0010	467	0.000
32.0060	452	0.000
32.0110	424	0.000
32.0160	402	0.000
32.0230	387	0.000
32.0260	384	0.000
32.0310	380	0.000
32.0360	374	0.000
32.0410	374	0.000
32.0460	386	0.000
32.0510	399	0.000
32.0560	418	0.000
32.0610	429	0.000
32.0660	438	0.000
32.0800	449	0.000
32.0800	450	0.000
32.0810	450	0.000
32.0860	443	0.000
32.0910	423	0.000
32.0960	398	0.000
32.1010	381	0.000
32.1060	372	0.000
32.1110	367	0.000
32.1160	363	0.000
32.1230	362	0.000
32.1260	364	0.000
32.1310	372	0.000
32.1360	392	0.000
32.1410	424	0.000
32.1460	446	0.000
32.1510	458	0.000
32.1560	467	0.000
32.1610	470	0.000
32.1660	471	0.000
32.1820	403	0.000
32.1820	403	0.000
32.1820	402	0.000
32.1860	392	0.000
32.1910	381	0.000
32.1960	374	0.000
32.2010	371	0.000
32.2060	369	0.000
32.2110	374	0.000
32.2160	389	0.000
32.2230	415	0.000
32.2260	422	0.000
32.2310	430	0.000
32.2360	433	0.000
32.2410	442	0.000
32.2460	440	0.000
32.2510	430	0.000
32.2560	410	0.000
32.2610	388	0.000
32.2660	374	0.000
32.2800	359	0.000
32.2800	360	0.000
32.2810	360	0.000
32.2860	359	0.000
32.2910	364	0.000
32.2960	379	0.000
32.3010	405	0.000
32.3060	430	0.000
32.3110	441	0.000
32.3160	450	0.000
32.3230	456	0.000
32.3260	457	0.000
32.3310	454	0.000
32.3360	436	0.000
32.3410	411	0.000
32.3460	394	0.000
32.3510	383	0.000
32.3560	376	0.000
32.3610	372	0.000
32.3660	368	0.000
32.3820	401	0.000
32.3820	401	0.000
32.3820	402	0.000
32.3860	412	0.000
32.3910	423	0.000
32.3960	429	0.000
32.4010	433	0.000
32.4060	436	0.000
32.4110	434	0.000
32.4160	419	0.000
32.4230	384	0.000
32.4260	377	0.000
32.4310	368	0.000
32.4360	362	0.000
32.4410	357	0.000
32.4460	357	0.000
32.4510	359	0.000
32.4560	367	0.000
32.4610	391	0.000
32.4660	417	0.000
32.4800	446	0.000
32.4800	448	0.000
32.4810	448	0.000
32.4860	450	0.000
32.4910	449	0.000
32.4960	435	0.000
32.5010	408	0.000
32.5060	390	0.000
32.5110	379	0.000
32.5160	374	0.000
32.5240	367	0.000
32.5260	366	0.000
32.5310	366	0.000
32.5360	376	0.000
32.5410	394	0.000
32.5460	409	0.000
32.5510	420	0.000
32.5560	426	0.000
32.5610	431	0.000
32.5660	433	0.000
32.5800	393	0.000
32.5800	393	0.000
32.5810	390	0.000
32.5860	371	0.000
32.5910	361	0.000
32.5960	356	0.000
32.6010	355	0.000
32.6060	353	0.000
32.6110	354	0.000
32.6160	364	0.000
32.6230	401	0.000
32.6260	414	0.000
32.6310	428	0.000
32.6360	439	0.000
32.6410	438	0.000
32.6460	440	0.000
32.6510	443	0.000
32.6560	426	0.000
32.6610	401	0.000
32.6660	383	0.000
32.6800	362	0.000
32.6800	363	0.000
32.6810	363	0.000
32.6860	360	0.000
32.6910	361	0.000
32.6960	372	0.000
32.7010	390	0.000
32.7060	405	0.000
32.7110	415	0.000
32.7160	416	0.000
32.7230	424	0.000
32.7260	423	0.000
32.7310	421	0.000
32.7360	408	0.000
32.7410	379	0.000
32.7460	363	0.000
32.7510	355	0.000
32.7560	351	0.000
32.7610	350	0.000
32.7660	348	0.000
32.7800	374	0.000
32.7800	376	0.000
32.7810	380	0.000
32.7860	404	0.000
32.7910	420	0.000
32.7960	427	0.000
32.8010	431	0.000
32.8060	436	0.000
32.8110	435	0.000
32.8160	427	0.000
32.8230	394	0.000
32.8260	385	0.000
32.8310	373	0.000
32.8360	366	0.000
32.8410	362	0.000
32.8460	358	0.000
32.8510	355	0.000
32.8560	362	0.000
32.8610	369	0.000
32.8660	385	0.000
32.8800	411	3.672
32.8800	411	3.744
32.8810	412	3.810
32.8860	415	3.552
32.8910	420	3.653
32.8960	423	3.786
32.9010	415	3.749
32.9060	395	3.716
32.9110	375	3.749
32.9160	369	3.612
32.9230	353	3.612
32.9260	351	3.698
32.9310	349	3.822
32.9360	359	3.655
32.9410	348	3.648
32.9460	347	3.638
32.9510	347	3.711
32.9560	357	3.811
32.9610	352	3.734
32.9660	355	3.677
32.9820	373	3.683
32.9820	377	3.779
32.9820	378	3.838
32.9860	393	3.478
32.9910	410	3.562
32.9960	426	3.549
33.0010	436	3.498
33.0060	448	3.473
33.0110	460	3.496
33.0160	472	3.637
33.0240	480	3.772
33.0260	484	3.502
33.0310	483	3.806
33.0360	488	3.619
33.0410	492	3.815
33.0460	494	3.823
33.0510	498	3.848
33.0560	497	3.787
33.0610	500	3.741
33.0660	498	3.630
33.0820	500	3.663
33.0830	496	3.663
33.0830	499	3.663
33.0860	499	3.663
33.0910	498	3.663
33.0960	498	3.663
33.1010	491	3.663
33.1060	487	3.663
33.1110	479	3.663
33.1160	472	3.663
33.1240	443	3.663
33.1260	432	3.663
33.1310	410	3.663
33.1360	393	3.663
33.1410	380	3.663
33.1460	371	3.663
33.1510	364	3.663
33.1560	358	3.663
33.1610	354	3.663
33.1660	351	3.663
33.1820	363	2.469
33.1820	363	2.469
33.1820	365	2.469
33.1860	368	2.469
33.1910	381	2.469
33.1960	389	2.469
33.2010	395	2.469
33.2060	398	2.469
33.2110	399	2.469
33.2160	404	2.469
33.2240	403	2.469
33.2260	402	2.469
33.2310	390	2.469
33.2360	375	2.469
33.2410	361	2.469
33.2460	350	2.469
33.2510	345	2.469
33.2560	342	2.469
33.2610	340	2.469
33.2660	342	2.469
33.2820	357	3.247
33.2820	359	3.247
33.2820	361	3.247
33.2860	370	3.247
33.2910	398	3.247
33.2960	418	3.247
33.3010	431	3.247
33.3060	440	3.247
33.3110	443	3.247
33.3160	445	3.247
33.3240	444	3.247
33.3260	442	3.247
33.3310	430	3.247
33.3360	408	3.247
33.3410	385	3.247
33.3460	370	3.247
33.3510	360	3.247
33.3560	355	3.247
33.3610	352	3.247
33.3660	349	3.247
33.3830	357	3.566
33.3830	358	3.768
33.3840	359	3.826
33.3860	364	3.553
33.3910	377	3.453
33.3960	388	3.519
33.4010	396	3.761
33.4060	400	3.533
33.4110	403	3.512
33.4160	407	3.466
33.4240	406	3.454
33.4260	402	3.645
33.4310	390	3.647
33.4360	372	3.771
33.4410	357	3.623
33.4460	348	3.847
33.4510	344	3.694
33.4560	342	3.652
33.4610	340	3.837
33.4660	339	3.804
33.4820	372	3.839
33.4820	373	3.519
33.4820	375	3.850
33.4860	389	3.728
33.4910	407	3.792
33.4960	417	3.699
33.5010	422	3.656
33.5060	424	3.782
33.5110	425	3.683
33.5160	423	3.822
33.5240	400	3.839
33.5260	395	3.618
33.5310	374	3.730
33.5360	362	3.829
33.5410	353	3.748
33.5460	349	3.518
33.5510	347	3.832
33.5560	345	3.548
33.5610	346	3.839
33.5660	353	3.678
33.5820	392	2.545
33.5820	393	2.545
33.5820	393	2.545
33.5860	398	2.545
33.5910	401	2.545
33.5960	404	2.545
33.6010	408	2.545
33.6060	402	2.545
33.6110	388	2.545
33.6160	368	2.545
33.6240	349	2.545
33.6260	346	2.545
33.6310	343	2.545
33.6360	341	2.545
33.6410	339	2.545
33.6460	341	2.545
33.6510	346	2.545
33.6560	360	2.545
33.6610	382	2.545
33.6660	404	2.545
33.6830	428	2.545
33.6830	428	2.545
33.6830	429	2.545
33.6860	427	2.545
33.6910	428	2.545
33.6960	423	2.545
33.7010	403	2.545
33.7060	383	2.545
33.7110	369	2.545
33.7160	361	2.545
33.7240	354	2.545
33.7260	352	2.545
33.7310	351	2.545
33.7360	348	2.545
33.7410	351	2.545
33.7460	360	2.545
33.7510	373	2.545
33.7560	387	2.545
33.7610	396	2.545
33.7660	403	2.545
33.7820	412	2.740
33.7820	412	2.740
33.7820	413	2.740
33.7860	408	2.740
33.7910	393	2.740
33.7960	375	2.740
33.8010	361	2.740
33.8060	352	2.740
33.8110	347	2.740
33.8160	345	2.740
33.8240	344	2.740
33.8260	343	2.740
33.8310	345	2.740
33.8360	356	2.740
33.8410	376	2.740
33.8460	397	2.740
33.8510	410	2.740
33.8560	418	2.740
33.8610	421	2.740
33.8660	425	2.740
33.8820	397	2.778
33.8820	396	2.778
33.8820	395	2.778
33.8860	382	2.778
33.8910	369	2.778
33.8960	361	2.778
33.9010	358	2.778
33.9060	355	2.778
33.9110	356	2.778
33.9160	355	2.778
33.9240	367	2.778
33.9260	376	2.778
33.9310	389	2.778
33.9360	404	2.778
33.9410	408	2.778
33.9460	412	2.778
33.9510	416	2.778
33.9560	418	2.778
33.9610	413	2.778
33.9660	401	2.778
33.9840	353	2.793
33.9840	351	2.793
33.9850	351	2.793
33.9860	351	2.793
33.9910	348	2.793
33.9960	347	2.793
34.0010	347	2.793
34.0060	351	2.793
34.0110	361	2.793
34.0160	385	2.793
34.0240	413	2.793
34.0260	417	2.793
34.0310	424	2.793
34.0360	427	2.793
34.0410	431	2.793
34.0460	431	2.793
34.0510	425	2.793
34.0560	407	2.793
34.0610	385	2.793
34.0660	373	2.793
34.0820	356	2.817
34.0820	357	2.817
34.0830	357	2.817
34.0860	353	2.817
34.0910	356	2.817
34.0960	360	2.817
34.1010	373	2.817
34.1060	389	2.817
34.1110	400	2.817
34.1160	410	2.817
34.1240	417	2.817
34.1260	419	2.817
34.1310	422	2.817
34.1360	419	2.817
34.1410	409	2.817
34.1460	388	2.817
34.1510	372	2.817
34.1560	360	2.817
34.1610	354	2.817
34.1660	351	2.817
34.1820	348	3.937
34.1820	350	3.937
34.1830	351	3.937
34.1860	356	3.937
34.1910	375	3.937
34.1960	397	3.937
34.2010	414	3.937
34.2060	419	3.937
34.2110	428	3.937
34.2160	432	3.937
34.2240	431	3.937
34.2260	429	3.937
34.2310	416	3.937
34.2360	393	3.937
34.2410	376	3.937
34.2460	369	3.937
34.2510	362	3.937
34.2560	357	3.937
34.2610	356	3.937
34.2660	356	3.937
34.2830	396	3.775
34.2840	397	3.470
34.2840	398	3.651
34.2860	405	3.681
34.2910	413	3.829
34.2960	416	3.529
34.3010	424	3.835
34.3060	431	3.502
34.3110	426	3.499
34.3160	420	3.715
34.3240	395	3.720
34.3260	390	3.554
34.3310	372	3.669
34.3360	362	3.667
34.3410	358	3.499
34.3460	357	3.613
34.3510	356	3.811
34.3560	356	3.764
34.3610	355	3.550
34.3660	357	3.832
34.3830	380	3.556
34.3840	382	3.683
34.3840	384	3.756
34.3860	390	3.615
34.3910	405	3.697
34.3960	423	3.741
34.4010	438	3.814
34.4060	439	3.618
34.4110	443	3.808
34.4160	449	3.736
34.4240	455	3.465
34.4260	456	3.817
34.4310	455	3.728
34.4360	457	3.452
34.4410	459	3.832
34.4460	457	3.685
34.4510	455	3.738
34.4560	459	3.504
34.4610	457	3.463
34.4660	453	3.810
34.4820	440	3.506
34.4820	440	3.461
34.4830	440	3.802
34.4860	432	3.622
34.4910	425	3.683
34.4960	416	3.788
34.5010	409	3.578
34.5060	402	3.579
34.5110	394	3.739
34.5160	388	3.709
34.5240	383	3.637
34.5260	384	3.555
34.5310	381	3.694
34.5360	377	3.815
34.5410	376	3.684
34.5460	374	3.597
34.5510	375	3.674
34.5560	370	3.523
34.5610	372	3.762
34.5660	371	3.481
34.5820	368	3.774
34.5830	368	3.774
34.5830	368	3.774
34.5860	368	3.774
34.5910	367	3.774
34.5960	367	3.774
34.6010	366	3.774
34.6060	367	3.774
34.6110	365	3.774
34.6160	365	3.774
34.6240	365	3.774
34.6260	364	3.774
34.6310	363	3.774
34.6360	363	3.774
34.6410	363	3.774
34.6460	361	3.774
34.6510	366	3.774
34.6560	367	3.774
34.6610	373	3.774
34.6660	379	3.774
34.6820	416	3.636
34.6820	417	3.636
34.6820	416	3.636
34.6860	422	3.636
34.6910	429	3.636
34.6960	434	3.636
34.7010	435	3.636
34.7060	438	3.636
34.7110	441	3.636
34.7160	444	3.636
34.7240	440	3.636
34.7260	438	3.636
34.7310	426	3.636
34.7360	407	3.636
34.7410	390	3.636
34.7460	378	3.636
34.7510	372	3.636
34.7560	367	3.636
34.7610	361	3.636
34.7660	359	3.636
34.7810	358	2.398
34.7820	359	2.398
34.7820	359	2.398
34.7860	360	2.398
34.7910	368	2.398
34.7960	383	2.398
34.8010	404	2.398
34.8060	426	2.398
34.8110	439	2.398
34.8160	448	2.398
34.8240	457	2.398
34.8260	458	2.398
34.8310	461	2.398
34.8360	462	2.398
34.8410	461	2.398
34.8460	454	2.398
34.8510	438	2.398
34.8560	415	2.398
34.8610	398	2.398
34.8660	388	2.398
34.8820	374	2.857
34.8820	374	2.857
34.8820	373	2.857
34.8860	372	2.857
34.8910	371	2.857
34.8960	371	2.857
34.9010	379	2.857
34.9060	390	2.857
34.9110	408	2.857
34.9160	422	2.857
34.9240	440	2.857
34.9260	442	2.857
34.9310	448	2.857
34.9360	451	2.857
34.9410	455	2.857
34.9460	456	2.857
34.9510	452	2.857
34.9560	437	2.857
34.9610	414	2.857
34.9660	395	2.857
34.9820	372	4.444
34.9830	372	4.444
34.9830	372	4.444
34.9860	369	4.444
34.9910	368	4.444
34.9960	367	4.444
35.0010	366	4.444
35.0060	372	4.444
35.0110	383	4.444
35.0160	404	4.444
35.0230	436	4.444
35.0260	447	4.444
35.0310	458	4.444
35.0360	466	4.444
35.0410	469	4.444
35.0460	471	4.444
35.0510	478	4.444
35.0560	472	4.444
35.0610	230	4.444
35.0660	443	4.444
35.0800	391	3.614
35.0800	392	3.494
35.0810	393	3.583
35.0860	386	3.802
35.0910	382	3.698
35.0960	379	3.653
35.1010	375	3.559
35.1060	375	3.526
35.1110	374	3.821
35.1160	379	3.637
35.1230	404	3.605
35.1260	408	3.504
35.1310	425	3.535
35.1360	438	3.468
35.1410	443	3.568
35.1460	452	3.548
35.1510	460	3.576
35.1560	459	3.831
35.1610	460	3.459
35.1660	454	3.680
35.1800	395	3.460
35.1800	393	3.666
35.1810	390	3.632
35.1860	382	3.512
35.1910	375	3.491
35.1960	372	3.775
35.2010	371	3.556
35.2060	371	3.735
35.2110	372	3.756
35.2160	380	3.546
35.2230	411	3.802
35.2260	426	3.701
35.2310	452	3.730
35.2360	463	3.701
35.2410	477	3.539
35.2460	484	3.783
35.2510	485	3.682
35.2560	486	3.781
35.2610	482	3.713
35.2660	464	3.498
35.2800	406	3.631
35.2800	408	3.599
35.2810	404	3.784
35.2860	396	3.495
35.2910	390	3.631
35.2960	386	3.485
35.3010	390	3.670
35.3060	393	3.829
35.3110	396	3.793
35.3160	412	3.505
35.3230	441	3.734
35.3260	450	3.528
35.3310	463	3.840
35.3360	471	3.622
35.3410	477	3.470
35.3460	481	3.700
35.3510	484	3.718
35.3560	479	3.631
35.3610	460	3.747
35.3660	434	3.472
35.3800	390	3.745
35.3800	390	3.461
35.3810	388	3.650
35.3860	384	3.553
35.3910	381	3.616
35.3960	380	3.692
35.4010	379	3.658
35.4060	382	3.796
35.4110	392	3.459
35.4160	412	3.484
35.4230	452	3.743
35.4260	463	3.630
35.4310	478	3.652
35.4360	486	3.496
35.4410	491	3.635
35.4460	493	3.713
35.4510	493	3.503
35.4560	491	3.616
35.4610	475	3.682
35.4660	448	3.757
35.4800	402	2.410
35.4800	402	2.410
35.4810	401	2.410
35.4860	395	2.410
35.4910	391	2.410
35.4960	392	2.410
35.5010	388	2.410
35.5060	392	2.410
35.5110	399	2.410
35.5160	419	2.410
35.5230	443	2.410
35.5260	452	2.410
35.5310	464	2.410
35.5360	466	2.410
35.5410	473	2.410
35.5460	482	2.410
35.5510	482	2.410
35.5560	473	2.410
35.5610	449	2.410
35.5660	422	2.410
35.5800	386	2.410
35.5800	386	2.410
35.5810	385	2.410
35.5860	382	2.410
35.5910	379	2.410
35.5960	378	2.410
35.6010	383	2.410
35.6060	396	2.410
35.6110	421	2.410
35.6160	450	2.410
35.6230	480	2.410
35.6260	485	2.410
35.6310	494	2.410
35.6360	498	2.410
35.6410	504	2.410
35.6460	502	2.410
35.6510	496	2.410
35.6560	471	2.410
35.6610	439	2.410
35.6660	417	2.410
35.6800	398	3.636
35.6800	399	3.636
35.6810	396	3.636
35.6860	393	3.636
35.6910	392	3.636
35.6960	397	3.636
35.7010	411	3.636
35.7060	431	3.636
35.7110	451	3.636
35.7160	468	3.636
35.7230	481	3.636
35.7260	485	3.636
35.7310	493	3.636
35.7360	498	3.636
35.7410	496	3.636
35.7460	482	3.636
35.7510	455	3.636
35.7560	427	3.636
35.7610	412	3.636
35.7660	399	3.636
35.7800	387	3.636
35.7800	386	3.636
35.7810	386	3.636
35.7860	385	3.636
35.7910	387	3.636
35.7960	394	3.636
35.8010	413	3.636
35.8060	441	3.636
35.8110	468	3.636
35.8160	487	3.636
35.8230	503	3.636
35.8260	508	3.636
35.8310	512	3.636
35.8360	515	3.636
35.8410	514	3.636
35.8460	505	3.636
35.8510	483	3.636
35.8560	454	3.636
35.8610	431	3.636
35.8660	417	3.636
35.8800	399	3.735
35.8800	400	3.762
35.8810	399	3.572
35.8860	397	3.517
35.8910	391	3.614
35.8960	395	3.534
35.9010	408	3.504
35.9060	419	3.662
35.9110	441	3.575
35.9160	460	3.568
35.9230	478	3.452
35.9260	481	3.807
35.9310	488	3.723
35.9360	494	3.822
35.9410	498	3.844
35.9460	497	3.677
35.9510	493	3.829
35.9560	471	3.847
35.9610	443	3.799
35.9660	421	3.480
35.9800	389	3.808
35.9800	392	3.472
35.9810	390	3.594
35.9860	384	3.505
35.9910	383	3.740
35.9960	386	3.665
36.0010	386	3.695
36.0060	393	3.749
36.0110	410	3.806
36.0160	435	3.642
36.0230	473	3.548
36.0260	483	3.795
36.0310	495	3.630
36.0360	503	3.579
36.0410	511	3.726
36.0460	516	3.681
36.0510	518	3.711
36.0560	511	3.850
36.0610	497	3.578
36.0660	469	3.593
36.0800	413	3.644
36.0800	416	3.496
36.0810	413	3.481
36.0860	408	3.650
36.0910	409	3.836
36.0960	403	3.820
36.1010	399	3.845
36.1060	398	3.778
36.1110	410	3.672
36.1160	404	3.546
36.1230	411	3.835
36.1260	417	3.646
36.1310	431	3.758
36.1360	447	3.636
36.1410	458	3.474
36.1460	470	3.820
36.1510	483	3.833
36.1560	486	3.491
36.1610	492	3.762
36.1660	500	3.732
36.1800	510	3.600
36.1800	509	3.809
36.1810	511	3.844
36.1860	512	3.769
36.1910	511	3.505
36.1960	509	3.530
36.2010	507	3.474
36.2060	517	3.848
36.2110	515	3.814
36.2160	519	3.559
36.2240	518	3.640
36.2260	517	3.642
36.2310	518	3.482
36.2360	516	3.797
36.2410	519	3.687
36.2460	520	3.469
36.2510	519	3.608
36.2560	521	3.454
36.2610	521	3.686
36.2660	521	3.768
36.2820	521	3.578
36.2820	520	3.678
36.2830	519	3.547
36.2860	520	3.790
36.2910	522	3.822
36.2960	520	3.818
36.3010	522	3.456
36.3060	524	3.600
36.3110	522	3.451
36.3160	522	3.598
36.3240	522	3.689
36.3260	521	3.614
36.3310	520	3.741
36.3360	520	3.836
36.3410	518	3.529
36.3460	517	3.775
36.3510	516	3.614
36.3560	512	3.795
36.3610	512	3.450
36.3660	510	3.575
36.3820	496	3.603
36.3830	496	3.717
36.3830	496	3.690
36.3860	492	3.715
36.3910	488	3.625
36.3960	482	3.498
36.4010	476	3.667
36.4060	467	3.687
36.4110	458	3.462
36.4160	448	3.579
36.4240	436	3.569
36.4260	431	3.757
36.4310	417	3.828
36.4360	419	3.710
36.4410	413	3.647
36.4460	412	3.808
36.4510	407	3.818
36.4560	407	3.590
36.4610	406	3.479
36.4660	405	3.841
36.4820	406	3.658
36.4830	404	3.658
36.4830	405	3.799
36.4860	407	3.588
36.4910	407	3.707
36.4960	407	3.646
36.5010	407	3.540
36.5060	410	3.487
36.5110	411	3.806
36.5160	413	3.756
36.5230	418	3.468
36.5260	423	3.813
36.5310	432	3.714
36.5360	445	3.591
36.5410	462	3.668
36.5460	479	3.647
36.5510	496	3.748
36.5560	510	3.831
36.5610	523	3.828
36.5660	531	3.592
36.5820	547	3.807
36.5820	547	3.778
36.5820	547	3.721
36.5860	550	3.496
36.5910	550	3.591
36.5960	552	3.555
36.6010	554	3.717
36.6060	553	3.510
36.6110	550	3.756
36.6160	548	3.698
36.6230	549	3.706
36.6260	548	3.782
36.6310	548	3.793
36.6360	550	3.526
36.6410	551	3.759
36.6460	553	3.763
36.6510	555	3.514
36.6560	555	3.680
36.6610	555	3.739
36.6660	556	3.845
36.6830	558	3.492
36.6840	559	3.524
36.6840	558	3.847
36.6860	558	3.598
36.6910	558	3.802
36.6960	559	3.815
36.7010	559	3.672
36.7060	558	3.766
36.7110	557	3.825
36.7160	557	3.779
36.7240	553	3.723
36.7260	551	3.827
36.7310	547	3.479
36.7360	539	3.531
36.7410	532	3.454
36.7460	521	3.790
36.7510	508	3.830
36.7560	495	3.588
36.7610	479	3.585
36.7660	466	3.557
36.7820	435	3.466
36.7820	435	3.653
36.7830	434	3.462
36.7860	430	3.664
36.7910	426	3.466
36.7960	421	3.535
36.8010	417	3.567
36.8060	417	3.611
36.8110	415	3.762
36.8160	413	3.732
36.8240	411	3.483
36.8260	412	3.577
36.8310	410	3.518
36.8360	409	3.745
36.8410	409	3.507
36.8460	407	3.775
36.8510	406	3.634
36.8560	406	3.483
36.8610	408	3.845
36.8660	406	3.505
36.8820	402	3.785
36.8820	404	3.777
36.8820	405	3.814
36.8860	404	3.660
36.8910	404	3.671
36.8960	405	3.743
36.9010	407	3.831
36.9060	408	3.809
36.9110	414	3.787
36.9160	420	3.775
36.9240	434	3.565
36.9260	437	3.705
36.9310	450	3.738
36.9360	459	3.624
36.9410	471	3.528
36.9460	480	3.476
36.9510	488	3.807
36.9560	493	3.596
36.9610	503	3.829
36.9660	508	3.808
36.9820	520	3.703
36.9820	520	3.572
36.9830	521	3.531
36.9860	521	3.756
36.9910	524	3.564
36.9960	526	3.638
37.0010	525	3.731
37.0060	529	3.818
37.0110	534	3.539
37.0160	535	3.578
37.0240	533	3.593
37.0260	533	3.800
37.0310	528	3.646
37.0360	526	3.603
37.0410	518	3.807
37.0460	505	3.626
37.0510	490	3.773
37.0560	473	3.511
37.0610	458	3.620
37.0660	442	3.767
37.0820	411	3.728
37.0820	412	3.519
37.0820	412	3.827
37.0860	408	3.627
37.0910	403	3.668
37.0960	401	3.790
37.1010	398	3.517
37.1060	396	3.646
37.1110	393	3.596
37.1160	395	3.770
37.1240	392	3.800
37.1260	394	3.686
37.1310	393	3.642
37.1360	393	3.592
37.1410	394	3.838
37.1460	392	3.661
37.1510	394	3.823
37.1560	397	3.585
37.1610	404	3.515
37.1660	413	3.834
37.1820	465	3.586
37.1820	467	3.790
37.1820	468	3.766
37.1860	481	3.596
37.1910	500	3.583
37.1960	514	3.827
37.2010	523	3.794
37.2060	529	3.768
37.2110	535	3.611
37.2160	536	3.523
37.2240	543	3.741
37.2260	542	3.467
37.2310	544	3.847
37.2360	545	3.836
37.2410	546	3.801
37.2460	540	3.559
37.2510	532	3.546
37.2560	513	3.511
37.2610	493	3.475
37.2660	470	3.689
