0.0050
0.0000	 381	 0.000 
0.0050	 386	 0.000 
0.0100	 379	 0.000 
0.0150	 384	 0.000 
0.0200	 383	 0.000 
0.0250	 381	 0.000 
0.0300	 386	 0.000 
0.0350	 380	 0.000 
0.0400	 384	 0.000 
0.0450	 383	 0.000 
0.0500	 381	 0.000 
0.0550	 385	 0.000 
0.0600	 380	 0.000 
0.0650	 384	 0.000 
0.0700	 383	 0.000 
0.0750	 381	 0.000 
0.0800	 386	 0.000 
0.0850	 380	 0.000 
0.0900	 385	 0.000 
0.0950	 383	 0.000 
0.1000	 381	 0.000 
0.1050	 386	 0.000 
0.1100	 380	 0.000 
0.1150	 384	 0.000 
0.1200	 383	 0.000 
0.1250	 381	 0.000 
0.1300	 386	 0.000 
0.1350	 380	 0.000 
0.1400	 384	 0.000 
0.1450	 382	 0.000 
0.1500	 381	 0.000 
0.1550	 386	 0.000 
0.1600	 381	 0.000 
0.1650	 384	 0.000 
0.1700	 383	 0.000 
0.1750	 381	 0.000 
0.1800	 386	 0.000 
0.1850	 380	 0.000 
0.1900	 385	 0.000 
0.1950	 383	 0.000 
0.2000	 381	 0.000 
0.2050	 386	 0.000 
0.2100	 380	 0.000 
0.2150	 384	 0.000 
0.2200	 383	 0.000 
0.2250	 381	 0.000 
0.2300	 386	 0.000 
0.2350	 380	 0.000 
0.2400	 384	 0.000 
0.2450	 383	 0.000 
0.2500	 381	 0.000 
0.2550	 386	 0.000 
0.2600	 380	 0.000 
0.2650	 384	 0.000 
0.2700	 383	 0.000 
0.2750	 381	 0.000 
0.2800	 386	 0.000 
0.2850	 380	 0.000 
0.2900	 384	 0.000 
0.2950	 383	 0.000 
0.3000	 381	 0.000 
0.3050	 386	 0.000 
0.3100	 380	 0.000 
0.3150	 385	 0.000 
0.3200	 383	 0.000 
0.3250	 380	 0.000 
0.3300	 386	 0.000 
0.3350	 380	 0.000 
0.3400	 384	 0.000 
0.3450	 383	 0.000 
0.3500	 381	 0.000 
0.3550	 386	 0.000 
0.3600	 380	 0.000 
0.3650	 384	 0.000 
0.3700	 383	 0.000 
0.3750	 381	 0.000 
0.3800	 385	 0.000 
0.3850	 380	 0.000 
0.3900	 384	 0.000 
0.3950	 383	 0.000 
0.4000	 380	 0.000 
0.4050	 386	 0.000 
0.4100	 381	 0.000 
0.4150	 384	 0.000 
0.4200	 383	 0.000 
0.4250	 381	 0.000 
0.4300	 386	 0.000 
0.4350	 380	 0.000 
0.4400	 384	 0.000 
0.4450	 383	 0.000 
0.4500	 381	 0.000 
0.4550	 386	 0.000 
0.4600	 380	 0.000 
0.4650	 384	 0.000 
0.4700	 383	 0.000 
0.4750	 381	 0.000 
0.4800	 386	 0.000 
0.4850	 380	 0.000 
0.4900	 384	 0.000 
0.4950	 383	 0.000 
0.5000	 381	 0.000 
0.5050	 386	 0.000 
0.5100	 380	 0.000 
0.5150	 384	 0.000 
0.5200	 383	 0.000 
0.5250	 381	 0.000 
0.5300	 386	 0.000 
0.5350	 381	 0.000 
0.5400	 384	 0.000 
0.5450	 383	 0.000 
0.5500	 381	 0.000 
0.5550	 386	 0.000 
0.5600	 380	 0.000 
0.5650	 384	 0.000 
0.5700	 383	 0.000 
0.5750	 380	 0.000 
0.5800	 386	 0.000 
0.5850	 380	 0.000 
0.5900	 384	 0.000 
0.5950	 383	 0.000 
0.6000	 381	 0.000 
0.6050	 386	 0.000 
0.6100	 380	 0.000 
0.6150	 384	 0.000 
0.6200	 383	 0.000 
0.6250	 380	 0.000 
0.6300	 386	 0.000 
0.6350	 380	 0.000 
0.6400	 384	 0.000 
0.6450	 383	 0.000 
0.6500	 381	 0.000 
0.6550	 386	 0.000 
0.6600	 380	 0.000 
0.6650	 384	 0.000 
0.6700	 383	 0.000 
0.6750	 381	 0.000 
0.6800	 386	 0.000 
0.6850	 380	 0.000 
0.6900	 384	 0.000 
0.6950	 383	 0.000 
0.7000	 381	 0.000 
0.7050	 386	 0.000 
0.7100	 380	 0.000 
0.7150	 384	 0.000 
0.7200	 383	 0.000 
0.7250	 381	 0.000 
0.7300	 386	 0.000 
0.7350	 380	 0.000 
0.7400	 384	 0.000 
0.7450	 383	 0.000 
0.7500	 381	 0.000 
0.7550	 386	 0.000 
0.7600	 380	 0.000 
0.7650	 384	 0.000 
0.7700	 384	 0.000 
0.7750	 381	 0.000 
0.7800	 386	 0.000 
0.7850	 380	 0.000 
0.7900	 384	 0.000 
0.7950	 383	 0.000 
0.8000	 381	 0.000 
0.8050	 386	 0.000 
0.8100	 380	 0.000 
0.8150	 384	 0.000 
0.8200	 384	 0.000 
0.8250	 381	 0.000 
0.8300	 386	 0.000 
0.8350	 381	 0.000 
0.8400	 384	 0.000 
0.8450	 383	 0.000 
0.8500	 381	 0.000 
0.8550	 386	 0.000 
0.8600	 381	 0.000 
0.8650	 384	 0.000 
0.8700	 383	 0.000 
0.8750	 381	 0.000 
0.8800	 386	 0.000 
0.8850	 380	 0.000 
0.8900	 384	 0.000 
0.8950	 383	 0.000 
0.9000	 381	 0.000 
0.9050	 386	 0.000 
0.9100	 379	 0.000 
0.9150	 384	 0.000 
0.9200	 383	 0.000 
0.9250	 381	 0.000 
0.9300	 386	 0.000 
0.9350	 381	 0.000 
0.9400	 384	 0.000 
0.9450	 383	 0.000 
0.9500	 381	 0.000 
0.9550	 386	 0.000 
0.9600	 380	 0.000 
0.9650	 384	 0.000 
0.9700	 383	 0.000 
0.9750	 381	 0.000 
0.9800	 385	 0.000 
0.9850	 380	 0.000 
0.9900	 384	 0.000 
0.9950	 383	 0.000 
1.0050	 385	 0.000 
1.0050	 386	 0.000 
1.0100	 380	 0.000 
1.0150	 384	 0.000 
1.0200	 383	 0.000 
1.0250	 381	 0.000 
1.0300	 386	 0.000 
1.0350	 381	 0.000 
1.0400	 386	 0.000 
1.0450	 386	 0.000 
1.0500	 386	 0.000 
1.0550	 396	 0.000 
1.0600	 396	 0.000 
1.0650	 411	 0.000 
1.0700	 424	 0.000 
1.0750	 439	 0.000 
1.0800	 468	 0.000 
1.0850	 475	 0.000 
1.0900	 495	 0.000 
1.0950	 498	 0.000 
1.1000	 497	 0.000 
1.1050	 512	 0.000 
1.1100	 498	 0.000 
1.1150	 509	 0.000 
1.1200	 506	 0.000 
1.1250	 498	 0.000 
1.1300	 506	 0.000 
1.1350	 481	 0.000 
1.1400	 470	 0.000 
1.1450	 444	 0.000 
1.1500	 418	 0.000 
1.1550	 413	 0.000 
1.1600	 397	 0.000 
1.1650	 398	 0.000 
1.1700	 395	 0.000 
1.1750	 389	 0.000 
1.1800	 394	 0.000 
1.1850	 384	 0.000 
1.1900	 392	 0.000 
1.1950	 399	 0.000 
1.2000	 410	 0.000 
1.2050	 443	 0.000 
1.2100	 447	 0.000 
1.2150	 468	 0.000 
1.2200	 474	 0.000 
1.2250	 473	 0.000 
1.2300	 490	 0.000 
1.2350	 482	 0.000 
1.2400	 491	 0.000 
1.2450	 481	 0.000 
1.2500	 456	 0.000 
1.2550	 435	 0.000 
1.2600	 406	 0.000 
1.2650	 399	 0.000 
1.2700	 392	 0.000 
1.2750	 387	 0.000 
1.2800	 391	 0.000 
1.2850	 384	 0.000 
1.2900	 387	 0.000 
1.2950	 391	 0.000 
1.3000	 400	 0.000 
1.3050	 432	 0.000 
1.3100	 454	 0.000 
1.3150	 483	 0.000 
1.3200	 491	 0.000 
1.3250	 491	 0.000 
1.3300	 507	 0.000 
1.3350	 492	 0.000 
1.3400	 499	 0.000 
1.3450	 488	 0.000 
1.3500	 459	 0.000 
1.3550	 439	 0.000 
1.3600	 408	 0.000 
1.3650	 403	 0.000 
1.3700	 397	 0.000 
1.3750	 388	 0.000 
1.3800	 394	 0.000 
1.3850	 383	 0.000 
1.3900	 390	 0.000 
1.3950	 397	 0.000 
1.4000	 409	 0.000 
1.4050	 445	 0.000 
1.4100	 448	 0.000 
1.4150	 469	 0.000 
1.4200	 474	 0.000 
1.4250	 473	 0.000 
1.4300	 494	 0.000 
1.4350	 481	 0.000 
1.4400	 482	 0.000 
1.4450	 460	 0.000 
1.4500	 427	 0.000 
1.4550	 412	 0.000 
1.4600	 395	 0.000 
1.4650	 393	 0.000 
1.4700	 390	 0.000 
1.4750	 386	 0.000 
1.4800	 390	 0.000 
1.4850	 385	 0.000 
1.4900	 396	 0.000 
1.4950	 415	 0.000 
1.5060	 481	 5.128 
1.5060	 485	 5.128 
1.5100	 482	 5.128 
1.5150	 499	 5.128 
1.5200	 500	 5.128 
1.5250	 497	 5.128 
1.5300	 509	 5.128 
1.5350	 486	 5.128 
1.5400	 475	 5.128 
1.5450	 443	 5.128 
1.5500	 415	 5.128 
1.5550	 410	 5.128 
1.5600	 394	 5.128 
1.5650	 396	 5.128 
1.5700	 392	 5.128 
1.5750	 386	 5.128 
1.5800	 394	 5.128 
1.5850	 392	 5.128 
1.5900	 415	 5.128 
1.5950	 439	 5.128 
1.6050	 470	 5.263 
1.6060	 475	 5.263 
1.6100	 467	 5.263 
1.6150	 481	 5.263 
1.6200	 487	 5.263 
1.6250	 482	 5.263 
1.6300	 486	 5.263 
1.6350	 453	 5.263 
1.6400	 429	 5.263 
1.6450	 408	 5.263 
1.6500	 394	 5.263 
1.6550	 395	 5.263 
1.6600	 387	 5.263 
1.6650	 388	 5.263 
1.6700	 387	 5.263 
1.6750	 385	 5.263 
1.6800	 399	 5.263 
1.6850	 412	 5.263 
1.6900	 449	 5.263 
1.6950	 476	 5.263 
1.7050	 499	 5.435 
1.7060	 500	 5.435 
1.7100	 491	 5.435 
1.7150	 503	 5.435 
1.7200	 500	 5.435 
1.7250	 484	 5.435 
1.7300	 475	 5.435 
1.7350	 433	 5.435 
1.7400	 417	 5.435 
1.7450	 405	 5.435 
1.7500	 393	 5.435 
1.7550	 398	 5.435 
1.7600	 386	 5.435 
1.7650	 389	 5.435 
1.7700	 390	 5.435 
1.7750	 392	 5.435 
1.7800	 421	 5.435 
1.7850	 433	 5.435 
1.7900	 458	 5.435 
1.7950	 468	 5.435 
1.8050	 486	 5.405 
1.8060	 488	 5.405 
1.8100	 480	 5.405 
1.8150	 489	 5.405 
1.8200	 480	 5.405 
1.8250	 452	 5.405 
1.8300	 431	 5.405 
1.8350	 404	 5.405 
1.8400	 397	 5.405 
1.8450	 393	 5.405 
1.8500	 387	 5.405 
1.8550	 390	 5.405 
1.8600	 384	 5.405 
1.8650	 388	 5.405 
1.8700	 396	 5.405 
1.8750	 414	 5.405 
1.8800	 455	 5.405 
1.8850	 470	 5.405 
1.8900	 490	 5.405 
1.8950	 498	 5.405 
1.9050	 506	 5.263 
1.9060	 509	 5.263 
1.9100	 491	 5.263 
1.9150	 492	 5.263 
1.9200	 469	 5.263 
1.9250	 433	 5.263 
1.9300	 419	 5.263 
1.9350	 399	 5.263 
1.9400	 397	 5.263 
1.9450	 394	 5.263 
1.9500	 385	 5.263 
1.9550	 392	 5.263 
1.9600	 384	 5.263 
1.9650	 398	 5.263 
1.9700	 418	 5.263 
1.9750	 434	 5.263 
1.9800	 463	 5.263 
1.9850	 460	 5.263 
1.9900	 475	 5.263 
1.9950	 480	 5.263 
2.0050	 491	 5.263 
2.0060	 494	 5.263 
2.0100	 472	 5.263 
2.0150	 456	 5.263 
2.0200	 426	 5.263 
2.0250	 403	 5.263 
2.0300	 399	 5.263 
2.0350	 389	 5.263 
2.0400	 390	 5.263 
2.0450	 388	 5.263 
2.0500	 384	 5.263 
2.0550	 391	 5.263 
2.0600	 395	 5.263 
2.0650	 421	 5.263 
2.0700	 453	 5.263 
2.0750	 473	 5.263 
2.0800	 497	 5.263 
2.0850	 490	 5.263 
2.0900	 502	 5.263 
2.0950	 502	 5.263 
2.1050	 493	 5.263 
2.1060	 495	 5.263 
2.1100	 460	 5.263 
2.1150	 436	 5.263 
2.1200	 416	 5.263 
2.1250	 399	 5.263 
2.1300	 401	 5.263 
2.1350	 389	 5.263 
2.1400	 391	 5.263 
2.1450	 389	 5.263 
2.1500	 385	 5.263 
2.1550	 404	 5.263 
2.1600	 412	 5.263 
2.1650	 443	 5.263 
2.1700	 459	 5.263 
2.1750	 462	 5.263 
2.1800	 481	 5.263 
2.1850	 474	 5.263 
2.1900	 489	 5.263 
2.1950	 488	 5.263 
2.2050	 454	 5.263 
2.2060	 453	 5.263 
2.2100	 419	 5.263 
2.2150	 407	 5.263 
2.2200	 397	 5.263 
2.2250	 389	 5.263 
2.2300	 392	 5.263 
2.2350	 385	 5.263 
2.2400	 387	 5.263 
2.2450	 389	 5.263 
2.2500	 396	 5.263 
2.2550	 426	 5.263 
2.2600	 449	 5.263 
2.2650	 480	 5.263 
2.2700	 491	 5.263 
2.2750	 491	 5.263 
2.2800	 507	 5.263 
2.2850	 492	 5.263 
2.2900	 499	 5.263 
2.2950	 488	 5.263 
2.3050	 433	 5.263 
2.3060	 432	 5.263 
2.3100	 407	 5.263 
2.3150	 402	 5.263 
2.3200	 397	 5.263 
2.3250	 387	 5.263 
2.3300	 393	 5.263 
2.3350	 383	 5.263 
2.3400	 390	 5.263 
2.3450	 401	 5.263 
2.3500	 414	 5.263 
2.3550	 448	 5.263 
2.3600	 451	 5.263 
2.3650	 469	 5.263 
2.3700	 475	 5.263 
2.3750	 474	 5.263 
2.3800	 494	 5.263 
2.3850	 479	 5.263 
2.3900	 476	 5.263 
2.3950	 450	 5.263 
2.4050	 404	 5.405 
2.4060	 406	 5.405 
2.4100	 393	 5.405 
2.4150	 392	 5.405 
2.4200	 389	 5.405 
2.4250	 384	 5.405 
2.4300	 390	 5.405 
2.4350	 387	 5.405 
2.4400	 401	 5.405 
2.4450	 426	 5.405 
2.4500	 453	 5.405 
2.4550	 487	 5.405 
2.4600	 485	 5.405 
2.4650	 499	 5.405 
2.4700	 502	 5.405 
2.4750	 494	 5.405 
2.4800	 504	 5.405 
2.4850	 478	 5.405 
2.4900	 461	 5.405 
2.4950	 431	 5.405 
2.5050	 403	 5.263 
2.5060	 402	 5.263 
2.5100	 391	 5.263 
2.5150	 394	 5.263 
2.5200	 390	 5.263 
2.5250	 383	 5.263 
2.5300	 395	 5.263 
2.5350	 394	 5.263 
2.5400	 422	 5.263 
2.5450	 446	 5.263 
2.5500	 452	 5.263 
2.5550	 476	 5.263 
2.5600	 467	 5.263 
2.5650	 481	 5.263 
2.5700	 488	 5.263 
2.5750	 478	 5.263 
2.5800	 479	 5.263 
2.5850	 442	 5.263 
2.5900	 419	 5.263 
2.5950	 404	 5.263 
2.6050	 392	 5.556 
2.6060	 393	 5.556 
2.6100	 387	 5.556 
2.6150	 388	 5.556 
2.6200	 387	 5.556 
2.6250	 386	 5.556 
2.6300	 406	 5.556 
2.6350	 424	 5.556 
2.6400	 460	 5.556 
2.6450	 483	 5.556 
2.6500	 485	 5.556 
2.6550	 504	 5.556 
2.6600	 493	 5.556 
2.6650	 501	 5.556 
2.6700	 498	 5.556 
2.6750	 477	 5.556 
2.6800	 463	 5.556 
2.6850	 423	 5.556 
2.6900	 410	 5.556 
2.6950	 402	 5.556 
2.7050	 393	 5.263 
2.7060	 395	 5.263 
2.7100	 384	 5.263 
2.7150	 388	 5.263 
2.7200	 391	 5.263 
2.7250	 396	 5.263 
2.7300	 428	 5.263 
2.7350	 438	 5.263 
2.7400	 460	 5.263 
2.7450	 471	 5.263 
2.7500	 467	 5.263 
2.7550	 487	 5.263 
2.7600	 481	 5.263 
2.7650	 486	 5.263 
2.7700	 474	 5.263 
2.7750	 442	 5.263 
2.7800	 422	 5.263 
2.7850	 400	 5.263 
2.7900	 395	 5.263 
2.7950	 391	 5.263 
2.8050	 388	 5.263 
2.8060	 388	 5.263 
2.8100	 384	 5.263 
2.8150	 390	 5.263 
2.8200	 404	 5.263 
2.8250	 424	 5.263 
2.8300	 466	 5.263 
2.8350	 476	 5.263 
2.8400	 493	 5.263 
2.8450	 499	 5.263 
2.8500	 493	 5.263 
2.8550	 508	 5.263 
2.8600	 490	 5.263 
2.8650	 485	 5.263 
2.8700	 460	 5.263 
2.8750	 423	 5.263 
2.8800	 414	 5.263 
2.8850	 397	 5.263 
2.8900	 395	 5.263 
2.8950	 393	 5.263 
2.9050	 391	 5.263 
2.9060	 392	 5.263 
2.9100	 385	 5.263 
2.9150	 400	 5.263 
2.9200	 424	 5.263 
2.9250	 438	 5.263 
2.9300	 466	 5.263 
2.9350	 462	 5.263 
2.9400	 475	 5.263 
2.9450	 482	 5.263 
2.9500	 480	 5.263 
2.9550	 491	 5.263 
2.9600	 468	 5.263 
2.9650	 447	 5.263 
2.9700	 419	 5.263 
2.9750	 399	 5.263 
2.9800	 397	 5.263 
2.9850	 388	 5.263 
2.9900	 389	 5.263 
2.9950	 388	 5.263 
3.0060	 392	 5.128 
3.0060	 393	 5.128 
3.0100	 399	 5.128 
3.0150	 427	 5.128 
3.0200	 461	 5.128 
3.0250	 474	 5.128 
3.0300	 498	 5.128 
3.0350	 490	 5.128 
3.0400	 500	 5.128 
3.0450	 502	 5.128 
3.0500	 489	 5.128 
3.0550	 491	 5.128 
3.0600	 452	 5.128 
3.0650	 428	 5.128 
3.0700	 412	 5.128 
3.0750	 396	 5.128 
3.0800	 399	 5.128 
3.0850	 387	 5.128 
3.0900	 389	 5.128 
3.0950	 389	 5.128 
3.1050	 404	 5.263 
3.1060	 405	 5.263 
3.1100	 417	 5.263 
3.1150	 445	 5.263 
3.1200	 462	 5.263 
3.1250	 462	 5.263 
3.1300	 481	 5.263 
3.1350	 474	 5.263 
3.1400	 488	 5.263 
3.1450	 486	 5.263 
3.1500	 468	 5.263 
3.1550	 451	 5.263 
3.1600	 415	 5.263 
3.1650	 404	 5.263 
3.1700	 396	 5.263 
3.1750	 388	 5.263 
3.1800	 391	 5.263 
3.1850	 385	 5.263 
3.1900	 387	 5.263 
3.1950	 391	 5.263 
3.2050	 432	 5.263 
3.2060	 433	 5.263 
3.2100	 455	 5.263 
3.2150	 481	 5.263 
3.2200	 494	 5.263 
3.2250	 489	 5.263 
3.2300	 508	 5.263 
3.2350	 493	 5.263 
3.2400	 496	 5.263 
3.2450	 485	 5.263 
3.2500	 451	 5.263 
3.2550	 433	 5.263 
3.2600	 405	 5.263 
3.2650	 400	 5.263 
3.2700	 396	 5.263 
3.2750	 386	 5.263 
3.2800	 392	 5.263 
3.2850	 383	 5.263 
3.2900	 389	 5.263 
3.2950	 402	 5.263 
3.3050	 448	 5.263 
3.3060	 451	 5.263 
3.3100	 453	 5.263 
3.3150	 468	 5.263 
3.3200	 477	 5.263 
3.3250	 473	 5.263 
3.3300	 494	 5.263 
3.3350	 478	 5.263 
3.3400	 473	 5.263 
3.3450	 446	 5.263 
3.3500	 415	 5.263 
3.3550	 406	 5.263 
3.3600	 392	 5.263 
3.3650	 391	 5.263 
3.3700	 390	 5.263 
3.3750	 383	 5.263 
3.3800	 389	 5.263 
3.3850	 388	 5.263 
3.3900	 402	 5.263 
3.3950	 430	 5.263 
3.4050	 486	 5.405 
3.4060	 489	 5.405 
3.4100	 486	 5.405 
3.4150	 498	 5.405 
3.4200	 503	 5.405 
3.4250	 493	 5.405 
3.4300	 503	 5.405 
3.4350	 476	 5.405 
3.4400	 456	 5.405 
3.4450	 429	 5.405 
3.4500	 405	 5.405 
3.4550	 404	 5.405 
3.4600	 392	 5.405 
3.4650	 392	 5.405 
3.4700	 391	 5.405 
3.4750	 383	 5.405 
3.4800	 395	 5.405 
3.4850	 399	 5.405 
3.4900	 425	 5.405 
3.4950	 449	 5.405 
3.5050	 474	 5.263 
3.5060	 478	 5.263 
3.5100	 469	 5.263 
3.5150	 482	 5.263 
3.5200	 491	 5.263 
3.5250	 477	 5.263 
3.5300	 476	 5.263 
3.5350	 438	 5.263 
3.5400	 416	 5.263 
3.5450	 403	 5.263 
3.5500	 391	 5.263 
3.5550	 393	 5.263 
3.5600	 386	 5.263 
3.5650	 387	 5.263 
3.5700	 388	 5.263 
3.5750	 387	 5.263 
3.5800	 408	 5.263 
3.5850	 429	 5.263 
3.5900	 463	 5.263 
3.5950	 485	 5.263 
3.6050	 501	 5.405 
3.6060	 502	 5.405 
3.6100	 493	 5.405 
3.6150	 499	 5.405 
3.6200	 497	 5.405 
3.6250	 473	 5.405 
3.6300	 459	 5.405 
3.6350	 419	 5.405 
3.6400	 408	 5.405 
3.6450	 401	 5.405 
3.6500	 389	 5.405 
3.6550	 395	 5.405 
3.6600	 384	 5.405 
3.6650	 387	 5.405 
3.6700	 393	 5.405 
3.6750	 399	 5.405 
3.6800	 433	 5.405 
3.6850	 442	 5.405 
3.6900	 462	 5.405 
3.6950	 473	 5.405 
3.7050	 486	 5.128 
3.7060	 490	 5.128 
3.7100	 482	 5.128 
3.7150	 483	 5.128 
3.7200	 471	 5.128 
3.7250	 436	 5.128 
3.7300	 418	 5.128 
3.7350	 398	 5.128 
3.7400	 393	 5.128 
3.7450	 392	 5.128 
3.7500	 385	 5.128 
3.7550	 390	 5.128 
3.7600	 384	 5.128 
3.7650	 391	 5.128 
3.7700	 408	 5.128 
3.7750	 430	 5.128 
3.7800	 472	 5.128 
3.7850	 479	 5.128 
3.7900	 493	 5.128 
3.7950	 500	 5.128 
3.8050	 504	 5.263 
3.8060	 507	 5.263 
3.8100	 489	 5.263 
3.8150	 479	 5.263 
3.8200	 453	 5.263 
3.8250	 417	 5.263 
3.8300	 412	 5.263 
3.8350	 395	 5.263 
3.8400	 395	 5.263 
3.8450	 393	 5.263 
3.8500	 384	 5.263 
3.8550	 392	 5.263 
3.8600	 388	 5.263 
3.8650	 406	 5.263 
3.8700	 433	 5.263 
3.8750	 443	 5.263 
3.8800	 470	 5.263 
3.8850	 466	 5.263 
3.8900	 477	 5.263 
3.8950	 487	 5.263 
3.9050	 487	 5.263 
3.9060	 487	 5.263 
3.9100	 462	 5.263 
3.9150	 437	 5.263 
3.9200	 414	 5.263 
3.9250	 396	 5.263 
3.9300	 396	 5.263 
3.9350	 388	 5.263 
3.9400	 388	 5.263 
3.9450	 388	 5.263 
3.9500	 384	 5.263 
3.9550	 395	 5.263 
3.9600	 406	 5.263 
3.9650	 438	 5.263 
3.9700	 471	 5.263 
3.9750	 478	 5.263 
3.9800	 500	 5.263 
3.9850	 492	 5.263 
3.9900	 500	 5.263 
3.9950	 502	 5.263 
4.0050	 477	 5.263 
4.0060	 478	 5.263 
4.0100	 443	 5.263 
4.0150	 420	 5.263 
4.0200	 408	 5.263 
4.0250	 393	 5.263 
4.0300	 398	 5.263 
4.0350	 387	 5.263 
4.0400	 387	 5.263 
4.0450	 391	 5.263 
4.0500	 388	 5.263 
4.0550	 413	 5.263 
4.0600	 427	 5.263 
4.0650	 451	 5.263 
4.0700	 466	 5.263 
4.0750	 465	 5.263 
4.0800	 483	 5.263 
4.0850	 478	 5.263 
4.0900	 487	 5.263 
4.0950	 485	 5.263 
4.1050	 433	 5.405 
4.1060	 433	 5.405 
4.1100	 408	 5.405 
4.1150	 399	 5.405 
4.1200	 395	 5.405 
4.1250	 387	 5.405 
4.1300	 391	 5.405 
4.1350	 385	 5.405 
4.1400	 386	 5.405 
4.1450	 395	 5.405 
4.1500	 407	 5.405 
4.1550	 446	 5.405 
4.1600	 466	 5.405 
4.1650	 486	 5.405 
4.1700	 497	 5.405 
4.1750	 491	 5.405 
4.1800	 508	 5.405 
4.1850	 493	 5.405 
4.1900	 493	 5.405 
4.1950	 477	 5.405 
4.2050	 420	 5.405 
4.2060	 420	 5.405 
4.2100	 402	 5.405 
4.2150	 397	 5.405 
4.2200	 395	 5.405 
4.2250	 386	 5.405 
4.2300	 392	 5.405 
4.2350	 384	 5.405 
4.2400	 393	 5.405 
4.2450	 413	 5.405 
4.2500	 427	 5.405 
4.2550	 459	 5.405 
4.2600	 459	 5.405 
4.2650	 472	 5.405 
4.2700	 480	 5.405 
4.2750	 477	 5.405 
4.2800	 494	 5.405 
4.2850	 476	 5.405 
4.2900	 462	 5.405 
4.2950	 434	 5.405 
4.3050	 398	 5.263 
4.3060	 399	 5.263 
4.3100	 390	 5.263 
4.3150	 390	 5.263 
4.3200	 390	 5.263 
4.3250	 383	 5.263 
4.3300	 391	 5.263 
4.3350	 393	 5.263 
4.3400	 412	 5.263 
4.3450	 446	 5.263 
4.3500	 466	 5.263 
4.3550	 493	 5.263 
4.3600	 490	 5.263 
4.3650	 498	 5.263 
4.3700	 505	 5.263 
4.3750	 491	 5.263 
4.3800	 499	 5.263 
4.3850	 467	 5.263 
4.3900	 443	 5.263 
4.3950	 420	 5.263 
4.4050	 400	 5.405 
4.4060	 402	 5.405 
4.4100	 391	 5.405 
4.4150	 390	 5.405 
4.4200	 390	 5.405 
4.4250	 384	 5.405 
4.4300	 400	 5.405 
4.4350	 409	 5.405 
4.4400	 435	 5.405 
4.4450	 458	 5.405 
4.4500	 459	 5.405 
4.4550	 480	 5.405 
4.4600	 473	 5.405 
4.4650	 485	 5.405 
4.4700	 491	 5.405 
4.4750	 475	 5.405 
4.4800	 465	 5.405 
4.4850	 429	 5.405 
4.4900	 410	 5.405 
4.4950	 399	 5.405 
4.5050	 390	 5.263 
4.5060	 391	 5.263 
4.5100	 386	 5.263 
4.5150	 387	 5.263 
4.5200	 390	 5.263 
4.5250	 391	 5.263 
4.5300	 418	 5.263 
4.5350	 441	 5.263 
4.5400	 473	 5.263 
4.5450	 491	 5.263 
4.5500	 488	 5.263 
4.5550	 506	 5.263 
4.5600	 495	 5.263 
4.5650	 498	 5.263 
4.5700	 495	 5.263 
4.5750	 464	 5.263 
4.5800	 447	 5.263 
4.5850	 414	 5.263 
4.5900	 405	 5.263 
4.5950	 400	 5.263 
4.6050	 392	 5.128 
4.6060	 394	 5.128 
4.6100	 385	 5.128 
4.6150	 389	 5.128 
4.6200	 399	 5.128 
4.6250	 407	 5.128 
4.6300	 442	 5.128 
4.6350	 449	 5.128 
4.6400	 465	 5.128 
4.6450	 477	 5.128 
4.6500	 471	 5.128 
4.6550	 492	 5.128 
4.6600	 481	 5.128 
4.6650	 479	 5.128 
4.6700	 462	 5.128 
4.6750	 425	 5.128 
4.6800	 411	 5.128 
4.6850	 396	 5.128 
4.6900	 392	 5.128 
4.6950	 391	 5.128 
4.7050	 387	 5.263 
4.7060	 389	 5.263 
4.7100	 386	 5.263 
4.7150	 395	 5.263 
4.7200	 417	 5.263 
4.7250	 441	 5.263 
4.7300	 480	 5.263 
4.7350	 483	 5.263 
4.7400	 494	 5.263 
4.7450	 502	 5.263 
4.7500	 492	 5.263 
4.7550	 505	 5.263 
4.7600	 485	 5.263 
4.7650	 468	 5.263 
4.7700	 441	 5.263 
4.7750	 411	 5.263 
4.7800	 408	 5.263 
4.7850	 394	 5.263 
4.7900	 393	 5.263 
4.7950	 393	 5.263 
4.8050	 390	 5.405 
4.8060	 393	 5.405 
4.8100	 393	 5.405 
4.8150	 413	 5.405 
4.8200	 442	 5.405 
4.8250	 450	 5.405 
4.8300	 474	 5.405 
4.8350	 469	 5.405 
4.8400	 479	 5.405 
4.8450	 491	 5.405 
4.8500	 481	 5.405 
4.8550	 486	 5.405 
4.8600	 455	 5.405 
4.8650	 429	 5.405 
4.8700	 411	 5.405 
4.8750	 394	 5.405 
4.8800	 395	 5.405 
4.8850	 389	 5.405 
4.8900	 388	 5.405 
4.8950	 388	 5.405 
4.9050	 398	 5.263 
4.9060	 401	 5.263 
4.9100	 414	 5.263 
4.9150	 447	 5.263 
4.9200	 479	 5.263 
4.9250	 482	 5.263 
4.9300	 503	 5.263 
4.9350	 495	 5.263 
4.9400	 502	 5.263 
4.9450	 504	 5.263 
4.9500	 484	 5.263 
4.9550	 477	 5.263 
4.9600	 437	 5.263 
4.9650	 416	 5.263 
4.9700	 408	 5.263 
4.9750	 393	 5.263 
4.9800	 398	 5.263 
4.9850	 388	 5.263 
4.9900	 388	 5.263 
4.9950	 392	 5.263 
5.0060	 419	 5.263 
5.0060	 421	 5.263 
5.0100	 434	 5.263 
5.0150	 455	 5.263 
5.0200	 471	 5.263 
5.0250	 466	 5.263 
5.0300	 485	 5.263 
5.0350	 482	 5.263 
5.0400	 486	 5.263 
5.0450	 483	 5.263 
5.0500	 453	 5.263 
5.0550	 432	 5.263 
5.0600	 406	 5.263 
5.0650	 397	 5.263 
5.0700	 393	 5.263 
5.0750	 387	 5.263 
5.0800	 391	 5.263 
5.0850	 385	 5.263 
5.0900	 387	 5.263 
5.0950	 397	 5.263 
5.1050	 452	 5.263 
5.1060	 454	 5.263 
5.1100	 471	 5.263 
5.1150	 488	 5.263 
5.1200	 499	 5.263 
5.1250	 491	 5.263 
5.1300	 508	 5.263 
5.1350	 493	 5.263 
5.1400	 489	 5.263 
5.1450	 472	 5.263 
5.1500	 433	 5.263 
5.1550	 420	 5.263 
5.1600	 401	 5.263 
5.1650	 396	 5.263 
5.1700	 396	 5.263 
5.1750	 386	 5.263 
5.1800	 392	 5.263 
5.1850	 387	 5.263 
5.1900	 396	 5.263 
5.1950	 418	 5.263 
5.2050	 461	 5.263 
5.2060	 463	 5.263 
5.2100	 463	 5.263 
5.2150	 473	 5.263 
5.2200	 484	 5.263 
5.2250	 481	 5.263 
5.2300	 494	 5.263 
5.2350	 476	 5.263 
5.2400	 457	 5.263 
5.2450	 430	 5.263 
5.2500	 405	 5.263 
5.2550	 400	 5.263 
5.2600	 391	 5.263 
5.2650	 390	 5.263 
5.2700	 390	 5.263 
5.2750	 384	 5.263 
5.2800	 391	 5.263 
5.2850	 395	 5.263 
5.2900	 418	 5.263 
5.2950	 454	 5.263 
5.3050	 492	 5.263 
5.3060	 495	 5.263 
5.3100	 492	 5.263 
5.3150	 499	 5.263 
5.3200	 507	 5.263 
5.3250	 491	 5.263 
5.3300	 497	 5.263 
5.3350	 464	 5.263 
5.3400	 436	 5.263 
5.3450	 418	 5.263 
5.3500	 399	 5.263 
5.3550	 401	 5.263 
5.3600	 391	 5.263 
5.3650	 389	 5.263 
5.3700	 392	 5.263 
5.3750	 384	 5.263 
5.3800	 402	 5.263 
5.3850	 414	 5.263 
5.3900	 439	 5.263 
5.3950	 461	 5.263 
5.4050	 478	 5.263 
5.4060	 479	 5.263 
5.4100	 475	 5.263 
5.4150	 486	 5.263 
5.4200	 491	 5.263 
5.4250	 471	 5.263 
5.4300	 458	 5.263 
5.4350	 422	 5.263 
5.4400	 405	 5.263 
5.4450	 398	 5.263 
5.4500	 389	 5.263 
5.4550	 392	 5.263 
5.4600	 386	 5.263 
5.4650	 386	 5.263 
5.4700	 391	 5.263 
5.4750	 395	 5.263 
5.4800	 425	 5.263 
5.4850	 451	 5.263 
5.4900	 477	 5.263 
5.4950	 494	 5.263 
5.5050	 505	 5.263 
5.5060	 506	 5.263 
5.5100	 496	 5.263 
5.5150	 496	 5.263 
5.5200	 491	 5.263 
5.5250	 456	 5.263 
5.5300	 437	 5.263 
5.5350	 410	 5.263 
5.5400	 401	 5.263 
5.5450	 399	 5.263 
5.5500	 388	 5.263 
5.5550	 394	 5.263 
5.5600	 386	 5.263 
5.5650	 389	 5.263 
5.5700	 403	 5.263 
5.5750	 414	 5.263 
5.5800	 449	 5.263 
5.5850	 455	 5.263 
5.5900	 467	 5.263 
5.5950	 480	 5.263 
5.6050	 491	 5.405 
5.6060	 492	 5.405 
5.6100	 483	 5.405 
5.6150	 476	 5.405 
5.6200	 455	 5.405 
5.6250	 419	 5.405 
5.6300	 408	 5.405 
5.6350	 394	 5.405 
5.6400	 391	 5.405 
5.6450	 392	 5.405 
5.6500	 385	 5.405 
5.6550	 389	 5.405 
5.6600	 387	 5.405 
5.6650	 398	 5.405 
5.6700	 424	 5.405 
5.6750	 449	 5.405 
5.6800	 484	 5.405 
5.6850	 486	 5.405 
5.6900	 495	 5.405 
5.6950	 504	 5.405 
5.7050	 500	 5.263 
5.7060	 503	 5.263 
5.7100	 483	 5.263 
5.7150	 462	 5.263 
5.7200	 437	 5.263 
5.7250	 408	 5.263 
5.7300	 406	 5.263 
5.7350	 393	 5.263 
5.7400	 391	 5.263 
5.7450	 392	 5.263 
5.7500	 382	 5.263 
5.7550	 392	 5.263 
5.7600	 394	 5.263 
5.7650	 415	 5.263 
5.7700	 445	 5.263 
5.7750	 448	 5.263 
5.7800	 473	 5.263 
5.7850	 468	 5.263 
5.7900	 477	 5.263 
5.7950	 490	 5.263 
5.8050	 480	 5.128 
5.8060	 479	 5.128 
5.8100	 449	 5.128 
5.8150	 423	 5.128 
5.8200	 408	 5.128 
5.8250	 393	 5.128 
5.8300	 394	 5.128 
5.8350	 387	 5.128 
5.8400	 387	 5.128 
5.8450	 389	 5.128 
5.8500	 385	 5.128 
5.8550	 401	 5.128 
5.8600	 419	 5.128 
5.8650	 452	 5.128 
5.8700	 482	 5.128 
5.8750	 482	 5.128 
5.8800	 502	 5.128 
5.8850	 495	 5.128 
5.8900	 499	 5.128 
5.8950	 503	 5.128 
5.9050	 466	 5.263 
5.9060	 467	 5.263 
5.9100	 431	 5.263 
5.9150	 413	 5.263 
5.9200	 406	 5.263 
5.9250	 391	 5.263 
5.9300	 396	 5.263 
5.9350	 388	 5.263 
5.9400	 387	 5.263 
5.9450	 392	 5.263 
5.9500	 393	 5.263 
5.9550	 423	 5.263 
5.9600	 439	 5.263 
5.9650	 457	 5.263 
5.9700	 473	 5.263 
5.9750	 467	 5.263 
5.9800	 487	 5.263 
5.9850	 484	 5.263 
5.9900	 486	 5.263 
5.9950	 483	 5.263 
6.0050	 425	 5.263 
6.0060	 426	 5.263 
6.0100	 405	 5.263 
6.0150	 396	 5.263 
6.0200	 394	 5.263 
6.0250	 386	 5.263 
6.0300	 389	 5.263 
6.0350	 385	 5.263 
6.0400	 388	 5.263 
6.0450	 401	 5.263 
6.0500	 416	 5.263 
6.0550	 456	 5.263 
6.0600	 474	 5.263 
6.0650	 488	 5.263 
6.0700	 501	 5.263 
6.0750	 492	 5.263 
6.0800	 507	 5.263 
6.0850	 494	 5.263 
6.0900	 487	 5.263 
6.0950	 470	 5.263 
6.1050	 414	 5.263 
6.1060	 416	 5.263 
6.1100	 401	 5.263 
6.1150	 395	 5.263 
6.1200	 397	 5.263 
6.1250	 385	 5.263 
6.1300	 392	 5.263 
6.1350	 387	 5.263 
6.1400	 397	 5.263 
6.1450	 421	 5.263 
6.1500	 434	 5.263 
6.1550	 463	 5.263 
6.1600	 464	 5.263 
6.1650	 472	 5.263 
6.1700	 485	 5.263 
6.1750	 480	 5.263 
6.1800	 492	 5.263 
6.1850	 475	 5.263 
6.1900	 453	 5.263 
6.1950	 429	 5.263 
6.2050	 396	 5.263 
6.2060	 396	 5.263 
6.2100	 391	 5.263 
6.2150	 389	 5.263 
6.2200	 390	 5.263 
6.2250	 383	 5.263 
6.2300	 391	 5.263 
6.2350	 396	 5.263 
6.2400	 418	 5.263 
6.2450	 455	 5.263 
6.2500	 471	 5.263 
6.2550	 496	 5.263 
6.2600	 493	 5.263 
6.2650	 498	 5.263 
6.2700	 506	 5.263 
6.2750	 490	 5.263 
6.2800	 495	 5.263 
6.2850	 463	 5.263 
6.2900	 434	 5.263 
6.2950	 418	 5.263 
6.3050	 397	 5.405 
6.3060	 399	 5.405 
6.3100	 390	 5.405 
6.3150	 388	 5.405 
6.3200	 391	 5.405 
6.3250	 384	 5.405 
6.3300	 402	 5.405 
6.3350	 413	 5.405 
6.3400	 437	 5.405 
6.3450	 461	 5.405 
6.3500	 458	 5.405 
6.3550	 478	 5.405 
6.3600	 475	 5.405 
6.3650	 484	 5.405 
6.3700	 491	 5.405 
6.3750	 471	 5.405 
6.3800	 459	 5.405 
6.3850	 424	 5.405 
6.3900	 406	 5.405 
6.3950	 399	 5.405 
6.4050	 389	 5.263 
6.4060	 391	 5.263 
6.4100	 386	 5.263 
6.4150	 385	 5.263 
6.4200	 390	 5.263 
6.4250	 392	 5.263 
6.4300	 420	 5.263 
6.4350	 446	 5.263 
6.4400	 473	 5.263 
6.4450	 493	 5.263 
6.4500	 487	 5.263 
6.4550	 504	 5.263 
6.4600	 495	 5.263 
6.4650	 495	 5.263 
6.4700	 494	 5.263 
6.4750	 459	 5.263 
6.4800	 440	 5.263 
6.4850	 412	 5.263 
6.4900	 401	 5.263 
6.4950	 399	 5.263 
6.5050	 391	 5.263 
6.5060	 391	 5.263 
6.5100	 385	 5.263 
6.5150	 386	 5.263 
6.5200	 399	 5.263 
6.5250	 408	 5.263 
6.5300	 443	 5.263 
6.5350	 451	 5.263 
6.5400	 464	 5.263 
6.5450	 478	 5.263 
6.5500	 470	 5.263 
6.5550	 492	 5.263 
6.5600	 483	 5.263 
6.5650	 477	 5.263 
6.5700	 461	 5.263 
6.5750	 423	 5.263 
6.5800	 410	 5.263 
6.5850	 395	 5.263 
6.5900	 391	 5.263 
6.5950	 392	 5.263 
6.6050	 388	 5.263 
6.6060	 389	 5.263 
6.6100	 387	 5.263 
6.6150	 395	 5.263 
6.6200	 420	 5.263 
6.6250	 443	 5.263 
6.6300	 481	 5.263 
6.6350	 485	 5.263 
6.6400	 495	 5.263 
6.6450	 504	 5.263 
6.6500	 492	 5.263 
6.6550	 505	 5.263 
6.6600	 486	 5.263 
6.6650	 466	 5.263 
6.6700	 441	 5.263 
6.6750	 410	 5.263 
6.6800	 407	 5.263 
6.6850	 395	 5.263 
6.6900	 391	 5.263 
6.6950	 393	 5.263 
6.7050	 390	 5.263 
6.7060	 391	 5.263 
6.7100	 394	 5.263 
6.7150	 412	 5.263 
6.7200	 443	 5.263 
6.7250	 447	 5.263 
6.7300	 472	 5.263 
6.7350	 469	 5.263 
6.7400	 476	 5.263 
6.7450	 490	 5.263 
6.7500	 479	 5.263 
6.7550	 483	 5.263 
6.7600	 453	 5.263 
6.7650	 426	 5.263 
6.7700	 410	 5.263 
6.7750	 393	 5.263 
6.7800	 394	 5.263 
6.7850	 388	 5.263 
6.7900	 387	 5.263 
6.7950	 389	 5.263 
6.8050	 398	 5.263 
6.8060	 400	 5.263 
6.8100	 416	 5.263 
6.8150	 448	 5.263 
6.8200	 481	 5.263 
6.8250	 481	 5.263 
6.8300	 501	 5.263 
6.8350	 496	 5.263 
6.8400	 499	 5.263 
6.8450	 504	 5.263 
6.8500	 482	 5.263 
6.8550	 472	 5.263 
6.8600	 434	 5.263 
6.8650	 413	 5.263 
6.8700	 407	 5.263 
6.8750	 392	 5.263 
6.8800	 397	 5.263 
6.8850	 389	 5.263 
6.8900	 387	 5.263 
6.8950	 393	 5.263 
6.9050	 421	 5.263 
6.9060	 424	 5.263 
6.9100	 439	 5.263 
6.9150	 456	 5.263 
6.9200	 475	 5.263 
6.9250	 467	 5.263 
6.9300	 487	 5.263 
6.9350	 485	 5.263 
6.9400	 486	 5.263 
6.9450	 483	 5.263 
6.9500	 449	 5.263 
6.9550	 428	 5.263 
6.9600	 405	 5.263 
6.9650	 395	 5.263 
6.9700	 395	 5.263 
6.9750	 386	 5.263 
6.9800	 390	 5.263 
6.9850	 386	 5.263 
6.9900	 387	 5.263 
6.9950	 400	 5.263 
7.0050	 456	 5.263 
7.0060	 458	 5.263 
7.0100	 475	 5.263 
7.0150	 488	 5.263 
7.0200	 501	 5.263 
7.0250	 491	 5.263 
7.0300	 507	 5.263 
7.0350	 494	 5.263 
7.0400	 485	 5.263 
7.0450	 468	 5.263 
7.0500	 427	 5.263 
7.0550	 416	 5.263 
7.0600	 400	 5.263 
7.0650	 393	 5.263 
7.0700	 395	 5.263 
7.0750	 384	 5.263 
7.0800	 391	 5.263 
7.0850	 387	 5.263 
7.0900	 395	 5.263 
7.0950	 422	 5.263 
7.1050	 458	 5.263 
7.1060	 462	 5.263 
7.1100	 464	 5.263 
7.1150	 471	 5.263 
7.1200	 485	 5.263 
7.1250	 479	 5.263 
7.1300	 491	 5.263 
7.1350	 473	 5.263 
7.1400	 449	 5.263 
7.1450	 426	 5.263 
7.1500	 401	 5.263 
7.1550	 398	 5.263 
7.1600	 390	 5.263 
7.1650	 388	 5.263 
7.1700	 390	 5.263 
7.1750	 383	 5.263 
7.1800	 391	 5.263 
7.1850	 398	 5.263 
7.1900	 421	 5.263 
7.1950	 459	 5.263 
7.2050	 493	 5.263 
7.2060	 494	 5.263 
7.2100	 495	 5.263 
7.2150	 497	 5.263 
7.2200	 507	 5.263 
7.2250	 489	 5.263 
7.2300	 492	 5.263 
7.2350	 459	 5.263 
7.2400	 430	 5.263 
7.2450	 416	 5.263 
7.2500	 397	 5.263 
7.2550	 399	 5.263 
7.2600	 390	 5.263 
7.2650	 388	 5.263 
7.2700	 391	 5.263 
7.2750	 384	 5.263 
7.2800	 403	 5.263 
7.2850	 418	 5.263 
7.2900	 441	 5.263 
7.2950	 464	 5.263 
7.3050	 477	 5.263 
7.3060	 479	 5.263 
7.3100	 477	 5.263 
7.3150	 485	 5.263 
7.3200	 491	 5.263 
7.3250	 470	 5.263 
7.3300	 453	 5.263 
7.3350	 420	 5.263 
7.3400	 403	 5.263 
7.3450	 398	 5.263 
7.3500	 388	 5.263 
7.3550	 391	 5.263 
7.3600	 386	 5.263 
7.3650	 386	 5.263 
7.3700	 391	 5.263 
7.3750	 396	 5.263 
7.3800	 426	 5.263 
7.3850	 454	 5.263 
7.3900	 476	 5.263 
7.3950	 495	 5.263 
7.4050	 503	 5.263 
7.4060	 505	 5.263 
7.4100	 497	 5.263 
7.4150	 494	 5.263 
7.4200	 492	 5.263 
7.4250	 454	 5.263 
7.4300	 435	 5.263 
7.4350	 410	 5.263 
7.4400	 399	 5.263 
7.4450	 399	 5.263 
7.4500	 387	 5.263 
7.4550	 393	 5.263 
7.4600	 386	 5.263 
7.4650	 387	 5.263 
7.4700	 403	 5.263 
7.4750	 413	 5.263 
7.4800	 447	 5.263 
7.4850	 456	 5.263 
7.4900	 466	 5.263 
7.4950	 480	 5.263 
7.5050	 491	 5.405 
7.5060	 489	 5.405 
7.5100	 483	 5.405 
7.5150	 474	 5.405 
7.5200	 456	 5.405 
7.5250	 419	 5.405 
7.5300	 408	 5.405 
7.5350	 395	 5.405 
7.5400	 391	 5.405 
7.5450	 392	 5.405 
7.5500	 384	 5.405 
7.5550	 389	 5.405 
7.5600	 388	 5.405 
7.5650	 397	 5.405 
7.5700	 425	 5.405 
7.5750	 447	 5.405 
7.5800	 483	 5.405 
7.5850	 487	 5.405 
7.5900	 494	 5.405 
7.5950	 505	 5.405 
7.6050	 500	 5.263 
7.6060	 500	 5.263 
7.6100	 484	 5.263 
7.6150	 461	 5.263 
7.6200	 438	 5.263 
7.6250	 407	 5.263 
7.6300	 405	 5.263 
7.6350	 394	 5.263 
7.6400	 390	 5.263 
7.6450	 393	 5.263 
7.6500	 382	 5.263 
7.6550	 392	 5.263 
7.6600	 395	 5.263 
7.6650	 414	 5.263 
7.6700	 446	 5.263 
7.6750	 448	 5.263 
7.6800	 472	 5.263 
7.6850	 470	 5.263 
7.6900	 475	 5.263 
7.6950	 491	 5.263 
7.7050	 476	 5.263 
7.7060	 479	 5.263 
7.7100	 450	 5.263 
7.7150	 422	 5.263 
7.7200	 408	 5.263 
7.7250	 392	 5.263 
7.7300	 393	 5.263 
7.7350	 388	 5.263 
7.7400	 386	 5.263 
7.7450	 389	 5.263 
7.7500	 385	 5.263 
7.7550	 401	 5.263 
7.7600	 420	 5.263 
7.7650	 451	 5.263 
7.7700	 483	 5.263 
7.7750	 482	 5.263 
7.7800	 501	 5.263 
7.7850	 496	 5.263 
7.7900	 497	 5.263 
7.7950	 503	 5.263 
7.8050	 464	 5.263 
7.8060	 466	 5.263 
7.8100	 431	 5.263 
7.8150	 410	 5.263 
7.8200	 406	 5.263 
7.8250	 391	 5.263 
7.8300	 395	 5.263 
7.8350	 388	 5.263 
7.8400	 385	 5.263 
7.8450	 393	 5.263 
7.8500	 393	 5.263 
7.8550	 422	 5.263 
7.8600	 439	 5.263 
7.8650	 454	 5.263 
7.8700	 474	 5.263 
7.8750	 465	 5.263 
7.8800	 484	 5.263 
7.8850	 484	 5.263 
7.8900	 483	 5.263 
7.8950	 482	 5.263 
7.9050	 423	 5.128 
7.9060	 423	 5.128 
7.9100	 405	 5.128 
7.9150	 394	 5.128 
7.9200	 394	 5.128 
7.9250	 386	 5.128 
7.9300	 389	 5.128 
7.9350	 385	 5.128 
7.9400	 387	 5.128 
7.9450	 402	 5.128 
7.9500	 417	 5.128 
7.9550	 458	 5.128 
7.9600	 475	 5.128 
7.9650	 487	 5.128 
7.9700	 502	 5.128 
7.9750	 491	 5.128 
7.9800	 505	 5.128 
7.9850	 494	 5.128 
7.9900	 484	 5.128 
7.9950	 468	 5.128 
