0.0050
0.0000	 425	 0.000 
0.0050	 429	 0.000 
0.0100	 421	 0.000 
0.0150	 430	 0.000 
0.0200	 423	 0.000 
0.0250	 423	 0.000 
0.0300	 429	 0.000 
0.0350	 422	 0.000 
0.0400	 430	 0.000 
0.0450	 424	 0.000 
0.0500	 427	 0.000 
0.0550	 430	 0.000 
0.0600	 423	 0.000 
0.0650	 432	 0.000 
0.0700	 425	 0.000 
0.0750	 428	 0.000 
0.0800	 432	 0.000 
0.0850	 423	 0.000 
0.0900	 431	 0.000 
0.0950	 425	 0.000 
0.1000	 429	 0.000 
0.1050	 429	 0.000 
0.1100	 424	 0.000 
0.1150	 435	 0.000 
0.1200	 425	 0.000 
0.1250	 427	 0.000 
0.1300	 432	 0.000 
0.1350	 424	 0.000 
0.1400	 433	 0.000 
0.1450	 427	 0.000 
0.1500	 429	 0.000 
0.1550	 433	 0.000 
0.1600	 423	 0.000 
0.1650	 434	 0.000 
0.1700	 427	 0.000 
0.1750	 430	 0.000 
0.1800	 433	 0.000 
0.1850	 424	 0.000 
0.1900	 435	 0.000 
0.1950	 424	 0.000 
0.2000	 429	 0.000 
0.2050	 434	 0.000 
0.2100	 424	 0.000 
0.2150	 433	 0.000 
0.2200	 427	 0.000 
0.2250	 430	 0.000 
0.2300	 434	 0.000 
0.2350	 425	 0.000 
0.2400	 435	 0.000 
0.2450	 427	 0.000 
0.2500	 430	 0.000 
0.2550	 433	 0.000 
0.2600	 426	 0.000 
0.2650	 436	 0.000 
0.2700	 427	 0.000 
0.2750	 430	 0.000 
0.2800	 435	 0.000 
0.2850	 428	 0.000 
0.2900	 437	 0.000 
0.2950	 428	 0.000 
0.3000	 432	 0.000 
0.3050	 435	 0.000 
0.3100	 425	 0.000 
0.3150	 437	 0.000 
0.3200	 430	 0.000 
0.3250	 430	 0.000 
0.3300	 435	 0.000 
0.3350	 428	 0.000 
0.3400	 439	 0.000 
0.3450	 429	 0.000 
0.3500	 433	 0.000 
0.3550	 436	 0.000 
0.3600	 428	 0.000 
0.3650	 438	 0.000 
0.3700	 430	 0.000 
0.3750	 432	 0.000 
0.3800	 436	 0.000 
0.3850	 431	 0.000 
0.3900	 437	 0.000 
0.3950	 430	 0.000 
0.4000	 433	 0.000 
0.4050	 436	 0.000 
0.4100	 428	 0.000 
0.4150	 438	 0.000 
0.4200	 429	 0.000 
0.4250	 433	 0.000 
0.4300	 437	 0.000 
0.4350	 428	 0.000 
0.4400	 438	 0.000 
0.4450	 430	 0.000 
0.4500	 433	 0.000 
0.4550	 437	 0.000 
0.4600	 429	 0.000 
0.4650	 438	 0.000 
0.4700	 430	 0.000 
0.4750	 433	 0.000 
0.4800	 436	 0.000 
0.4850	 428	 0.000 
0.4900	 438	 0.000 
0.4950	 431	 0.000 
0.5000	 434	 0.000 
0.5050	 437	 0.000 
0.5100	 430	 0.000 
0.5150	 438	 0.000 
0.5200	 431	 0.000 
0.5250	 434	 0.000 
0.5300	 437	 0.000 
0.5350	 429	 0.000 
0.5400	 438	 0.000 
0.5450	 431	 0.000 
0.5500	 434	 0.000 
0.5550	 435	 0.000 
0.5600	 430	 0.000 
0.5650	 440	 0.000 
0.5700	 432	 0.000 
0.5750	 433	 0.000 
0.5800	 437	 0.000 
0.5850	 429	 0.000 
0.5900	 438	 0.000 
0.5950	 432	 0.000 
0.6000	 435	 0.000 
0.6050	 436	 0.000 
0.6100	 430	 0.000 
0.6150	 439	 0.000 
0.6200	 430	 0.000 
0.6250	 432	 0.000 
0.6300	 437	 0.000 
0.6350	 430	 0.000 
0.6400	 439	 0.000 
0.6450	 432	 0.000 
0.6500	 434	 0.000 
0.6550	 437	 0.000 
0.6600	 428	 0.000 
0.6650	 439	 0.000 
0.6700	 431	 0.000 
0.6750	 436	 0.000 
0.6800	 436	 0.000 
0.6850	 430	 0.000 
0.6900	 439	 0.000 
0.6950	 431	 0.000 
0.7000	 434	 0.000 
0.7050	 436	 0.000 
0.7100	 428	 0.000 
0.7150	 440	 0.000 
0.7200	 431	 0.000 
0.7250	 433	 0.000 
0.7300	 437	 0.000 
0.7350	 430	 0.000 
0.7400	 437	 0.000 
0.7450	 430	 0.000 
0.7500	 434	 0.000 
0.7550	 438	 0.000 
0.7600	 429	 0.000 
0.7650	 438	 0.000 
0.7700	 431	 0.000 
0.7750	 436	 0.000 
0.7800	 436	 0.000 
0.7850	 429	 0.000 
0.7900	 437	 0.000 
0.7950	 431	 0.000 
0.8000	 434	 0.000 
0.8050	 437	 0.000 
0.8100	 431	 0.000 
0.8150	 436	 0.000 
0.8200	 430	 0.000 
0.8250	 435	 0.000 
0.8300	 437	 0.000 
0.8350	 427	 0.000 
0.8400	 439	 0.000 
0.8450	 430	 0.000 
0.8500	 434	 0.000 
0.8550	 435	 0.000 
0.8600	 429	 0.000 
0.8650	 438	 0.000 
0.8700	 430	 0.000 
0.8750	 434	 0.000 
0.8800	 436	 0.000 
0.8850	 429	 0.000 
0.8900	 437	 0.000 
0.8950	 431	 0.000 
0.9000	 434	 0.000 
0.9050	 436	 0.000 
0.9100	 429	 0.000 
0.9150	 440	 0.000 
0.9200	 431	 0.000 
0.9250	 433	 0.000 
0.9300	 436	 0.000 
0.9350	 429	 0.000 
0.9400	 438	 0.000 
0.9450	 431	 0.000 
0.9500	 435	 0.000 
0.9550	 436	 0.000 
0.9600	 430	 0.000 
0.9650	 439	 0.000 
0.9700	 429	 0.000 
0.9750	 434	 0.000 
0.9800	 438	 0.000 
0.9850	 429	 0.000 
0.9900	 439	 0.000 
0.9950	 431	 0.000 
1.0050	 437	 0.000 
1.0050	 437	 0.000 
1.0100	 430	 0.000 
1.0150	 440	 0.000 
1.0200	 429	 0.000 
1.0250	 428	 0.000 
1.0300	 423	 0.000 
1.0350	 411	 0.000 
1.0400	 413	 0.000 
1.0450	 402	 0.000 
1.0500	 401	 0.000 
1.0550	 400	 0.000 
1.0600	 393	 0.000 
1.0650	 399	 0.000 
1.0700	 393	 0.000 
1.0750	 394	 0.000 
1.0800	 394	 0.000 
1.0850	 389	 0.000 
1.0900	 398	 0.000 
1.0950	 392	 0.000 
1.1000	 405	 0.000 
1.1050	 424	 0.000 
1.1100	 439	 0.000 
1.1150	 465	 0.000 
1.1200	 469	 0.000 
1.1250	 483	 0.000 
1.1300	 485	 0.000 
1.1350	 481	 0.000 
1.1400	 499	 0.000 
1.1450	 486	 0.000 
1.1500	 485	 0.000 
1.1550	 470	 0.000 
1.1600	 433	 0.000 
1.1650	 416	 0.000 
1.1700	 396	 0.000 
1.1750	 390	 0.000 
1.1800	 388	 0.000 
1.1850	 382	 0.000 
1.1900	 386	 0.000 
1.1950	 381	 0.000 
1.2000	 388	 0.000 
1.2050	 403	 0.000 
1.2100	 424	 0.000 
1.2150	 469	 0.000 
1.2200	 477	 0.000 
1.2250	 495	 0.000 
1.2300	 504	 0.000 
1.2350	 497	 0.000 
1.2400	 512	 0.000 
1.2450	 495	 0.000 
1.2500	 484	 0.000 
1.2550	 456	 0.000 
1.2600	 422	 0.000 
1.2650	 415	 0.000 
1.2700	 401	 0.000 
1.2750	 399	 0.000 
1.2800	 400	 0.000 
1.2850	 391	 0.000 
1.2900	 399	 0.000 
1.2950	 402	 0.000 
1.3000	 427	 0.000 
1.3050	 453	 0.000 
1.3100	 464	 0.000 
1.3150	 485	 0.000 
1.3200	 475	 0.000 
1.3250	 488	 0.000 
1.3300	 493	 0.000 
1.3350	 477	 0.000 
1.3400	 475	 0.000 
1.3450	 434	 0.000 
1.3500	 410	 0.000 
1.3550	 397	 0.000 
1.3600	 386	 0.000 
1.3650	 388	 0.000 
1.3700	 381	 0.000 
1.3750	 383	 0.000 
1.3800	 385	 0.000 
1.3850	 391	 0.000 
1.3900	 425	 0.000 
1.3950	 448	 0.000 
1.4000	 480	 0.000 
1.4050	 495	 0.000 
1.4100	 490	 0.000 
1.4150	 510	 0.000 
1.4200	 499	 0.000 
1.4250	 499	 0.000 
1.4300	 483	 0.000 
1.4350	 445	 0.000 
1.4400	 426	 0.000 
1.4450	 407	 0.000 
1.4500	 403	 0.000 
1.4550	 400	 0.000 
1.4600	 392	 0.000 
1.4650	 398	 0.000 
1.4700	 394	 0.000 
1.4750	 409	 0.000 
1.4800	 435	 0.000 
1.4850	 451	 0.000 
1.4900	 478	 0.000 
1.4950	 474	 0.000 
1.5060	 494	 5.556 
1.5060	 492	 5.556 
1.5100	 482	 5.556 
1.5150	 487	 5.556 
1.5200	 452	 5.556 
1.5250	 424	 5.556 
1.5300	 404	 5.556 
1.5350	 389	 5.556 
1.5400	 390	 5.556 
1.5450	 382	 5.556 
1.5500	 383	 5.556 
1.5550	 384	 5.556 
1.5600	 384	 5.556 
1.5650	 410	 5.556 
1.5700	 433	 5.556 
1.5750	 470	 5.556 
1.5800	 488	 5.556 
1.5850	 489	 5.556 
1.5900	 508	 5.556 
1.5950	 499	 5.556 
1.6060	 493	 5.556 
1.6060	 495	 5.556 
1.6100	 460	 5.556 
1.6150	 438	 5.556 
1.6200	 412	 5.556 
1.6250	 405	 5.556 
1.6300	 402	 5.556 
1.6350	 394	 5.556 
1.6400	 399	 5.556 
1.6450	 391	 5.556 
1.6500	 403	 5.556 
1.6550	 424	 5.556 
1.6600	 443	 5.556 
1.6650	 473	 5.556 
1.6700	 471	 5.556 
1.6750	 483	 5.556 
1.6800	 489	 5.556 
1.6850	 486	 5.556 
1.6900	 492	 5.556 
1.6950	 464	 5.556 
1.7060	 411	 5.556 
1.7060	 410	 5.556 
1.7100	 395	 5.556 
1.7150	 391	 5.556 
1.7200	 384	 5.556 
1.7250	 384	 5.556 
1.7300	 383	 5.556 
1.7350	 382	 5.556 
1.7400	 399	 5.556 
1.7450	 417	 5.556 
1.7500	 457	 5.556 
1.7550	 482	 5.556 
1.7600	 486	 5.556 
1.7650	 505	 5.556 
1.7700	 497	 5.556 
1.7750	 506	 5.556 
1.7800	 502	 5.556 
1.7850	 475	 5.556 
1.7900	 452	 5.556 
1.7950	 418	 5.556 
1.8060	 404	 5.556 
1.8060	 402	 5.556 
1.8100	 395	 5.556 
1.8150	 399	 5.556 
1.8200	 392	 5.556 
1.8250	 397	 5.556 
1.8300	 412	 5.556 
1.8350	 430	 5.556 
1.8400	 465	 5.556 
1.8450	 467	 5.556 
1.8500	 482	 5.556 
1.8550	 485	 5.556 
1.8600	 483	 5.556 
1.8650	 496	 5.556 
1.8700	 475	 5.556 
1.8750	 455	 5.556 
1.8800	 424	 5.556 
1.8850	 400	 5.556 
1.8900	 395	 5.556 
1.8950	 385	 5.556 
1.9060	 384	 5.747 
1.9060	 386	 5.747 
1.9100	 382	 5.747 
1.9150	 393	 5.747 
1.9200	 403	 5.747 
1.9250	 440	 5.747 
1.9300	 473	 5.747 
1.9350	 481	 5.747 
1.9400	 504	 5.747 
1.9450	 495	 5.747 
1.9500	 506	 5.747 
1.9550	 504	 5.747 
1.9600	 486	 5.747 
1.9650	 470	 5.747 
1.9700	 430	 5.747 
1.9750	 416	 5.747 
1.9800	 406	 5.747 
1.9850	 397	 5.747 
1.9900	 402	 5.747 
1.9950	 392	 5.747 
2.0060	 407	 5.714 
2.0060	 408	 5.714 
2.0100	 419	 5.714 
2.0150	 455	 5.714 
2.0200	 462	 5.714 
2.0250	 480	 5.714 
2.0300	 484	 5.714 
2.0350	 480	 5.714 
2.0400	 497	 5.714 
2.0450	 480	 5.714 
2.0500	 471	 5.714 
2.0550	 439	 5.714 
2.0600	 407	 5.714 
2.0650	 399	 5.714 
2.0700	 386	 5.714 
2.0750	 386	 5.714 
2.0800	 384	 5.714 
2.0850	 380	 5.714 
2.0900	 389	 5.714 
2.0950	 393	 5.714 
2.1060	 464	 5.714 
2.1060	 465	 5.714 
2.1100	 475	 5.714 
2.1150	 500	 5.714 
2.1200	 493	 5.714 
2.1250	 505	 5.714 
2.1300	 508	 5.714 
2.1350	 492	 5.714 
2.1400	 484	 5.714 
2.1450	 443	 5.714 
2.1500	 423	 5.714 
2.1550	 411	 5.714 
2.1600	 399	 5.714 
2.1650	 403	 5.714 
2.1700	 392	 5.714 
2.1750	 396	 5.714 
2.1800	 399	 5.714 
2.1850	 406	 5.714 
2.1900	 441	 5.714 
2.1950	 453	 5.714 
2.2050	 481	 5.556 
2.2060	 487	 5.556 
2.2100	 478	 5.556 
2.2150	 497	 5.556 
2.2200	 484	 5.556 
2.2250	 482	 5.556 
2.2300	 458	 5.556 
2.2350	 421	 5.556 
2.2400	 407	 5.556 
2.2450	 390	 5.556 
2.2500	 388	 5.556 
2.2550	 385	 5.556 
2.2600	 380	 5.556 
2.2650	 386	 5.556 
2.2700	 386	 5.556 
2.2750	 407	 5.556 
2.2800	 440	 5.556 
2.2850	 465	 5.556 
2.2900	 493	 5.556 
2.2950	 490	 5.556 
2.3050	 506	 5.587 
2.3060	 509	 5.587 
2.3100	 496	 5.587 
2.3150	 500	 5.587 
2.3200	 462	 5.587 
2.3250	 435	 5.587 
2.3300	 417	 5.587 
2.3350	 403	 5.587 
2.3400	 405	 5.587 
2.3450	 394	 5.587 
2.3500	 396	 5.587 
2.3550	 397	 5.587 
2.3600	 400	 5.587 
2.3650	 427	 5.587 
2.3700	 443	 5.587 
2.3750	 468	 5.587 
2.3800	 479	 5.587 
2.3850	 477	 5.587 
2.3900	 493	 5.587 
2.3950	 485	 5.587 
2.4050	 470	 5.556 
2.4060	 475	 5.556 
2.4100	 437	 5.556 
2.4150	 416	 5.556 
2.4200	 395	 5.556 
2.4250	 391	 5.556 
2.4300	 387	 5.556 
2.4350	 381	 5.556 
2.4400	 386	 5.556 
2.4450	 382	 5.556 
2.4500	 395	 5.556 
2.4550	 421	 5.556 
2.4600	 449	 5.556 
2.4650	 486	 5.556 
2.4700	 486	 5.556 
2.4750	 502	 5.556 
2.4800	 505	 5.556 
2.4850	 500	 5.556 
2.4900	 508	 5.556 
2.4950	 477	 5.556 
2.5050	 422	 5.714 
2.5060	 425	 5.714 
2.5100	 408	 5.714 
2.5150	 407	 5.714 
2.5200	 396	 5.714 
2.5250	 397	 5.714 
2.5300	 395	 5.714 
2.5350	 394	 5.714 
2.5400	 414	 5.714 
2.5450	 429	 5.714 
2.5500	 458	 5.714 
2.5550	 474	 5.714 
2.5600	 475	 5.714 
2.5650	 491	 5.714 
2.5700	 483	 5.714 
2.5750	 492	 5.714 
2.5800	 484	 5.714 
2.5850	 456	 5.714 
2.5900	 431	 5.714 
2.5950	 401	 5.714 
2.6050	 389	 5.556 
2.6060	 388	 5.556 
2.6100	 384	 5.556 
2.6150	 388	 5.556 
2.6200	 381	 5.556 
2.6250	 387	 5.556 
2.6300	 406	 5.556 
2.6350	 432	 5.556 
2.6400	 476	 5.556 
2.6450	 479	 5.556 
2.6500	 498	 5.556 
2.6550	 502	 5.556 
2.6600	 500	 5.556 
2.6650	 512	 5.556 
2.6700	 488	 5.556 
2.6750	 472	 5.556 
2.6800	 438	 5.556 
2.6850	 414	 5.556 
2.6900	 409	 5.556 
2.6950	 398	 5.556 
2.7050	 398	 5.714 
2.7060	 397	 5.714 
2.7100	 393	 5.714 
2.7150	 405	 5.714 
2.7200	 415	 5.714 
2.7250	 447	 5.714 
2.7300	 467	 5.714 
2.7350	 472	 5.714 
2.7400	 489	 5.714 
2.7450	 479	 5.714 
2.7500	 494	 5.714 
2.7550	 489	 5.714 
2.7600	 470	 5.714 
2.7650	 447	 5.714 
2.7700	 411	 5.714 
2.7750	 398	 5.714 
2.7800	 391	 5.714 
2.7850	 384	 5.714 
2.7900	 388	 5.714 
2.7950	 380	 5.714 
2.8050	 396	 5.556 
2.8060	 398	 5.556 
2.8100	 413	 5.556 
2.8150	 457	 5.556 
2.8200	 473	 5.556 
2.8250	 494	 5.556 
2.8300	 499	 5.556 
2.8350	 499	 5.556 
2.8400	 512	 5.556 
2.8450	 495	 5.556 
2.8500	 487	 5.556 
2.8550	 455	 5.556 
2.8600	 423	 5.556 
2.8650	 416	 5.556 
2.8700	 401	 5.556 
2.8750	 400	 5.556 
2.8800	 398	 5.556 
2.8850	 393	 5.556 
2.8900	 402	 5.556 
2.8950	 405	 5.556 
2.9050	 459	 5.556 
2.9060	 462	 5.556 
2.9100	 466	 5.556 
2.9150	 488	 5.556 
2.9200	 478	 5.556 
2.9250	 492	 5.556 
2.9300	 491	 5.556 
2.9350	 478	 5.556 
2.9400	 465	 5.556 
2.9450	 424	 5.556 
2.9500	 406	 5.556 
2.9550	 394	 5.556 
2.9600	 385	 5.556 
2.9650	 389	 5.556 
2.9700	 380	 5.556 
2.9750	 384	 5.556 
2.9800	 389	 5.556 
2.9850	 400	 5.556 
2.9900	 438	 5.556 
2.9950	 461	 5.556 
3.0050	 496	 5.556 
3.0060	 501	 5.556 
3.0100	 496	 5.556 
3.0150	 514	 5.556 
3.0200	 497	 5.556 
3.0250	 497	 5.556 
3.0300	 470	 5.556 
3.0350	 434	 5.556 
3.0400	 421	 5.556 
3.0450	 402	 5.556 
3.0500	 403	 5.556 
3.0550	 399	 5.556 
3.0600	 393	 5.556 
3.0650	 399	 5.556 
3.0700	 398	 5.556 
3.0750	 422	 5.556 
3.0800	 445	 5.556 
3.0850	 460	 5.556 
3.0900	 485	 5.556 
3.0950	 475	 5.556 
3.1060	 493	 5.556 
3.1060	 495	 5.556 
3.1100	 483	 5.556 
3.1150	 479	 5.556 
3.1200	 438	 5.556 
3.1250	 414	 5.556 
3.1300	 397	 5.556 
3.1350	 386	 5.556 
3.1400	 389	 5.556 
3.1450	 381	 5.556 
3.1500	 384	 5.556 
3.1550	 386	 5.556 
3.1600	 393	 5.556 
3.1650	 423	 5.556 
3.1700	 449	 5.556 
3.1750	 482	 5.556 
3.1800	 492	 5.556 
3.1850	 494	 5.556 
3.1900	 511	 5.556 
3.1950	 498	 5.556 
3.2060	 480	 5.714 
3.2060	 483	 5.714 
3.2100	 447	 5.714 
3.2150	 428	 5.714 
3.2200	 406	 5.714 
3.2250	 405	 5.714 
3.2300	 400	 5.714 
3.2350	 395	 5.714 
3.2400	 399	 5.714 
3.2450	 394	 5.714 
3.2500	 412	 5.714 
3.2550	 435	 5.714 
3.2600	 454	 5.714 
3.2650	 480	 5.714 
3.2700	 474	 5.714 
3.2750	 487	 5.714 
3.2800	 491	 5.714 
3.2850	 486	 5.714 
3.2900	 488	 5.714 
3.2950	 451	 5.714 
3.3050	 402	 5.714 
3.3060	 404	 5.714 
3.3100	 391	 5.714 
3.3150	 391	 5.714 
3.3200	 382	 5.714 
3.3250	 385	 5.714 
3.3300	 384	 5.714 
3.3350	 387	 5.714 
3.3400	 411	 5.714 
3.3450	 433	 5.714 
3.3500	 475	 5.714 
3.3550	 487	 5.714 
3.3600	 492	 5.714 
3.3650	 510	 5.714 
3.3700	 498	 5.714 
3.3750	 508	 5.714 
3.3800	 493	 5.714 
3.3850	 461	 5.714 
3.3900	 436	 5.714 
3.3950	 412	 5.714 
3.4050	 398	 5.556 
3.4060	 404	 5.556 
3.4100	 396	 5.556 
3.4150	 400	 5.556 
3.4200	 393	 5.556 
3.4250	 406	 5.556 
3.4300	 423	 5.556 
3.4350	 445	 5.556 
3.4400	 475	 5.556 
3.4450	 472	 5.556 
3.4500	 486	 5.556 
3.4550	 488	 5.556 
3.4600	 487	 5.556 
3.4650	 492	 5.556 
3.4700	 465	 5.556 
3.4750	 440	 5.556 
3.4800	 411	 5.556 
3.4850	 395	 5.556 
3.4900	 393	 5.556 
3.4950	 384	 5.556 
3.5050	 384	 5.882 
3.5060	 384	 5.882 
3.5100	 384	 5.882 
3.5150	 401	 5.882 
3.5200	 418	 5.882 
3.5250	 460	 5.882 
3.5300	 479	 5.882 
3.5350	 488	 5.882 
3.5400	 507	 5.882 
3.5450	 497	 5.882 
3.5500	 509	 5.882 
3.5550	 499	 5.882 
3.5600	 476	 5.882 
3.5650	 452	 5.882 
3.5700	 418	 5.882 
3.5750	 412	 5.882 
3.5800	 403	 5.882 
3.5850	 397	 5.882 
3.5900	 402	 5.882 
3.5950	 391	 5.882 
3.6060	 416	 5.556 
3.6060	 417	 5.556 
3.6100	 433	 5.556 
3.6150	 465	 5.556 
3.6200	 467	 5.556 
3.6250	 483	 5.556 
3.6300	 484	 5.556 
3.6350	 486	 5.556 
3.6400	 497	 5.556 
3.6450	 475	 5.556 
3.6500	 458	 5.556 
3.6550	 424	 5.556 
3.6600	 401	 5.556 
3.6650	 396	 5.556 
3.6700	 384	 5.556 
3.6750	 387	 5.556 
3.6800	 384	 5.556 
3.6850	 383	 5.556 
3.6900	 392	 5.556 
3.6950	 402	 5.556 
3.7050	 474	 5.556 
3.7060	 476	 5.556 
3.7100	 484	 5.556 
3.7150	 503	 5.556 
3.7200	 495	 5.556 
3.7250	 509	 5.556 
3.7300	 504	 5.556 
3.7350	 489	 5.556 
3.7400	 469	 5.556 
3.7450	 430	 5.556 
3.7500	 418	 5.556 
3.7550	 407	 5.556 
3.7600	 400	 5.556 
3.7650	 403	 5.556 
3.7700	 392	 5.556 
3.7750	 399	 5.556 
3.7800	 402	 5.556 
3.7850	 417	 5.556 
3.7900	 454	 5.556 
3.7950	 461	 5.556 
3.8050	 484	 5.714 
3.8060	 487	 5.714 
3.8100	 483	 5.714 
3.8150	 498	 5.714 
3.8200	 480	 5.714 
3.8250	 473	 5.714 
3.8300	 438	 5.714 
3.8350	 410	 5.714 
3.8400	 400	 5.714 
3.8450	 386	 5.714 
3.8500	 387	 5.714 
3.8550	 385	 5.714 
3.8600	 381	 5.714 
3.8650	 389	 5.714 
3.8700	 392	 5.714 
3.8750	 423	 5.714 
3.8800	 456	 5.714 
3.8850	 476	 5.714 
3.8900	 500	 5.714 
3.8950	 493	 5.714 
3.9050	 506	 5.714 
3.9060	 505	 5.714 
3.9100	 495	 5.714 
3.9150	 487	 5.714 
3.9200	 444	 5.714 
3.9250	 426	 5.714 
3.9300	 410	 5.714 
3.9350	 401	 5.714 
3.9400	 403	 5.714 
3.9450	 393	 5.714 
3.9500	 397	 5.714 
3.9550	 399	 5.714 
3.9600	 408	 5.714 
3.9650	 441	 5.714 
3.9700	 453	 5.714 
3.9750	 477	 5.714 
3.9800	 481	 5.714 
3.9850	 480	 5.714 
3.9900	 497	 5.714 
3.9950	 483	 5.714 
4.0050	 450	 5.556 
4.0060	 453	 5.556 
4.0100	 421	 5.556 
4.0150	 407	 5.556 
4.0200	 389	 5.556 
4.0250	 389	 5.556 
4.0300	 385	 5.556 
4.0350	 382	 5.556 
4.0400	 387	 5.556 
4.0450	 386	 5.556 
4.0500	 409	 5.556 
4.0550	 440	 5.556 
4.0600	 468	 5.556 
4.0650	 495	 5.556 
4.0700	 490	 5.556 
4.0750	 507	 5.556 
4.0800	 505	 5.556 
4.0850	 500	 5.556 
4.0900	 499	 5.556 
4.0950	 460	 5.556 
4.1060	 414	 5.556 
4.1060	 417	 5.556 
4.1100	 404	 5.556 
4.1150	 405	 5.556 
4.1200	 395	 5.556 
4.1250	 398	 5.556 
4.1300	 396	 5.556 
4.1350	 400	 5.556 
4.1400	 428	 5.556 
4.1450	 443	 5.556 
4.1500	 472	 5.556 
4.1550	 479	 5.556 
4.1600	 479	 5.556 
4.1650	 493	 5.556 
4.1700	 485	 5.556 
4.1750	 491	 5.556 
4.1800	 471	 5.556 
4.1850	 438	 5.556 
4.1900	 416	 5.556 
4.1950	 395	 5.556 
4.2050	 384	 5.714 
4.2060	 386	 5.714 
4.2100	 382	 5.714 
4.2150	 387	 5.714 
4.2200	 382	 5.714 
4.2250	 397	 5.714 
4.2300	 420	 5.714 
4.2350	 451	 5.714 
4.2400	 486	 5.714 
4.2450	 485	 5.714 
4.2500	 504	 5.714 
4.2550	 503	 5.714 
4.2600	 503	 5.714 
4.2650	 507	 5.714 
4.2700	 476	 5.714 
4.2750	 456	 5.714 
4.2800	 426	 5.714 
4.2850	 409	 5.714 
4.2900	 408	 5.714 
4.2950	 397	 5.714 
4.3050	 394	 5.747 
4.3060	 397	 5.747 
4.3100	 395	 5.747 
4.3150	 412	 5.747 
4.3200	 427	 5.747 
4.3250	 460	 5.747 
4.3300	 471	 5.747 
4.3350	 477	 5.747 
4.3400	 490	 5.747 
4.3450	 482	 5.747 
4.3500	 495	 5.747 
4.3550	 483	 5.747 
4.3600	 457	 5.747 
4.3650	 430	 5.747 
4.3700	 402	 5.747 
4.3750	 395	 5.747 
4.3800	 388	 5.747 
4.3850	 383	 5.747 
4.3900	 386	 5.747 
4.3950	 380	 5.747 
4.4050	 403	 5.556 
4.4060	 404	 5.556 
4.4100	 431	 5.556 
4.4150	 474	 5.556 
4.4200	 478	 5.556 
4.4250	 500	 5.556 
4.4300	 500	 5.556 
4.4350	 501	 5.556 
4.4400	 511	 5.556 
4.4450	 490	 5.556 
4.4500	 474	 5.556 
4.4550	 436	 5.556 
4.4600	 416	 5.556 
4.4650	 411	 5.556 
4.4700	 400	 5.556 
4.4750	 402	 5.556 
4.4800	 396	 5.556 
4.4850	 394	 5.556 
4.4900	 406	 5.556 
4.4950	 414	 5.556 
4.5050	 464	 5.714 
4.5060	 467	 5.714 
4.5100	 473	 5.714 
4.5150	 486	 5.714 
4.5200	 479	 5.714 
4.5250	 496	 5.714 
4.5300	 487	 5.714 
4.5350	 473	 5.714 
4.5400	 448	 5.714 
4.5450	 411	 5.714 
4.5500	 400	 5.714 
4.5550	 390	 5.714 
4.5600	 384	 5.714 
4.5650	 387	 5.714 
4.5700	 380	 5.714 
4.5750	 387	 5.714 
4.5800	 393	 5.714 
4.5850	 415	 5.714 
4.5900	 457	 5.714 
4.5950	 471	 5.714 
4.6050	 500	 5.714 
4.6060	 502	 5.714 
4.6100	 500	 5.714 
4.6150	 512	 5.714 
4.6200	 495	 5.714 
4.6250	 489	 5.714 
4.6300	 454	 5.714 
4.6350	 424	 5.714 
4.6400	 415	 5.714 
4.6450	 401	 5.714 
4.6500	 403	 5.714 
4.6550	 398	 5.714 
4.6600	 394	 5.714 
4.6650	 401	 5.714 
4.6700	 404	 5.714 
4.6750	 434	 5.714 
4.6800	 455	 5.714 
4.6850	 469	 5.714 
4.6900	 487	 5.714 
4.6950	 476	 5.714 
4.7050	 489	 5.714 
4.7060	 492	 5.714 
4.7100	 479	 5.714 
4.7150	 464	 5.714 
4.7200	 424	 5.714 
4.7250	 408	 5.714 
4.7300	 394	 5.714 
4.7350	 385	 5.714 
4.7400	 387	 5.714 
4.7450	 379	 5.714 
4.7500	 385	 5.714 
4.7550	 388	 5.714 
4.7600	 402	 5.714 
4.7650	 440	 5.714 
4.7700	 462	 5.714 
4.7750	 491	 5.714 
4.7800	 493	 5.714 
4.7850	 498	 5.714 
4.7900	 512	 5.714 
4.7950	 496	 5.714 
4.8050	 464	 5.556 
4.8060	 464	 5.556 
4.8100	 435	 5.556 
4.8150	 421	 5.556 
4.8200	 403	 5.556 
4.8250	 404	 5.556 
4.8300	 398	 5.556 
4.8350	 395	 5.556 
4.8400	 399	 5.556 
4.8450	 398	 5.556 
4.8500	 423	 5.556 
4.8550	 446	 5.556 
4.8600	 463	 5.556 
4.8650	 483	 5.556 
4.8700	 475	 5.556 
4.8750	 491	 5.556 
4.8800	 490	 5.556 
4.8850	 486	 5.556 
4.8900	 478	 5.556 
4.8950	 437	 5.556 
4.9050	 398	 5.714 
4.9060	 396	 5.714 
4.9100	 389	 5.714 
4.9150	 389	 5.714 
4.9200	 381	 5.714 
4.9250	 385	 5.714 
4.9300	 385	 5.714 
4.9350	 393	 5.714 
4.9400	 423	 5.714 
4.9450	 449	 5.714 
4.9500	 484	 5.714 
4.9550	 490	 5.714 
4.9600	 496	 5.714 
4.9650	 508	 5.714 
4.9700	 498	 5.714 
4.9750	 506	 5.714 
4.9800	 484	 5.714 
4.9850	 450	 5.714 
4.9900	 429	 5.714 
4.9950	 406	 5.714 
5.0050	 399	 5.556 
5.0060	 400	 5.556 
5.0100	 396	 5.556 
5.0150	 399	 5.556 
5.0200	 393	 5.556 
5.0250	 411	 5.556 
5.0300	 431	 5.556 
5.0350	 454	 5.556 
5.0400	 478	 5.556 
5.0450	 473	 5.556 
5.0500	 489	 5.556 
5.0550	 489	 5.556 
5.0600	 488	 5.556 
5.0650	 488	 5.556 
5.0700	 454	 5.556 
5.0750	 430	 5.556 
5.0800	 406	 5.556 
5.0850	 392	 5.556 
5.0900	 391	 5.556 
5.0950	 382	 5.556 
5.1050	 384	 5.556 
5.1060	 385	 5.556 
5.1100	 386	 5.556 
5.1150	 407	 5.556 
5.1200	 430	 5.556 
5.1250	 473	 5.556 
5.1300	 483	 5.556 
5.1350	 491	 5.556 
5.1400	 508	 5.556 
5.1450	 498	 5.556 
5.1500	 510	 5.556 
5.1550	 493	 5.556 
5.1600	 466	 5.556 
5.1650	 442	 5.556 
5.1700	 414	 5.556 
5.1750	 410	 5.556 
5.1800	 402	 5.556 
5.1850	 397	 5.556 
5.1900	 399	 5.556 
5.1950	 392	 5.556 
5.2050	 420	 5.714 
5.2060	 423	 5.714 
5.2100	 443	 5.714 
5.2150	 470	 5.714 
5.2200	 470	 5.714 
5.2250	 486	 5.714 
5.2300	 484	 5.714 
5.2350	 489	 5.714 
5.2400	 493	 5.714 
5.2450	 468	 5.714 
5.2500	 447	 5.714 
5.2550	 413	 5.714 
5.2600	 397	 5.714 
5.2650	 393	 5.714 
5.2700	 384	 5.714 
5.2750	 387	 5.714 
5.2800	 382	 5.714 
5.2850	 384	 5.714 
5.2900	 397	 5.714 
5.2950	 414	 5.714 
5.3050	 477	 5.556 
5.3060	 479	 5.556 
5.3100	 489	 5.556 
5.3150	 506	 5.556 
5.3200	 496	 5.556 
5.3250	 511	 5.556 
5.3300	 499	 5.556 
5.3350	 481	 5.556 
5.3400	 457	 5.556 
5.3450	 421	 5.556 
5.3500	 414	 5.556 
5.3550	 403	 5.556 
5.3600	 398	 5.556 
5.3650	 399	 5.556 
5.3700	 392	 5.556 
5.3750	 400	 5.556 
5.3800	 408	 5.556 
5.3850	 430	 5.556 
5.3900	 463	 5.556 
5.3950	 466	 5.556 
5.4050	 481	 5.714 
5.4060	 485	 5.714 
5.4100	 487	 5.714 
5.4150	 495	 5.714 
5.4200	 476	 5.714 
5.4250	 464	 5.714 
5.4300	 426	 5.714 
5.4350	 404	 5.714 
5.4400	 396	 5.714 
5.4450	 384	 5.714 
5.4500	 388	 5.714 
5.4550	 383	 5.714 
5.4600	 382	 5.714 
5.4650	 392	 5.714 
5.4700	 401	 5.714 
5.4750	 440	 5.714 
5.4800	 467	 5.714 
5.4850	 484	 5.714 
5.4900	 502	 5.714 
5.4950	 495	 5.714 
5.5050	 502	 5.714 
5.5060	 503	 5.714 
5.5100	 492	 5.714 
5.5150	 474	 5.714 
5.5200	 431	 5.714 
5.5250	 420	 5.714 
5.5300	 405	 5.714 
5.5350	 400	 5.714 
5.5400	 402	 5.714 
5.5450	 392	 5.714 
5.5500	 399	 5.714 
5.5550	 400	 5.714 
5.5600	 418	 5.714 
5.5650	 451	 5.714 
5.5700	 459	 5.714 
5.5750	 483	 5.714 
5.5800	 480	 5.714 
5.5850	 485	 5.714 
5.5900	 498	 5.714 
5.5950	 481	 5.714 
5.6050	 439	 5.714 
5.6060	 440	 5.714 
5.6100	 413	 5.714 
5.6150	 401	 5.714 
5.6200	 387	 5.714 
5.6250	 388	 5.714 
5.6300	 382	 5.714 
5.6350	 381	 5.714 
5.6400	 388	 5.714 
5.6450	 390	 5.714 
5.6500	 423	 5.714 
5.6550	 451	 5.714 
5.6600	 477	 5.714 
5.6650	 498	 5.714 
5.6700	 491	 5.714 
5.6750	 508	 5.714 
5.6800	 503	 5.714 
5.6850	 499	 5.714 
5.6900	 488	 5.714 
5.6950	 446	 5.714 
5.7060	 408	 5.714 
5.7060	 410	 5.714 
5.7100	 403	 5.714 
5.7150	 403	 5.714 
5.7200	 394	 5.714 
5.7250	 399	 5.714 
5.7300	 397	 5.714 
5.7350	 408	 5.714 
5.7400	 438	 5.714 
5.7450	 450	 5.714 
5.7500	 478	 5.714 
5.7550	 478	 5.714 
5.7600	 482	 5.714 
5.7650	 496	 5.714 
5.7700	 484	 5.714 
5.7750	 487	 5.714 
5.7800	 456	 5.714 
5.7850	 425	 5.714 
5.7900	 407	 5.714 
5.7950	 389	 5.714 
5.8050	 384	 5.556 
5.8060	 384	 5.556 
5.8100	 382	 5.556 
5.8150	 387	 5.556 
5.8200	 385	 5.556 
5.8250	 409	 5.556 
5.8300	 436	 5.556 
5.8350	 468	 5.556 
5.8400	 492	 5.556 
5.8450	 489	 5.556 
5.8500	 507	 5.556 
5.8550	 502	 5.556 
5.8600	 502	 5.556 
5.8650	 498	 5.556 
5.8700	 461	 5.556 
5.8750	 439	 5.556 
5.8800	 413	 5.556 
5.8850	 405	 5.556 
5.8900	 405	 5.556 
5.8950	 394	 5.556 
5.9050	 393	 5.917 
5.9060	 396	 5.917 
5.9100	 401	 5.917 
5.9150	 426	 5.917 
5.9200	 442	 5.917 
5.9250	 471	 5.917 
5.9300	 474	 5.917 
5.9350	 480	 5.917 
5.9400	 492	 5.917 
5.9450	 485	 5.917 
5.9500	 493	 5.917 
5.9550	 469	 5.917 
5.9600	 439	 5.917 
5.9650	 415	 5.917 
5.9700	 394	 5.917 
5.9750	 392	 5.917 
5.9800	 385	 5.917 
5.9850	 383	 5.917 
5.9900	 385	 5.917 
5.9950	 382	 5.917 
6.0050	 421	 5.714 
6.0060	 423	 5.714 
6.0100	 452	 5.714 
6.0150	 486	 5.714 
6.0200	 485	 5.714 
6.0250	 506	 5.714 
6.0300	 502	 5.714 
6.0350	 504	 5.714 
6.0400	 506	 5.714 
6.0450	 475	 5.714 
6.0500	 454	 5.714 
6.0550	 422	 5.714 
6.0600	 409	 5.714 
6.0650	 406	 5.714 
6.0700	 394	 5.714 
6.0750	 401	 5.714 
6.0800	 394	 5.714 
6.0850	 397	 5.714 
6.0900	 415	 5.714 
6.0950	 431	 5.714 
6.1050	 473	 5.556 
6.1060	 475	 5.556 
6.1100	 479	 5.556 
6.1150	 491	 5.556 
6.1200	 483	 5.556 
6.1250	 496	 5.556 
6.1300	 479	 5.556 
6.1350	 455	 5.556 
6.1400	 426	 5.556 
6.1450	 399	 5.556 
6.1500	 395	 5.556 
6.1550	 385	 5.556 
6.1600	 384	 5.556 
6.1650	 386	 5.556 
6.1700	 381	 5.556 
6.1750	 392	 5.556 
6.1800	 405	 5.556 
6.1850	 438	 5.556 
6.1900	 476	 5.556 
6.1950	 480	 5.556 
6.2050	 500	 5.556 
6.2060	 501	 5.556 
6.2100	 504	 5.556 
6.2150	 509	 5.556 
6.2200	 487	 5.556 
6.2250	 471	 5.556 
6.2300	 432	 5.556 
6.2350	 413	 5.556 
6.2400	 410	 5.556 
6.2450	 398	 5.556 
6.2500	 402	 5.556 
6.2550	 394	 5.556 
6.2600	 394	 5.556 
6.2650	 405	 5.556 
6.2700	 416	 5.556 
6.2750	 454	 5.556 
6.2800	 464	 5.556 
6.2850	 477	 5.556 
6.2900	 488	 5.556 
6.2950	 480	 5.556 
6.3050	 481	 5.882 
6.3060	 484	 5.882 
6.3100	 468	 5.882 
6.3150	 443	 5.882 
6.3200	 409	 5.882 
6.3250	 400	 5.882 
6.3300	 387	 5.882 
6.3350	 386	 5.882 
6.3400	 388	 5.882 
6.3450	 381	 5.882 
6.3500	 387	 5.882 
6.3550	 394	 5.882 
6.3600	 420	 5.882 
6.3650	 460	 5.882 
6.3700	 473	 5.882 
6.3750	 499	 5.882 
6.3800	 494	 5.882 
6.3850	 503	 5.882 
6.3900	 511	 5.882 
6.3950	 494	 5.882 
6.4050	 445	 5.714 
6.4060	 445	 5.714 
6.4100	 423	 5.714 
6.4150	 414	 5.714 
6.4200	 399	 5.714 
6.4250	 403	 5.714 
6.4300	 396	 5.714 
6.4350	 395	 5.714 
6.4400	 402	 5.714 
6.4450	 405	 5.714 
6.4500	 440	 5.714 
6.4550	 455	 5.714 
6.4600	 472	 5.714 
6.4650	 486	 5.714 
6.4700	 478	 5.714 
6.4750	 496	 5.714 
6.4800	 486	 5.714 
6.4850	 481	 5.714 
6.4900	 460	 5.714 
6.4950	 420	 5.714 
6.5050	 390	 5.556 
6.5060	 391	 5.556 
6.5100	 387	 5.556 
6.5150	 388	 5.556 
6.5200	 381	 5.556 
6.5250	 387	 5.556 
6.5300	 388	 5.556 
6.5350	 406	 5.556 
6.5400	 444	 5.556 
6.5450	 464	 5.556 
6.5500	 492	 5.556 
6.5550	 493	 5.556 
6.5600	 502	 5.556 
6.5650	 510	 5.556 
6.5700	 497	 5.556 
6.5750	 499	 5.556 
6.5800	 463	 5.556 
6.5850	 435	 5.556 
6.5900	 418	 5.556 
6.5950	 402	 5.556 
6.6050	 396	 5.556 
6.6060	 398	 5.556 
6.6100	 395	 5.556 
6.6150	 399	 5.556 
6.6200	 399	 5.556 
6.6250	 426	 5.556 
6.6300	 446	 5.556 
6.6350	 465	 5.556 
6.6400	 482	 5.556 
6.6450	 473	 5.556 
6.6500	 493	 5.556 
6.6550	 488	 5.556 
6.6600	 486	 5.556 
6.6650	 475	 5.556 
6.6700	 434	 5.556 
6.6750	 416	 5.556 
6.6800	 395	 5.556 
6.6850	 389	 5.556 
6.6900	 389	 5.556 
6.6950	 381	 5.556 
6.7050	 384	 5.714 
6.7060	 386	 5.714 
6.7100	 395	 5.714 
6.7150	 423	 5.714 
6.7200	 449	 5.714 
6.7250	 486	 5.714 
6.7300	 488	 5.714 
6.7350	 499	 5.714 
6.7400	 509	 5.714 
6.7450	 498	 5.714 
6.7500	 507	 5.714 
6.7550	 479	 5.714 
6.7600	 452	 5.714 
6.7650	 428	 5.714 
6.7700	 406	 5.714 
6.7750	 407	 5.714 
6.7800	 398	 5.714 
6.7850	 397	 5.714 
6.7900	 398	 5.714 
6.7950	 396	 5.714 
6.8050	 433	 5.556 
6.8060	 438	 5.556 
6.8100	 457	 5.556 
6.8150	 478	 5.556 
6.8200	 475	 5.556 
6.8250	 490	 5.556 
6.8300	 485	 5.556 
6.8350	 488	 5.556 
6.8400	 487	 5.556 
6.8450	 456	 5.556 
6.8500	 429	 5.556 
6.8550	 401	 5.556 
6.8600	 393	 5.556 
6.8650	 390	 5.556 
6.8700	 383	 5.556 
6.8750	 387	 5.556 
6.8800	 382	 5.556 
6.8850	 388	 5.556 
6.8900	 407	 5.556 
6.8950	 431	 5.556 
6.9050	 482	 5.556 
6.9060	 485	 5.556 
6.9100	 496	 5.556 
6.9150	 506	 5.556 
6.9200	 497	 5.556 
6.9250	 512	 5.556 
6.9300	 492	 5.556 
6.9350	 469	 5.556 
6.9400	 441	 5.556 
6.9450	 413	 5.556 
6.9500	 411	 5.556 
6.9550	 400	 5.556 
6.9600	 398	 5.556 
6.9650	 399	 5.556 
6.9700	 392	 5.556 
6.9750	 405	 5.556 
6.9800	 417	 5.556 
6.9850	 445	 5.556 
6.9900	 469	 5.556 
6.9950	 471	 5.556 
7.0050	 480	 5.556 
7.0060	 486	 5.556 
7.0100	 490	 5.556 
7.0150	 490	 5.556 
7.0200	 470	 5.556 
7.0250	 447	 5.556 
7.0300	 413	 5.556 
7.0350	 397	 5.556 
7.0400	 393	 5.556 
7.0450	 383	 5.556 
7.0500	 387	 5.556 
7.0550	 381	 5.556 
7.0600	 385	 5.556 
7.0650	 396	 5.556 
7.0700	 413	 5.556 
7.0750	 458	 5.556 
7.0800	 475	 5.556 
7.0850	 491	 5.556 
7.0900	 502	 5.556 
7.0950	 496	 5.556 
7.1050	 498	 5.882 
7.1060	 499	 5.882 
7.1100	 485	 5.882 
7.1150	 457	 5.882 
7.1200	 422	 5.882 
7.1250	 415	 5.882 
7.1300	 402	 5.882 
7.1350	 400	 5.882 
7.1400	 400	 5.882 
7.1450	 392	 5.882 
7.1500	 401	 5.882 
7.1550	 405	 5.882 
7.1600	 431	 5.882 
7.1650	 459	 5.882 
7.1700	 465	 5.882 
7.1750	 487	 5.882 
7.1800	 480	 5.882 
7.1850	 487	 5.882 
7.1900	 494	 5.882 
7.1950	 478	 5.882 
7.2050	 425	 5.714 
7.2060	 426	 5.714 
7.2100	 406	 5.714 
7.2150	 396	 5.714 
7.2200	 386	 5.714 
7.2250	 390	 5.714 
7.2300	 382	 5.714 
7.2350	 384	 5.714 
7.2400	 390	 5.714 
7.2450	 399	 5.714 
7.2500	 437	 5.714 
7.2550	 461	 5.714 
7.2600	 483	 5.714 
7.2650	 500	 5.714 
7.2700	 494	 5.714 
7.2750	 511	 5.714 
7.2800	 497	 5.714 
7.2850	 496	 5.714 
7.2900	 476	 5.714 
7.2950	 437	 5.714 
7.3050	 405	 5.714 
7.3060	 405	 5.714 
7.3100	 403	 5.714 
7.3150	 401	 5.714 
7.3200	 392	 5.714 
7.3250	 400	 5.714 
7.3300	 398	 5.714 
7.3350	 416	 5.714 
7.3400	 447	 5.714 
7.3450	 458	 5.714 
7.3500	 483	 5.714 
7.3550	 478	 5.714 
7.3600	 486	 5.714 
7.3650	 495	 5.714 
7.3700	 482	 5.714 
7.3750	 482	 5.714 
7.3800	 445	 5.714 
7.3850	 418	 5.714 
7.3900	 401	 5.714 
7.3950	 388	 5.714 
7.4050	 382	 5.714 
7.4060	 385	 5.714 
7.4100	 383	 5.714 
7.4150	 387	 5.714 
7.4200	 389	 5.714 
7.4250	 416	 5.714 
7.4300	 444	 5.714 
7.4350	 476	 5.714 
7.4400	 494	 5.714 
7.4450	 491	 5.714 
7.4500	 509	 5.714 
7.4550	 500	 5.714 
7.4600	 503	 5.714 
7.4650	 491	 5.714 
7.4700	 453	 5.714 
7.4750	 433	 5.714 
7.4800	 410	 5.714 
7.4850	 405	 5.714 
7.4900	 403	 5.714 
7.4950	 394	 5.714 
7.5050	 394	 5.556 
7.5060	 394	 5.556 
7.5100	 406	 5.556 
7.5150	 432	 5.556 
7.5200	 448	 5.556 
7.5250	 477	 5.556 
7.5300	 476	 5.556 
7.5350	 483	 5.556 
7.5400	 491	 5.556 
7.5450	 483	 5.556 
7.5500	 491	 5.556 
7.5550	 460	 5.556 
7.5600	 433	 5.556 
7.5650	 410	 5.556 
7.5700	 392	 5.556 
7.5750	 392	 5.556 
7.5800	 384	 5.556 
7.5850	 384	 5.556 
7.5900	 386	 5.556 
7.5950	 383	 5.556 
7.6050	 428	 5.556 
7.6060	 429	 5.556 
7.6100	 463	 5.556 
7.6150	 488	 5.556 
7.6200	 488	 5.556 
7.6250	 508	 5.556 
7.6300	 499	 5.556 
7.6350	 505	 5.556 
7.6400	 501	 5.556 
7.6450	 471	 5.556 
7.6500	 448	 5.556 
7.6550	 418	 5.556 
7.6600	 409	 5.556 
7.6650	 405	 5.556 
7.6700	 396	 5.556 
7.6750	 400	 5.556 
7.6800	 394	 5.556 
7.6850	 400	 5.556 
7.6900	 417	 5.556 
7.6950	 436	 5.556 
7.7050	 472	 5.556 
7.7060	 474	 5.556 
7.7100	 483	 5.556 
7.7150	 488	 5.556 
7.7200	 484	 5.556 
7.7250	 496	 5.556 
7.7300	 474	 5.556 
7.7350	 451	 5.556 
7.7400	 420	 5.556 
7.7450	 397	 5.556 
7.7500	 394	 5.556 
7.7550	 385	 5.556 
7.7600	 385	 5.556 
7.7650	 386	 5.556 
7.7700	 381	 5.556 
7.7750	 394	 5.556 
7.7800	 409	 5.556 
7.7850	 445	 5.556 
7.7900	 477	 5.556 
7.7950	 482	 5.556 
7.8050	 497	 5.556 
7.8060	 499	 5.556 
7.8100	 506	 5.556 
7.8150	 506	 5.556 
7.8200	 484	 5.556 
7.8250	 467	 5.556 
7.8300	 428	 5.556 
7.8350	 414	 5.556 
7.8400	 408	 5.556 
7.8450	 398	 5.556 
7.8500	 403	 5.556 
7.8550	 395	 5.556 
7.8600	 397	 5.556 
7.8650	 407	 5.556 
7.8700	 422	 5.556 
7.8750	 457	 5.556 
7.8800	 463	 5.556 
7.8850	 479	 5.556 
7.8900	 486	 5.556 
7.8950	 482	 5.556 
7.9050	 480	 5.882 
7.9060	 482	 5.882 
7.9100	 469	 5.882 
7.9150	 437	 5.882 
7.9200	 407	 5.882 
7.9250	 400	 5.882 
7.9300	 388	 5.882 
7.9350	 387	 5.882 
7.9400	 386	 5.882 
7.9450	 381	 5.882 
7.9500	 390	 5.882 
7.9550	 395	 5.882 
7.9600	 426	 5.882 
7.9650	 463	 5.882 
7.9700	 476	 5.882 
7.9750	 500	 5.882 
7.9800	 495	 5.882 
7.9850	 506	 5.882 
7.9900	 508	 5.882 
7.9950	 494	 5.882 
