0.0050
0.0000	 379	 0.000 
0.0050	 369	 0.000 
0.0100	 376	 0.000 
0.0150	 373	 0.000 
0.0200	 371	 0.000 
0.0250	 378	 0.000 
0.0300	 368	 0.000 
0.0350	 376	 0.000 
0.0400	 372	 0.000 
0.0450	 370	 0.000 
0.0500	 377	 0.000 
0.0550	 368	 0.000 
0.0600	 375	 0.000 
0.0650	 373	 0.000 
0.0700	 370	 0.000 
0.0750	 378	 0.000 
0.0800	 368	 0.000 
0.0850	 376	 0.000 
0.0900	 372	 0.000 
0.0950	 370	 0.000 
0.1000	 378	 0.000 
0.1050	 368	 0.000 
0.1100	 376	 0.000 
0.1150	 373	 0.000 
0.1200	 371	 0.000 
0.1250	 378	 0.000 
0.1300	 369	 0.000 
0.1350	 376	 0.000 
0.1400	 373	 0.000 
0.1450	 371	 0.000 
0.1500	 378	 0.000 
0.1550	 369	 0.000 
0.1600	 377	 0.000 
0.1650	 374	 0.000 
0.1700	 371	 0.000 
0.1750	 378	 0.000 
0.1800	 369	 0.000 
0.1850	 377	 0.000 
0.1900	 374	 0.000 
0.1950	 372	 0.000 
0.2000	 379	 0.000 
0.2050	 370	 0.000 
0.2100	 377	 0.000 
0.2150	 374	 0.000 
0.2200	 372	 0.000 
0.2250	 379	 0.000 
0.2300	 370	 0.000 
0.2350	 377	 0.000 
0.2400	 373	 0.000 
0.2450	 372	 0.000 
0.2500	 379	 0.000 
0.2550	 369	 0.000 
0.2600	 377	 0.000 
0.2650	 373	 0.000 
0.2700	 371	 0.000 
0.2750	 378	 0.000 
0.2800	 369	 0.000 
0.2850	 377	 0.000 
0.2900	 374	 0.000 
0.2950	 372	 0.000 
0.3000	 379	 0.000 
0.3050	 369	 0.000 
0.3100	 377	 0.000 
0.3150	 373	 0.000 
0.3200	 371	 0.000 
0.3250	 378	 0.000 
0.3300	 369	 0.000 
0.3350	 376	 0.000 
0.3400	 373	 0.000 
0.3450	 372	 0.000 
0.3500	 379	 0.000 
0.3550	 369	 0.000 
0.3600	 377	 0.000 
0.3650	 373	 0.000 
0.3700	 372	 0.000 
0.3750	 378	 0.000 
0.3800	 369	 0.000 
0.3850	 377	 0.000 
0.3900	 374	 0.000 
0.3950	 372	 0.000 
0.4000	 379	 0.000 
0.4050	 369	 0.000 
0.4100	 377	 0.000 
0.4150	 373	 0.000 
0.4200	 372	 0.000 
0.4250	 379	 0.000 
0.4300	 370	 0.000 
0.4350	 378	 0.000 
0.4400	 373	 0.000 
0.4450	 372	 0.000 
0.4500	 379	 0.000 
0.4550	 370	 0.000 
0.4600	 378	 0.000 
0.4650	 374	 0.000 
0.4700	 373	 0.000 
0.4750	 379	 0.000 
0.4800	 370	 0.000 
0.4850	 379	 0.000 
0.4900	 375	 0.000 
0.4950	 373	 0.000 
0.5000	 379	 0.000 
0.5050	 370	 0.000 
0.5100	 378	 0.000 
0.5150	 374	 0.000 
0.5200	 374	 0.000 
0.5250	 380	 0.000 
0.5300	 371	 0.000 
0.5350	 378	 0.000 
0.5400	 375	 0.000 
0.5450	 374	 0.000 
0.5500	 380	 0.000 
0.5550	 371	 0.000 
0.5600	 379	 0.000 
0.5650	 375	 0.000 
0.5700	 374	 0.000 
0.5750	 381	 0.000 
0.5800	 372	 0.000 
0.5850	 380	 0.000 
0.5900	 376	 0.000 
0.5950	 375	 0.000 
0.6000	 381	 0.000 
0.6050	 371	 0.000 
0.6100	 379	 0.000 
0.6150	 375	 0.000 
0.6200	 375	 0.000 
0.6250	 381	 0.000 
0.6300	 372	 0.000 
0.6350	 380	 0.000 
0.6400	 375	 0.000 
0.6450	 375	 0.000 
0.6500	 381	 0.000 
0.6550	 371	 0.000 
0.6600	 380	 0.000 
0.6650	 375	 0.000 
0.6700	 375	 0.000 
0.6750	 381	 0.000 
0.6800	 372	 0.000 
0.6850	 380	 0.000 
0.6900	 376	 0.000 
0.6950	 375	 0.000 
0.7000	 381	 0.000 
0.7050	 372	 0.000 
0.7100	 380	 0.000 
0.7150	 376	 0.000 
0.7200	 375	 0.000 
0.7250	 381	 0.000 
0.7300	 372	 0.000 
0.7350	 380	 0.000 
0.7400	 376	 0.000 
0.7450	 375	 0.000 
0.7500	 381	 0.000 
0.7550	 372	 0.000 
0.7600	 380	 0.000 
0.7650	 375	 0.000 
0.7700	 375	 0.000 
0.7750	 380	 0.000 
0.7800	 372	 0.000 
0.7850	 380	 0.000 
0.7900	 375	 0.000 
0.7950	 375	 0.000 
0.8000	 380	 0.000 
0.8050	 372	 0.000 
0.8100	 379	 0.000 
0.8150	 375	 0.000 
0.8200	 374	 0.000 
0.8250	 381	 0.000 
0.8300	 372	 0.000 
0.8350	 380	 0.000 
0.8400	 376	 0.000 
0.8450	 375	 0.000 
0.8500	 381	 0.000 
0.8550	 372	 0.000 
0.8600	 380	 0.000 
0.8650	 375	 0.000 
0.8700	 376	 0.000 
0.8750	 381	 0.000 
0.8800	 373	 0.000 
0.8850	 381	 0.000 
0.8900	 378	 0.000 
0.8950	 376	 0.000 
0.9000	 382	 0.000 
0.9050	 373	 0.000 
0.9100	 380	 0.000 
0.9150	 376	 0.000 
0.9200	 376	 0.000 
0.9250	 382	 0.000 
0.9300	 373	 0.000 
0.9350	 381	 0.000 
0.9400	 377	 0.000 
0.9450	 377	 0.000 
0.9500	 382	 0.000 
0.9550	 373	 0.000 
0.9600	 382	 0.000 
0.9650	 377	 0.000 
0.9700	 376	 0.000 
0.9750	 381	 0.000 
0.9800	 374	 0.000 
0.9850	 382	 0.000 
0.9900	 377	 0.000 
0.9950	 377	 0.000 
1.0050	 373	 0.000 
1.0050	 375	 0.000 
1.0100	 382	 0.000 
1.0150	 378	 0.000 
1.0200	 377	 0.000 
1.0250	 383	 0.000 
1.0300	 374	 0.000 
1.0350	 381	 0.000 
1.0400	 377	 0.000 
1.0450	 377	 0.000 
1.0500	 384	 0.000 
1.0550	 378	 0.000 
1.0600	 394	 0.000 
1.0650	 400	 0.000 
1.0700	 416	 0.000 
1.0750	 442	 0.000 
1.0800	 443	 0.000 
1.0850	 465	 0.000 
1.0900	 463	 0.000 
1.0950	 466	 0.000 
1.1000	 477	 0.000 
1.1050	 468	 0.000 
1.1100	 482	 0.000 
1.1150	 470	 0.000 
1.1200	 458	 0.000 
1.1250	 438	 0.000 
1.1300	 404	 0.000 
1.1350	 395	 0.000 
1.1400	 381	 0.000 
1.1450	 377	 0.000 
1.1500	 378	 0.000 
1.1550	 371	 0.000 
1.1600	 375	 0.000 
1.1650	 375	 0.000 
1.1700	 385	 0.000 
1.1750	 414	 0.000 
1.1800	 436	 0.000 
1.1850	 472	 0.000 
1.1900	 474	 0.000 
1.1950	 484	 0.000 
1.2000	 497	 0.000 
1.2050	 484	 0.000 
1.2100	 495	 0.000 
1.2150	 472	 0.000 
1.2200	 445	 0.000 
1.2250	 422	 0.000 
1.2300	 397	 0.000 
1.2350	 397	 0.000 
1.2400	 388	 0.000 
1.2450	 385	 0.000 
1.2500	 387	 0.000 
1.2550	 380	 0.000 
1.2600	 396	 0.000 
1.2650	 410	 0.000 
1.2700	 435	 0.000 
1.2750	 459	 0.000 
1.2800	 456	 0.000 
1.2850	 473	 0.000 
1.2900	 470	 0.000 
1.2950	 475	 0.000 
1.3000	 476	 0.000 
1.3050	 446	 0.000 
1.3100	 423	 0.000 
1.3150	 396	 0.000 
1.3200	 385	 0.000 
1.3250	 382	 0.000 
1.3300	 373	 0.000 
1.3350	 377	 0.000 
1.3400	 373	 0.000 
1.3450	 378	 0.000 
1.3500	 399	 0.000 
1.3550	 421	 0.000 
1.3600	 463	 0.000 
1.3650	 471	 0.000 
1.3700	 482	 0.000 
1.3750	 494	 0.000 
1.3800	 484	 0.000 
1.3850	 495	 0.000 
1.3900	 475	 0.000 
1.3950	 447	 0.000 
1.4000	 424	 0.000 
1.4050	 398	 0.000 
1.4100	 397	 0.000 
1.4150	 388	 0.000 
1.4200	 385	 0.000 
1.4250	 387	 0.000 
1.4300	 380	 0.000 
1.4350	 398	 0.000 
1.4400	 413	 0.000 
1.4450	 438	 0.000 
1.4500	 461	 0.000 
1.4550	 457	 0.000 
1.4600	 474	 0.000 
1.4650	 471	 0.000 
1.4700	 475	 0.000 
1.4750	 473	 0.000 
1.4800	 440	 0.000 
1.4850	 417	 0.000 
1.4900	 394	 0.000 
1.4950	 382	 0.000 
1.5060	 372	 5.714 
1.5060	 374	 5.714 
1.5100	 378	 5.714 
1.5150	 373	 5.714 
1.5200	 381	 5.714 
1.5250	 405	 5.714 
1.5300	 430	 5.714 
1.5350	 469	 5.714 
1.5400	 474	 5.714 
1.5450	 484	 5.714 
1.5500	 495	 5.714 
1.5550	 484	 5.714 
1.5600	 494	 5.714 
1.5650	 469	 5.714 
1.5700	 440	 5.714 
1.5750	 418	 5.714 
1.5800	 395	 5.714 
1.5850	 396	 5.714 
1.5900	 388	 5.714 
1.5950	 384	 5.714 
1.6050	 381	 5.714 
1.6060	 384	 5.714 
1.6100	 403	 5.714 
1.6150	 421	 5.714 
1.6200	 444	 5.714 
1.6250	 464	 5.714 
1.6300	 460	 5.714 
1.6350	 477	 5.714 
1.6400	 473	 5.714 
1.6450	 474	 5.714 
1.6500	 468	 5.714 
1.6550	 432	 5.714 
1.6600	 410	 5.714 
1.6650	 389	 5.714 
1.6700	 381	 5.714 
1.6750	 380	 5.714 
1.6800	 372	 5.714 
1.6850	 377	 5.714 
1.6900	 374	 5.714 
1.6950	 385	 5.714 
1.7060	 443	 5.882 
1.7060	 443	 5.882 
1.7100	 475	 5.882 
1.7150	 476	 5.882 
1.7200	 485	 5.882 
1.7250	 496	 5.882 
1.7300	 483	 5.882 
1.7350	 491	 5.882 
1.7400	 461	 5.882 
1.7450	 431	 5.882 
1.7500	 412	 5.882 
1.7550	 393	 5.882 
1.7600	 395	 5.882 
1.7650	 386	 5.882 
1.7700	 384	 5.882 
1.7750	 387	 5.882 
1.7800	 385	 5.882 
1.7850	 409	 5.882 
1.7900	 428	 5.882 
1.7950	 449	 5.882 
1.8050	 461	 5.714 
1.8060	 460	 5.714 
1.8100	 478	 5.714 
1.8150	 473	 5.714 
1.8200	 472	 5.714 
1.8250	 462	 5.714 
1.8300	 422	 5.714 
1.8350	 404	 5.714 
1.8400	 385	 5.714 
1.8450	 379	 5.714 
1.8500	 380	 5.714 
1.8550	 373	 5.714 
1.8600	 377	 5.714 
1.8650	 377	 5.714 
1.8700	 391	 5.714 
1.8750	 427	 5.714 
1.8800	 448	 5.714 
1.8850	 479	 5.714 
1.8900	 480	 5.714 
1.8950	 488	 5.714 
1.9050	 481	 5.747 
1.9060	 480	 5.747 
1.9100	 486	 5.747 
1.9150	 452	 5.747 
1.9200	 422	 5.747 
1.9250	 408	 5.747 
1.9300	 391	 5.747 
1.9350	 394	 5.747 
1.9400	 386	 5.747 
1.9450	 384	 5.747 
1.9500	 388	 5.747 
1.9550	 389	 5.747 
1.9600	 419	 5.747 
1.9650	 436	 5.747 
1.9700	 455	 5.747 
1.9750	 470	 5.747 
1.9800	 463	 5.747 
1.9850	 482	 5.747 
1.9900	 473	 5.747 
1.9950	 469	 5.747 
2.0050	 409	 5.882 
2.0060	 411	 5.882 
2.0100	 399	 5.882 
2.0150	 383	 5.882 
2.0200	 378	 5.882 
2.0250	 379	 5.882 
2.0300	 372	 5.882 
2.0350	 379	 5.882 
2.0400	 380	 5.882 
2.0450	 400	 5.882 
2.0500	 438	 5.882 
2.0550	 456	 5.882 
2.0600	 483	 5.882 
2.0650	 482	 5.882 
2.0700	 490	 5.882 
2.0750	 496	 5.882 
2.0800	 480	 5.882 
2.0850	 480	 5.882 
2.0900	 441	 5.882 
2.0950	 415	 5.882 
2.1050	 388	 5.714 
2.1060	 388	 5.714 
2.1100	 394	 5.714 
2.1150	 385	 5.714 
2.1200	 384	 5.714 
2.1250	 390	 5.714 
2.1300	 394	 5.714 
2.1350	 429	 5.714 
2.1400	 442	 5.714 
2.1450	 459	 5.714 
2.1500	 471	 5.714 
2.1550	 464	 5.714 
2.1600	 483	 5.714 
2.1650	 472	 5.714 
2.1700	 464	 5.714 
2.1750	 440	 5.714 
2.1800	 404	 5.714 
2.1850	 394	 5.714 
2.1900	 380	 5.714 
2.1950	 377	 5.714 
2.2050	 370	 5.714 
2.2060	 372	 5.714 
2.2100	 379	 5.714 
2.2150	 385	 5.714 
2.2200	 409	 5.714 
2.2250	 448	 5.714 
2.2300	 462	 5.714 
2.2350	 487	 5.714 
2.2400	 483	 5.714 
2.2450	 490	 5.714 
2.2500	 497	 5.714 
2.2550	 478	 5.714 
2.2600	 470	 5.714 
2.2650	 430	 5.714 
2.2700	 409	 5.714 
2.2750	 401	 5.714 
2.2800	 388	 5.714 
2.2850	 393	 5.714 
2.2900	 383	 5.714 
2.2950	 384	 5.714 
2.3050	 401	 5.882 
2.3060	 404	 5.882 
2.3100	 438	 5.882 
2.3150	 448	 5.882 
2.3200	 463	 5.882 
2.3250	 472	 5.882 
2.3300	 466	 5.882 
2.3350	 484	 5.882 
2.3400	 470	 5.882 
2.3450	 457	 5.882 
2.3500	 429	 5.882 
2.3550	 398	 5.882 
2.3600	 390	 5.882 
2.3650	 380	 5.882 
2.3700	 377	 5.882 
2.3750	 378	 5.882 
2.3800	 371	 5.882 
2.3850	 382	 5.882 
2.3900	 391	 5.882 
2.3950	 422	 5.882 
2.4050	 467	 5.882 
2.4060	 468	 5.882 
2.4100	 490	 5.882 
2.4150	 485	 5.882 
2.4200	 492	 5.882 
2.4250	 496	 5.882 
2.4300	 475	 5.882 
2.4350	 460	 5.882 
2.4400	 421	 5.882 
2.4450	 405	 5.882 
2.4500	 399	 5.882 
2.4550	 387	 5.882 
2.4600	 392	 5.882 
2.4650	 384	 5.882 
2.4700	 385	 5.882 
2.4750	 397	 5.882 
2.4800	 410	 5.882 
2.4850	 446	 5.882 
2.4900	 452	 5.882 
2.4950	 466	 5.882 
2.5050	 466	 5.714 
2.5060	 471	 5.714 
2.5100	 485	 5.714 
2.5150	 468	 5.714 
2.5200	 449	 5.714 
2.5250	 420	 5.714 
2.5300	 393	 5.714 
2.5350	 388	 5.714 
2.5400	 379	 5.714 
2.5450	 377	 5.714 
2.5500	 378	 5.714 
2.5550	 373	 5.714 
2.5600	 385	 5.714 
2.5650	 399	 5.714 
2.5700	 433	 5.714 
2.5750	 467	 5.714 
2.5800	 471	 5.714 
2.5850	 493	 5.714 
2.5900	 486	 5.714 
2.5950	 492	 5.714 
2.6050	 464	 5.882 
2.6060	 464	 5.882 
2.6100	 450	 5.882 
2.6150	 415	 5.882 
2.6200	 403	 5.882 
2.6250	 398	 5.882 
2.6300	 386	 5.882 
2.6350	 391	 5.882 
2.6400	 383	 5.882 
2.6450	 387	 5.882 
2.6500	 403	 5.882 
2.6550	 417	 5.882 
2.6600	 452	 5.882 
2.6650	 457	 5.882 
2.6700	 467	 5.882 
2.6750	 476	 5.882 
2.6800	 471	 5.882 
2.6850	 483	 5.882 
2.6900	 462	 5.882 
2.6950	 440	 5.882 
2.7060	 386	 5.714 
2.7060	 389	 5.714 
2.7100	 386	 5.714 
2.7150	 377	 5.714 
2.7200	 376	 5.714 
2.7250	 377	 5.714 
2.7300	 373	 5.714 
2.7350	 390	 5.714 
2.7400	 407	 5.714 
2.7450	 443	 5.714 
2.7500	 472	 5.714 
2.7550	 474	 5.714 
2.7600	 495	 5.714 
2.7650	 487	 5.714 
2.7700	 492	 5.714 
2.7750	 491	 5.714 
2.7800	 461	 5.714 
2.7850	 441	 5.714 
2.7900	 409	 5.714 
2.7950	 399	 5.714 
2.8060	 384	 5.714 
2.8060	 387	 5.714 
2.8100	 391	 5.714 
2.8150	 384	 5.714 
2.8200	 390	 5.714 
2.8250	 409	 5.714 
2.8300	 426	 5.714 
2.8350	 458	 5.714 
2.8400	 459	 5.714 
2.8450	 469	 5.714 
2.8500	 478	 5.714 
2.8550	 472	 5.714 
2.8600	 481	 5.714 
2.8650	 456	 5.714 
2.8700	 428	 5.714 
2.8750	 405	 5.714 
2.8800	 385	 5.714 
2.8850	 385	 5.714 
2.8900	 376	 5.714 
2.8950	 376	 5.714 
2.9050	 375	 6.098 
2.9060	 377	 6.098 
2.9100	 396	 6.098 
2.9150	 418	 6.098 
2.9200	 454	 6.098 
2.9250	 477	 6.098 
2.9300	 477	 6.098 
2.9350	 495	 6.098 
2.9400	 486	 6.098 
2.9450	 491	 6.098 
2.9500	 486	 6.098 
2.9550	 452	 6.098 
2.9600	 430	 6.098 
2.9650	 404	 6.098 
2.9700	 397	 6.098 
2.9750	 395	 6.098 
2.9800	 385	 6.098 
2.9850	 390	 6.098 
2.9900	 382	 6.098 
2.9950	 394	 6.098 
3.0050	 432	 5.882 
3.0060	 436	 5.882 
3.0100	 463	 5.882 
3.0150	 462	 5.882 
3.0200	 470	 5.882 
3.0250	 480	 5.882 
3.0300	 472	 5.882 
3.0350	 479	 5.882 
3.0400	 447	 5.882 
3.0450	 419	 5.882 
3.0500	 399	 5.882 
3.0550	 382	 5.882 
3.0600	 383	 5.882 
3.0650	 375	 5.882 
3.0700	 375	 5.882 
3.0750	 377	 5.882 
3.0800	 378	 5.882 
3.0850	 403	 5.882 
3.0900	 429	 5.882 
3.0950	 462	 5.882 
3.1050	 477	 5.714 
3.1060	 478	 5.714 
3.1100	 497	 5.714 
3.1150	 488	 5.714 
3.1200	 490	 5.714 
3.1250	 480	 5.714 
3.1300	 442	 5.714 
3.1350	 423	 5.714 
3.1400	 401	 5.714 
3.1450	 395	 5.714 
3.1500	 393	 5.714 
3.1550	 384	 5.714 
3.1600	 390	 5.714 
3.1650	 385	 5.714 
3.1700	 398	 5.714 
3.1750	 425	 5.714 
3.1800	 440	 5.714 
3.1850	 467	 5.714 
3.1900	 464	 5.714 
3.1950	 472	 5.714 
3.2050	 469	 5.747 
3.2060	 472	 5.747 
3.2100	 474	 5.747 
3.2150	 439	 5.747 
3.2200	 412	 5.747 
3.2250	 394	 5.747 
3.2300	 380	 5.747 
3.2350	 382	 5.747 
3.2400	 375	 5.747 
3.2450	 375	 5.747 
3.2500	 378	 5.747 
3.2550	 381	 5.747 
3.2600	 411	 5.747 
3.2650	 437	 5.747 
3.2700	 467	 5.747 
3.2750	 483	 5.747 
3.2800	 480	 5.747 
3.2850	 499	 5.747 
3.2900	 485	 5.747 
3.2950	 489	 5.747 
3.3060	 431	 5.882 
3.3060	 431	 5.882 
3.3100	 418	 5.882 
3.3150	 398	 5.882 
3.3200	 394	 5.882 
3.3250	 392	 5.882 
3.3300	 383	 5.882 
3.3350	 390	 5.882 
3.3400	 387	 5.882 
3.3450	 404	 5.882 
3.3500	 432	 5.882 
3.3550	 445	 5.882 
3.3600	 470	 5.882 
3.3650	 464	 5.882 
3.3700	 474	 5.882 
3.3750	 483	 5.882 
3.3800	 471	 5.882 
3.3850	 469	 5.882 
3.3900	 432	 5.882 
3.3950	 407	 5.882 
3.4050	 378	 5.882 
3.4060	 379	 5.882 
3.4100	 382	 5.882 
3.4150	 374	 5.882 
3.4200	 375	 5.882 
3.4250	 379	 5.882 
3.4300	 386	 5.882 
3.4350	 419	 5.882 
3.4400	 445	 5.882 
3.4450	 471	 5.882 
3.4500	 485	 5.882 
3.4550	 482	 5.882 
3.4600	 500	 5.882 
3.4650	 487	 5.882 
3.4700	 487	 5.882 
3.4750	 465	 5.882 
3.4800	 427	 5.882 
3.4850	 414	 5.882 
3.4900	 396	 5.882 
3.4950	 393	 5.882 
3.5050	 382	 5.747 
3.5060	 383	 5.747 
3.5100	 391	 5.747 
3.5150	 389	 5.747 
3.5200	 410	 5.747 
3.5250	 438	 5.747 
3.5300	 449	 5.747 
3.5350	 473	 5.747 
3.5400	 465	 5.747 
3.5450	 476	 5.747 
3.5500	 483	 5.747 
3.5550	 469	 5.747 
3.5600	 462	 5.747 
3.5650	 422	 5.747 
3.5700	 401	 5.747 
3.5750	 389	 5.747 
3.5800	 378	 5.747 
3.5850	 381	 5.747 
3.5900	 373	 5.747 
3.5950	 375	 5.747 
3.6050	 392	 5.714 
3.6060	 392	 5.714 
3.6100	 429	 5.714 
3.6150	 453	 5.714 
3.6200	 476	 5.714 
3.6250	 487	 5.714 
3.6300	 483	 5.714 
3.6350	 500	 5.714 
3.6400	 486	 5.714 
3.6450	 481	 5.714 
3.6500	 456	 5.714 
3.6550	 418	 5.714 
3.6600	 410	 5.714 
3.6650	 394	 5.714 
3.6700	 393	 5.714 
3.6750	 391	 5.714 
3.6800	 382	 5.714 
3.6850	 392	 5.714 
3.6900	 394	 5.714 
3.6950	 418	 5.714 
3.7050	 452	 5.714 
3.7060	 455	 5.714 
3.7100	 474	 5.714 
3.7150	 467	 5.714 
3.7200	 478	 5.714 
3.7250	 481	 5.714 
3.7300	 466	 5.714 
3.7350	 453	 5.714 
3.7400	 414	 5.714 
3.7450	 396	 5.714 
3.7500	 386	 5.714 
3.7550	 377	 5.714 
3.7600	 381	 5.714 
3.7650	 373	 5.714 
3.7700	 376	 5.714 
3.7750	 384	 5.714 
3.7800	 399	 5.714 
3.7850	 441	 5.714 
3.7900	 460	 5.714 
3.7950	 479	 5.714 
3.8060	 484	 5.882 
3.8060	 484	 5.882 
3.8100	 502	 5.882 
3.8150	 484	 5.882 
3.8200	 476	 5.882 
3.8250	 446	 5.882 
3.8300	 412	 5.882 
3.8350	 406	 5.882 
3.8400	 392	 5.882 
3.8450	 392	 5.882 
3.8500	 390	 5.882 
3.8550	 383	 5.882 
3.8600	 394	 5.882 
3.8650	 398	 5.882 
3.8700	 427	 5.882 
3.8750	 451	 5.882 
3.8800	 457	 5.882 
3.8850	 477	 5.882 
3.8900	 468	 5.882 
3.8950	 481	 5.882 
3.9050	 458	 5.882 
3.9060	 458	 5.882 
3.9100	 443	 5.882 
3.9150	 406	 5.882 
3.9200	 393	 5.882 
3.9250	 385	 5.882 
3.9300	 377	 5.882 
3.9350	 380	 5.882 
3.9400	 373	 5.882 
3.9450	 378	 5.882 
3.9500	 389	 5.882 
3.9550	 408	 5.882 
3.9600	 453	 5.882 
3.9650	 465	 5.882 
3.9700	 483	 5.882 
3.9750	 492	 5.882 
3.9800	 486	 5.882 
3.9850	 501	 5.882 
3.9900	 481	 5.882 
3.9950	 467	 5.882 
4.0050	 404	 5.714 
4.0060	 406	 5.714 
4.0100	 404	 5.714 
4.0150	 391	 5.714 
4.0200	 392	 5.714 
4.0250	 389	 5.714 
4.0300	 383	 5.714 
4.0350	 396	 5.714 
4.0400	 405	 5.714 
4.0450	 436	 5.714 
4.0500	 457	 5.714 
4.0550	 460	 5.714 
4.0600	 477	 5.714 
4.0650	 471	 5.714 
4.0700	 482	 5.714 
4.0750	 479	 5.714 
4.0800	 455	 5.714 
4.0850	 433	 5.714 
4.0900	 400	 5.714 
4.0950	 389	 5.714 
4.1050	 374	 5.882 
4.1060	 374	 5.882 
4.1100	 380	 5.882 
4.1150	 373	 5.882 
4.1200	 379	 5.882 
4.1250	 396	 5.882 
4.1300	 420	 5.882 
4.1350	 463	 5.882 
4.1400	 470	 5.882 
4.1450	 487	 5.882 
4.1500	 493	 5.882 
4.1550	 488	 5.882 
4.1600	 500	 5.882 
4.1650	 477	 5.882 
4.1700	 457	 5.882 
4.1750	 427	 5.882 
4.1800	 403	 5.882 
4.1850	 402	 5.882 
4.1900	 391	 5.882 
4.1950	 390	 5.882 
4.2060	 384	 5.882 
4.2060	 385	 5.882 
4.2100	 401	 5.882 
4.2150	 413	 5.882 
4.2200	 443	 5.882 
4.2250	 460	 5.882 
4.2300	 463	 5.882 
4.2350	 480	 5.882 
4.2400	 474	 5.882 
4.2450	 481	 5.882 
4.2500	 475	 5.882 
4.2550	 447	 5.882 
4.2600	 421	 5.882 
4.2650	 395	 5.882 
4.2700	 387	 5.882 
4.2750	 381	 5.882 
4.2800	 375	 5.882 
4.2850	 380	 5.882 
4.2900	 374	 5.882 
4.2950	 383	 5.882 
4.3050	 432	 5.714 
4.3060	 435	 5.714 
4.3100	 471	 5.714 
4.3150	 473	 5.714 
4.3200	 489	 5.714 
4.3250	 494	 5.714 
4.3300	 489	 5.714 
4.3350	 498	 5.714 
4.3400	 471	 5.714 
4.3450	 447	 5.714 
4.3500	 420	 5.714 
4.3550	 399	 5.714 
4.3600	 400	 5.714 
4.3650	 389	 5.714 
4.3700	 390	 5.714 
4.3750	 389	 5.714 
4.3800	 386	 5.714 
4.3850	 406	 5.714 
4.3900	 422	 5.714 
4.3950	 451	 5.714 
4.4050	 464	 5.714 
4.4060	 466	 5.714 
4.4100	 480	 5.714 
4.4150	 474	 5.714 
4.4200	 480	 5.714 
4.4250	 470	 5.714 
4.4300	 436	 5.714 
4.4350	 413	 5.714 
4.4400	 390	 5.714 
4.4450	 384	 5.714 
4.4500	 381	 5.714 
4.4550	 374	 5.714 
4.4600	 379	 5.714 
4.4650	 375	 5.714 
4.4700	 388	 5.714 
4.4750	 414	 5.714 
4.4800	 443	 5.714 
4.4850	 478	 5.714 
4.4900	 476	 5.714 
4.4950	 491	 5.714 
4.5050	 486	 5.882 
4.5060	 487	 5.882 
4.5100	 495	 5.882 
4.5150	 461	 5.882 
4.5200	 435	 5.882 
4.5250	 413	 5.882 
4.5300	 397	 5.882 
4.5350	 398	 5.882 
4.5400	 388	 5.882 
4.5450	 389	 5.882 
4.5500	 389	 5.882 
4.5550	 389	 5.882 
4.5600	 415	 5.882 
4.5650	 431	 5.882 
4.5700	 457	 5.882 
4.5750	 469	 5.882 
4.5800	 466	 5.882 
4.5850	 484	 5.882 
4.5900	 476	 5.882 
4.5950	 478	 5.882 
4.6050	 421	 5.714 
4.6060	 420	 5.714 
4.6100	 406	 5.714 
4.6150	 386	 5.714 
4.6200	 382	 5.714 
4.6250	 379	 5.714 
4.6300	 374	 5.714 
4.6350	 379	 5.714 
4.6400	 378	 5.714 
4.6450	 397	 5.714 
4.6500	 428	 5.714 
4.6550	 454	 5.714 
4.6600	 483	 5.714 
4.6650	 480	 5.714 
4.6700	 494	 5.714 
4.6750	 496	 5.714 
4.6800	 488	 5.714 
4.6850	 489	 5.714 
4.6900	 450	 5.714 
4.6950	 425	 5.714 
4.7050	 393	 5.714 
4.7060	 394	 5.714 
4.7100	 397	 5.714 
4.7150	 386	 5.714 
4.7200	 389	 5.714 
4.7250	 390	 5.714 
4.7300	 394	 5.714 
4.7350	 425	 5.714 
4.7400	 438	 5.714 
4.7450	 462	 5.714 
4.7500	 472	 5.714 
4.7550	 469	 5.714 
4.7600	 487	 5.714 
4.7650	 475	 5.714 
4.7700	 475	 5.714 
4.7750	 450	 5.714 
4.7800	 414	 5.714 
4.7850	 400	 5.714 
4.7900	 383	 5.714 
4.7950	 382	 5.714 
4.8050	 373	 5.714 
4.8060	 374	 5.714 
4.8100	 380	 5.714 
4.8150	 382	 5.714 
4.8200	 405	 5.714 
4.8250	 440	 5.714 
4.8300	 462	 5.714 
4.8350	 488	 5.714 
4.8400	 483	 5.714 
4.8450	 496	 5.714 
4.8500	 497	 5.714 
4.8550	 487	 5.714 
4.8600	 483	 5.714 
4.8650	 441	 5.714 
4.8700	 419	 5.714 
4.8750	 405	 5.714 
4.8800	 394	 5.714 
4.8850	 397	 5.714 
4.8900	 387	 5.714 
4.8950	 389	 5.714 
4.9050	 400	 5.714 
4.9060	 404	 5.714 
4.9100	 435	 5.714 
4.9150	 446	 5.714 
4.9200	 468	 5.714 
4.9250	 475	 5.714 
4.9300	 472	 5.714 
4.9350	 490	 5.714 
4.9400	 476	 5.714 
4.9450	 473	 5.714 
4.9500	 443	 5.714 
4.9550	 408	 5.714 
4.9600	 397	 5.714 
4.9650	 383	 5.714 
4.9700	 383	 5.714 
4.9750	 379	 5.714 
4.9800	 375	 5.714 
4.9850	 382	 5.714 
4.9900	 386	 5.714 
4.9950	 416	 5.714 
5.0050	 468	 5.714 
5.0060	 468	 5.714 
5.0100	 492	 5.714 
5.0150	 486	 5.714 
5.0200	 499	 5.714 
5.0250	 498	 5.714 
5.0300	 487	 5.714 
5.0350	 478	 5.714 
5.0400	 434	 5.714 
5.0450	 416	 5.714 
5.0500	 403	 5.714 
5.0550	 393	 5.714 
5.0600	 397	 5.714 
5.0650	 387	 5.714 
5.0700	 389	 5.714 
5.0750	 394	 5.714 
5.0800	 407	 5.714 
5.0850	 442	 5.714 
5.0900	 451	 5.714 
5.0950	 471	 5.714 
5.1050	 473	 5.882 
5.1060	 473	 5.882 
5.1100	 491	 5.882 
5.1150	 474	 5.882 
5.1200	 466	 5.882 
5.1250	 433	 5.882 
5.1300	 403	 5.882 
5.1350	 394	 5.882 
5.1400	 381	 5.882 
5.1450	 381	 5.882 
5.1500	 379	 5.882 
5.1550	 374	 5.882 
5.1600	 383	 5.882 
5.1650	 391	 5.882 
5.1700	 424	 5.882 
5.1750	 458	 5.882 
5.1800	 470	 5.882 
5.1850	 494	 5.882 
5.1900	 486	 5.882 
5.1950	 499	 5.882 
5.2060	 476	 5.882 
5.2060	 476	 5.882 
5.2100	 465	 5.882 
5.2150	 426	 5.882 
5.2200	 411	 5.882 
5.2250	 401	 5.882 
5.2300	 392	 5.882 
5.2350	 396	 5.882 
5.2400	 386	 5.882 
5.2450	 389	 5.882 
5.2500	 397	 5.882 
5.2550	 412	 5.882 
5.2600	 448	 5.882 
5.2650	 453	 5.882 
5.2700	 472	 5.882 
5.2750	 475	 5.882 
5.2800	 475	 5.882 
5.2850	 489	 5.882 
5.2900	 470	 5.882 
5.2950	 456	 5.882 
5.3050	 395	 5.714 
5.3060	 397	 5.714 
5.3100	 391	 5.714 
5.3150	 379	 5.714 
5.3200	 381	 5.714 
5.3250	 378	 5.714 
5.3300	 375	 5.714 
5.3350	 386	 5.714 
5.3400	 397	 5.714 
5.3450	 435	 5.714 
5.3500	 464	 5.714 
5.3550	 474	 5.714 
5.3600	 496	 5.714 
5.3650	 486	 5.714 
5.3700	 499	 5.714 
5.3750	 494	 5.714 
5.3800	 475	 5.714 
5.3850	 456	 5.714 
5.3900	 417	 5.714 
5.3950	 407	 5.714 
5.4050	 388	 5.714 
5.4060	 388	 5.714 
5.4100	 394	 5.714 
5.4150	 384	 5.714 
5.4200	 391	 5.714 
5.4250	 401	 5.714 
5.4300	 419	 5.714 
5.4350	 454	 5.714 
5.4400	 457	 5.714 
5.4450	 475	 5.714 
5.4500	 477	 5.714 
5.4550	 477	 5.714 
5.4600	 488	 5.714 
5.4650	 466	 5.714 
5.4700	 448	 5.714 
5.4750	 416	 5.714 
5.4800	 393	 5.714 
5.4850	 389	 5.714 
5.4900	 377	 5.714 
5.4950	 379	 5.714 
5.5050	 373	 5.882 
5.5060	 377	 5.882 
5.5100	 389	 5.882 
5.5150	 404	 5.882 
5.5200	 444	 5.882 
5.5250	 469	 5.882 
5.5300	 476	 5.882 
5.5350	 496	 5.882 
5.5400	 487	 5.882 
5.5450	 499	 5.882 
5.5500	 492	 5.882 
5.5550	 468	 5.882 
5.5600	 446	 5.882 
5.5650	 411	 5.882 
5.5700	 404	 5.882 
5.5750	 396	 5.882 
5.5800	 389	 5.882 
5.5850	 393	 5.882 
5.5900	 383	 5.882 
5.5950	 393	 5.882 
5.6050	 426	 5.714 
5.6060	 426	 5.714 
5.6100	 459	 5.714 
5.6150	 459	 5.714 
5.6200	 474	 5.714 
5.6250	 476	 5.714 
5.6300	 477	 5.714 
5.6350	 485	 5.714 
5.6400	 459	 5.714 
5.6450	 437	 5.714 
5.6500	 407	 5.714 
5.6550	 389	 5.714 
5.6600	 387	 5.714 
5.6650	 377	 5.714 
5.6700	 378	 5.714 
5.6750	 377	 5.714 
5.6800	 376	 5.714 
5.6850	 395	 5.714 
5.6900	 414	 5.714 
5.6950	 455	 5.714 
5.7050	 479	 5.714 
5.7060	 478	 5.714 
5.7100	 497	 5.714 
5.7150	 487	 5.714 
5.7200	 498	 5.714 
5.7250	 486	 5.714 
5.7300	 459	 5.714 
5.7350	 436	 5.714 
5.7400	 406	 5.714 
5.7450	 401	 5.714 
5.7500	 395	 5.714 
5.7550	 388	 5.714 
5.7600	 392	 5.714 
5.7650	 384	 5.714 
5.7700	 396	 5.714 
5.7750	 414	 5.714 
5.7800	 435	 5.714 
5.7850	 465	 5.714 
5.7900	 462	 5.714 
5.7950	 477	 5.714 
5.8050	 477	 5.714 
5.8060	 476	 5.714 
5.8100	 483	 5.714 
5.8150	 451	 5.714 
5.8200	 426	 5.714 
5.8250	 402	 5.714 
5.8300	 386	 5.714 
5.8350	 385	 5.714 
5.8400	 376	 5.714 
5.8450	 378	 5.714 
5.8500	 377	 5.714 
5.8550	 380	 5.714 
5.8600	 403	 5.714 
5.8650	 425	 5.714 
5.8700	 464	 5.714 
5.8750	 478	 5.714 
5.8800	 483	 5.714 
5.8850	 500	 5.714 
5.8900	 487	 5.714 
5.8950	 496	 5.714 
5.9050	 444	 5.714 
5.9060	 447	 5.714 
5.9100	 428	 5.714 
5.9150	 402	 5.714 
5.9200	 400	 5.714 
5.9250	 394	 5.714 
5.9300	 388	 5.714 
5.9350	 392	 5.714 
5.9400	 385	 5.714 
5.9450	 401	 5.714 
5.9500	 422	 5.714 
5.9550	 442	 5.714 
5.9600	 469	 5.714 
5.9650	 465	 5.714 
5.9700	 478	 5.714 
5.9750	 481	 5.714 
5.9800	 476	 5.714 
5.9850	 479	 5.714 
5.9900	 443	 5.714 
5.9950	 417	 5.714 
6.0050	 381	 5.714 
6.0060	 383	 5.714 
6.0100	 383	 5.714 
6.0150	 375	 5.714 
6.0200	 377	 5.714 
6.0250	 378	 5.714 
6.0300	 383	 5.714 
6.0350	 411	 5.714 
6.0400	 436	 5.714 
6.0450	 471	 5.714 
6.0500	 481	 5.714 
6.0550	 484	 5.714 
6.0600	 501	 5.714 
6.0650	 488	 5.714 
6.0700	 495	 5.714 
6.0750	 474	 5.714 
6.0800	 439	 5.714 
6.0850	 421	 5.714 
6.0900	 398	 5.714 
6.0950	 397	 5.714 
6.1050	 385	 5.714 
6.1060	 387	 5.714 
6.1100	 392	 5.714 
6.1150	 387	 5.714 
6.1200	 408	 5.714 
6.1250	 431	 5.714 
6.1300	 448	 5.714 
6.1350	 473	 5.714 
6.1400	 466	 5.714 
6.1450	 481	 5.714 
6.1500	 483	 5.714 
6.1550	 476	 5.714 
6.1600	 472	 5.714 
6.1650	 432	 5.714 
6.1700	 410	 5.714 
6.1750	 391	 5.714 
6.1800	 382	 5.714 
6.1850	 383	 5.714 
6.1900	 374	 5.714 
6.1950	 378	 5.714 
6.2060	 388	 5.882 
6.2060	 389	 5.882 
6.2100	 422	 5.882 
6.2150	 446	 5.882 
6.2200	 477	 5.882 
6.2250	 484	 5.882 
6.2300	 487	 5.882 
6.2350	 502	 5.882 
6.2400	 488	 5.882 
6.2450	 491	 5.882 
6.2500	 464	 5.882 
6.2550	 429	 5.882 
6.2600	 416	 5.882 
6.2650	 396	 5.882 
6.2700	 397	 5.882 
6.2750	 392	 5.882 
6.2800	 386	 5.882 
6.2850	 392	 5.882 
6.2900	 390	 5.882 
6.2950	 415	 5.882 
6.3050	 452	 5.882 
6.3060	 454	 5.882 
6.3100	 476	 5.882 
6.3150	 467	 5.882 
6.3200	 483	 5.882 
6.3250	 482	 5.882 
6.3300	 473	 5.882 
6.3350	 463	 5.882 
6.3400	 422	 5.882 
6.3450	 403	 5.882 
6.3500	 387	 5.882 
6.3550	 380	 5.882 
6.3600	 382	 5.882 
6.3650	 374	 5.882 
6.3700	 378	 5.882 
6.3750	 381	 5.882 
6.3800	 395	 5.882 
6.3850	 434	 5.882 
6.3900	 454	 5.882 
6.3950	 481	 5.882 
6.4050	 485	 5.714 
6.4060	 487	 5.714 
6.4100	 502	 5.714 
6.4150	 485	 5.714 
6.4200	 484	 5.714 
6.4250	 452	 5.714 
6.4300	 421	 5.714 
6.4350	 410	 5.714 
6.4400	 394	 5.714 
6.4450	 395	 5.714 
6.4500	 390	 5.714 
6.4550	 385	 5.714 
6.4600	 393	 5.714 
6.4650	 395	 5.714 
6.4700	 425	 5.714 
6.4750	 445	 5.714 
6.4800	 458	 5.714 
6.4850	 477	 5.714 
6.4900	 467	 5.714 
6.4950	 484	 5.714 
6.5050	 467	 5.882 
6.5060	 467	 5.882 
6.5100	 452	 5.882 
6.5150	 413	 5.882 
6.5200	 397	 5.882 
6.5250	 385	 5.882 
6.5300	 379	 5.882 
6.5350	 382	 5.882 
6.5400	 373	 5.882 
6.5450	 380	 5.882 
6.5500	 384	 5.882 
6.5550	 403	 5.882 
6.5600	 444	 5.882 
6.5650	 459	 5.882 
6.5700	 485	 5.882 
6.5750	 488	 5.882 
6.5800	 489	 5.882 
6.5850	 503	 5.882 
6.5900	 483	 5.882 
6.5950	 479	 5.882 
6.6050	 412	 5.882 
6.6060	 412	 5.882 
6.6100	 408	 5.882 
6.6150	 392	 5.882 
6.6200	 395	 5.882 
6.6250	 389	 5.882 
6.6300	 386	 5.882 
6.6350	 395	 5.882 
6.6400	 399	 5.882 
6.6450	 431	 5.882 
6.6500	 450	 5.882 
6.6550	 461	 5.882 
6.6600	 478	 5.882 
6.6650	 468	 5.882 
6.6700	 486	 5.882 
6.6750	 479	 5.882 
6.6800	 466	 5.882 
6.6850	 445	 5.882 
6.6900	 407	 5.882 
6.6950	 395	 5.882 
6.7050	 376	 5.714 
6.7060	 378	 5.714 
6.7100	 381	 5.714 
6.7150	 374	 5.714 
6.7200	 380	 5.714 
6.7250	 387	 5.714 
6.7300	 408	 5.714 
6.7350	 452	 5.714 
6.7400	 463	 5.714 
6.7450	 486	 5.714 
6.7500	 488	 5.714 
6.7550	 490	 5.714 
6.7600	 502	 5.714 
6.7650	 481	 5.714 
6.7700	 472	 5.714 
6.7750	 436	 5.714 
6.7800	 411	 5.714 
6.7850	 405	 5.714 
6.7900	 391	 5.714 
6.7950	 394	 5.714 
6.8050	 384	 5.882 
6.8060	 386	 5.882 
6.8100	 396	 5.882 
6.8150	 403	 5.882 
6.8200	 438	 5.882 
6.8250	 453	 5.882 
6.8300	 464	 5.882 
6.8350	 478	 5.882 
6.8400	 470	 5.882 
6.8450	 486	 5.882 
6.8500	 477	 5.882 
6.8550	 461	 5.882 
6.8600	 436	 5.882 
6.8650	 401	 5.882 
6.8700	 392	 5.882 
6.8750	 382	 5.882 
6.8800	 377	 5.882 
6.8850	 380	 5.882 
6.8900	 373	 5.882 
6.8950	 381	 5.882 
6.9050	 417	 5.882 
6.9060	 418	 5.882 
6.9100	 460	 5.882 
6.9150	 467	 5.882 
6.9200	 489	 5.882 
6.9250	 489	 5.882 
6.9300	 491	 5.882 
6.9350	 501	 5.882 
6.9400	 478	 5.882 
6.9450	 464	 5.882 
6.9500	 428	 5.882 
6.9550	 407	 5.882 
6.9600	 403	 5.882 
6.9650	 390	 5.882 
6.9700	 393	 5.882 
6.9750	 388	 5.882 
6.9800	 386	 5.882 
6.9850	 399	 5.882 
6.9900	 410	 5.882 
6.9950	 444	 5.882 
7.0050	 465	 5.882 
7.0060	 464	 5.882 
7.0100	 479	 5.882 
7.0150	 472	 5.882 
7.0200	 487	 5.882 
7.0250	 475	 5.882 
7.0300	 453	 5.882 
7.0350	 427	 5.882 
7.0400	 397	 5.882 
7.0450	 390	 5.882 
7.0500	 381	 5.882 
7.0550	 377	 5.882 
7.0600	 380	 5.882 
7.0650	 373	 5.882 
7.0700	 383	 5.882 
7.0750	 398	 5.882 
7.0800	 427	 5.882 
7.0850	 467	 5.882 
7.0900	 470	 5.882 
7.0950	 491	 5.882 
7.1050	 488	 5.714 
7.1060	 491	 5.714 
7.1100	 499	 5.714 
7.1150	 473	 5.714 
7.1200	 455	 5.714 
7.1250	 421	 5.714 
7.1300	 404	 5.714 
7.1350	 401	 5.714 
7.1400	 390	 5.714 
7.1450	 393	 5.714 
7.1500	 387	 5.714 
7.1550	 387	 5.714 
7.1600	 403	 5.714 
7.1650	 416	 5.714 
7.1700	 450	 5.714 
7.1750	 461	 5.714 
7.1800	 467	 5.714 
7.1850	 481	 5.714 
7.1900	 474	 5.714 
7.1950	 485	 5.714 
7.2050	 440	 5.714 
7.2060	 441	 5.714 
7.2100	 419	 5.714 
7.2150	 392	 5.714 
7.2200	 387	 5.714 
7.2250	 380	 5.714 
7.2300	 377	 5.714 
7.2350	 379	 5.714 
7.2400	 374	 5.714 
7.2450	 388	 5.714 
7.2500	 405	 5.714 
7.2550	 438	 5.714 
7.2600	 473	 5.714 
7.2650	 473	 5.714 
7.2700	 494	 5.714 
7.2750	 491	 5.714 
7.2800	 491	 5.714 
7.2850	 496	 5.714 
7.2900	 466	 5.714 
7.2950	 446	 5.714 
7.3050	 398	 5.714 
7.3060	 400	 5.714 
7.3100	 400	 5.714 
7.3150	 387	 5.714 
7.3200	 391	 5.714 
7.3250	 387	 5.714 
7.3300	 389	 5.714 
7.3350	 410	 5.714 
7.3400	 424	 5.714 
7.3450	 457	 5.714 
7.3500	 464	 5.714 
7.3550	 469	 5.714 
7.3600	 482	 5.714 
7.3650	 474	 5.714 
7.3700	 483	 5.714 
7.3750	 465	 5.714 
7.3800	 435	 5.714 
7.3850	 411	 5.714 
7.3900	 389	 5.714 
7.3950	 385	 5.714 
7.4050	 373	 5.882 
7.4060	 376	 5.882 
7.4100	 379	 5.882 
7.4150	 375	 5.882 
7.4200	 393	 5.882 
7.4250	 415	 5.882 
7.4300	 448	 5.882 
7.4350	 478	 5.882 
7.4400	 476	 5.882 
7.4450	 495	 5.882 
7.4500	 492	 5.882 
7.4550	 491	 5.882 
7.4600	 493	 5.882 
7.4650	 457	 5.882 
7.4700	 436	 5.882 
7.4750	 409	 5.882 
7.4800	 398	 5.882 
7.4850	 398	 5.882 
7.4900	 388	 5.882 
7.4950	 391	 5.882 
7.5050	 390	 6.061 
7.5060	 393	 6.061 
7.5100	 417	 6.061 
7.5150	 433	 6.061 
7.5200	 463	 6.061 
7.5250	 467	 6.061 
7.5300	 471	 6.061 
7.5350	 485	 6.061 
7.5400	 475	 6.061 
7.5450	 481	 6.061 
7.5500	 456	 6.061 
7.5550	 424	 6.061 
7.5600	 405	 6.061 
7.5650	 384	 6.061 
7.5700	 384	 6.061 
7.5750	 378	 6.061 
7.5800	 376	 6.061 
7.5850	 379	 6.061 
7.5900	 377	 6.061 
7.5950	 399	 6.061 
7.6050	 456	 5.714 
7.6060	 457	 5.714 
7.6100	 482	 5.714 
7.6150	 478	 5.714 
7.6200	 497	 5.714 
7.6250	 492	 5.714 
7.6300	 490	 5.714 
7.6350	 487	 5.714 
7.6400	 447	 5.714 
7.6450	 427	 5.714 
7.6500	 405	 5.714 
7.6550	 396	 5.714 
7.6600	 397	 5.714 
7.6650	 387	 5.714 
7.6700	 391	 5.714 
7.6750	 388	 5.714 
7.6800	 396	 5.714 
7.6850	 426	 5.714 
7.6900	 440	 5.714 
7.6950	 467	 5.714 
7.7050	 470	 5.882 
7.7060	 471	 5.882 
7.7100	 487	 5.882 
7.7150	 474	 5.882 
7.7200	 478	 5.882 
7.7250	 447	 5.882 
7.7300	 416	 5.882 
7.7350	 400	 5.882 
7.7400	 382	 5.882 
7.7450	 383	 5.882 
7.7500	 377	 5.882 
7.7550	 375	 5.882 
7.7600	 380	 5.882 
7.7650	 381	 5.882 
7.7700	 408	 5.882 
7.7750	 436	 5.882 
7.7800	 464	 5.882 
7.7850	 485	 5.882 
7.7900	 481	 5.882 
7.7950	 498	 5.882 
7.8050	 486	 5.714 
7.8060	 486	 5.714 
7.8100	 480	 5.714 
7.8150	 439	 5.714 
7.8200	 421	 5.714 
7.8250	 402	 5.714 
7.8300	 395	 5.714 
7.8350	 396	 5.714 
7.8400	 385	 5.714 
7.8450	 391	 5.714 
7.8500	 389	 5.714 
7.8550	 402	 5.714 
7.8600	 434	 5.714 
7.8650	 445	 5.714 
7.8700	 471	 5.714 
7.8750	 470	 5.714 
7.8800	 474	 5.714 
7.8850	 488	 5.714 
7.8900	 473	 5.714 
7.8950	 473	 5.714 
7.9050	 404	 5.714 
7.9060	 405	 5.714 
7.9100	 395	 5.714 
7.9150	 381	 5.714 
7.9200	 382	 5.714 
7.9250	 376	 5.714 
7.9300	 375	 5.714 
7.9350	 381	 5.714 
7.9400	 384	 5.714 
7.9450	 417	 5.714 
7.9500	 447	 5.714 
7.9550	 469	 5.714 
7.9600	 489	 5.714 
7.9650	 482	 5.714 
7.9700	 500	 5.714 
7.9750	 491	 5.714 
7.9800	 486	 5.714 
7.9850	 471	 5.714 
7.9900	 429	 5.714 
7.9950	 415	 5.714 
