0.0050
0.0000	 447	 0.000 
0.0050	 443	 0.000 
0.0100	 449	 0.000 
0.0150	 443	 0.000 
0.0200	 447	 0.000 
0.0250	 447	 0.000 
0.0300	 443	 0.000 
0.0350	 449	 0.000 
0.0400	 443	 0.000 
0.0450	 447	 0.000 
0.0500	 447	 0.000 
0.0550	 442	 0.000 
0.0600	 448	 0.000 
0.0650	 443	 0.000 
0.0700	 447	 0.000 
0.0750	 446	 0.000 
0.0800	 443	 0.000 
0.0850	 449	 0.000 
0.0900	 442	 0.000 
0.0950	 446	 0.000 
0.1000	 446	 0.000 
0.1050	 443	 0.000 
0.1100	 448	 0.000 
0.1150	 443	 0.000 
0.1200	 446	 0.000 
0.1250	 446	 0.000 
0.1300	 443	 0.000 
0.1350	 449	 0.000 
0.1400	 442	 0.000 
0.1450	 446	 0.000 
0.1500	 446	 0.000 
0.1550	 443	 0.000 
0.1600	 449	 0.000 
0.1650	 443	 0.000 
0.1700	 447	 0.000 
0.1750	 447	 0.000 
0.1800	 443	 0.000 
0.1850	 449	 0.000 
0.1900	 443	 0.000 
0.1950	 447	 0.000 
0.2000	 447	 0.000 
0.2050	 444	 0.000 
0.2100	 449	 0.000 
0.2150	 443	 0.000 
0.2200	 447	 0.000 
0.2250	 447	 0.000 
0.2300	 443	 0.000 
0.2350	 449	 0.000 
0.2400	 443	 0.000 
0.2450	 447	 0.000 
0.2500	 447	 0.000 
0.2550	 443	 0.000 
0.2600	 450	 0.000 
0.2650	 443	 0.000 
0.2700	 447	 0.000 
0.2750	 447	 0.000 
0.2800	 443	 0.000 
0.2850	 450	 0.000 
0.2900	 444	 0.000 
0.2950	 447	 0.000 
0.3000	 447	 0.000 
0.3050	 444	 0.000 
0.3100	 449	 0.000 
0.3150	 443	 0.000 
0.3200	 447	 0.000 
0.3250	 447	 0.000 
0.3300	 443	 0.000 
0.3350	 449	 0.000 
0.3400	 442	 0.000 
0.3450	 446	 0.000 
0.3500	 446	 0.000 
0.3550	 442	 0.000 
0.3600	 448	 0.000 
0.3650	 441	 0.000 
0.3700	 445	 0.000 
0.3750	 445	 0.000 
0.3800	 442	 0.000 
0.3850	 448	 0.000 
0.3900	 441	 0.000 
0.3950	 445	 0.000 
0.4000	 445	 0.000 
0.4050	 441	 0.000 
0.4100	 447	 0.000 
0.4150	 440	 0.000 
0.4200	 444	 0.000 
0.4250	 444	 0.000 
0.4300	 441	 0.000 
0.4350	 447	 0.000 
0.4400	 440	 0.000 
0.4450	 443	 0.000 
0.4500	 444	 0.000 
0.4550	 439	 0.000 
0.4600	 446	 0.000 
0.4650	 439	 0.000 
0.4700	 443	 0.000 
0.4750	 444	 0.000 
0.4800	 439	 0.000 
0.4850	 446	 0.000 
0.4900	 439	 0.000 
0.4950	 443	 0.000 
0.5000	 443	 0.000 
0.5050	 439	 0.000 
0.5100	 446	 0.000 
0.5150	 440	 0.000 
0.5200	 443	 0.000 
0.5250	 445	 0.000 
0.5300	 438	 0.000 
0.5350	 447	 0.000 
0.5400	 440	 0.000 
0.5450	 444	 0.000 
0.5500	 445	 0.000 
0.5550	 441	 0.000 
0.5600	 448	 0.000 
0.5650	 442	 0.000 
0.5700	 445	 0.000 
0.5750	 445	 0.000 
0.5800	 441	 0.000 
0.5850	 448	 0.000 
0.5900	 443	 0.000 
0.5950	 446	 0.000 
0.6000	 447	 0.000 
0.6050	 442	 0.000 
0.6100	 449	 0.000 
0.6150	 443	 0.000 
0.6200	 446	 0.000 
0.6250	 447	 0.000 
0.6300	 443	 0.000 
0.6350	 449	 0.000 
0.6400	 443	 0.000 
0.6450	 446	 0.000 
0.6500	 447	 0.000 
0.6550	 443	 0.000 
0.6600	 449	 0.000 
0.6650	 443	 0.000 
0.6700	 446	 0.000 
0.6750	 448	 0.000 
0.6800	 443	 0.000 
0.6850	 449	 0.000 
0.6900	 443	 0.000 
0.6950	 447	 0.000 
0.7000	 448	 0.000 
0.7050	 443	 0.000 
0.7100	 449	 0.000 
0.7150	 443	 0.000 
0.7200	 446	 0.000 
0.7250	 447	 0.000 
0.7300	 441	 0.000 
0.7350	 449	 0.000 
0.7400	 443	 0.000 
0.7450	 446	 0.000 
0.7500	 447	 0.000 
0.7550	 442	 0.000 
0.7600	 449	 0.000 
0.7650	 443	 0.000 
0.7700	 446	 0.000 
0.7750	 447	 0.000 
0.7800	 443	 0.000 
0.7850	 450	 0.000 
0.7900	 443	 0.000 
0.7950	 445	 0.000 
0.8000	 447	 0.000 
0.8050	 442	 0.000 
0.8100	 449	 0.000 
0.8150	 443	 0.000 
0.8200	 446	 0.000 
0.8250	 447	 0.000 
0.8300	 443	 0.000 
0.8350	 449	 0.000 
0.8400	 443	 0.000 
0.8450	 446	 0.000 
0.8500	 447	 0.000 
0.8550	 443	 0.000 
0.8600	 450	 0.000 
0.8650	 443	 0.000 
0.8700	 446	 0.000 
0.8750	 448	 0.000 
0.8800	 443	 0.000 
0.8850	 450	 0.000 
0.8900	 444	 0.000 
0.8950	 447	 0.000 
0.9000	 448	 0.000 
0.9050	 443	 0.000 
0.9100	 450	 0.000 
0.9150	 444	 0.000 
0.9200	 447	 0.000 
0.9250	 448	 0.000 
0.9300	 443	 0.000 
0.9350	 450	 0.000 
0.9400	 444	 0.000 
0.9450	 447	 0.000 
0.9500	 448	 0.000 
0.9550	 443	 0.000 
0.9600	 450	 0.000 
0.9650	 444	 0.000 
0.9700	 447	 0.000 
0.9750	 449	 0.000 
0.9800	 443	 0.000 
0.9850	 450	 0.000 
0.9900	 445	 0.000 
0.9950	 447	 0.000 
1.0050	 443	 0.000 
1.0050	 444	 0.000 
1.0100	 451	 0.000 
1.0150	 445	 0.000 
1.0200	 447	 0.000 
1.0250	 448	 0.000 
1.0300	 445	 0.000 
1.0350	 453	 0.000 
1.0400	 449	 0.000 
1.0450	 457	 0.000 
1.0500	 468	 0.000 
1.0550	 473	 0.000 
1.0600	 494	 0.000 
1.0650	 499	 0.000 
1.0700	 514	 0.000 
1.0750	 525	 0.000 
1.0800	 526	 0.000 
1.0850	 543	 0.000 
1.0900	 538	 0.000 
1.0950	 546	 0.000 
1.1000	 552	 0.000 
1.1050	 547	 0.000 
1.1100	 560	 0.000 
1.1150	 551	 0.000 
1.1200	 558	 0.000 
1.1250	 559	 0.000 
1.1300	 551	 0.000 
1.1350	 559	 0.000 
1.1400	 544	 0.000 
1.1450	 539	 0.000 
1.1500	 525	 0.000 
1.1550	 497	 0.000 
1.1600	 480	 0.000 
1.1650	 453	 0.000 
1.1700	 439	 0.000 
1.1750	 430	 0.000 
1.1800	 418	 0.000 
1.1850	 419	 0.000 
1.1900	 411	 0.000 
1.1950	 410	 0.000 
1.2000	 409	 0.000 
1.2050	 403	 0.000 
1.2100	 407	 0.000 
1.2150	 404	 0.000 
1.2200	 410	 0.000 
1.2250	 420	 0.000 
1.2300	 431	 0.000 
1.2350	 458	 0.000 
1.2400	 467	 0.000 
1.2450	 485	 0.000 
1.2500	 499	 0.000 
1.2550	 500	 0.000 
1.2600	 515	 0.000 
1.2650	 511	 0.000 
1.2700	 521	 0.000 
1.2750	 526	 0.000 
1.2800	 514	 0.000 
1.2850	 515	 0.000 
1.2900	 486	 0.000 
1.2950	 461	 0.000 
1.3000	 439	 0.000 
1.3050	 418	 0.000 
1.3100	 412	 0.000 
1.3150	 401	 0.000 
1.3200	 398	 0.000 
1.3250	 398	 0.000 
1.3300	 392	 0.000 
1.3350	 396	 0.000 
1.3400	 393	 0.000 
1.3450	 400	 0.000 
1.3500	 415	 0.000 
1.3550	 433	 0.000 
1.3600	 470	 0.000 
1.3650	 491	 0.000 
1.3700	 513	 0.000 
1.3750	 529	 0.000 
1.3800	 529	 0.000 
1.3850	 546	 0.000 
1.3900	 541	 0.000 
1.3950	 544	 0.000 
1.4000	 540	 0.000 
1.4050	 513	 0.000 
1.4100	 491	 0.000 
1.4150	 455	 0.000 
1.4200	 437	 0.000 
1.4250	 427	 0.000 
1.4300	 413	 0.000 
1.4350	 416	 0.000 
1.4400	 408	 0.000 
1.4450	 407	 0.000 
1.4500	 408	 0.000 
1.4550	 408	 0.000 
1.4600	 425	 0.000 
1.4650	 441	 0.000 
1.4700	 464	 0.000 
1.4750	 484	 0.000 
1.4800	 490	 0.000 
1.4850	 509	 0.000 
1.4900	 506	 0.000 
1.4950	 517	 0.000 
1.5060	 510	 4.348 
1.5060	 511	 4.348 
1.5100	 508	 4.348 
1.5150	 474	 4.348 
1.5200	 447	 4.348 
1.5250	 428	 4.348 
1.5300	 410	 4.348 
1.5350	 407	 4.348 
1.5400	 398	 4.348 
1.5450	 397	 4.348 
1.5500	 396	 4.348 
1.5550	 392	 4.348 
1.5600	 401	 4.348 
1.5650	 409	 4.348 
1.5700	 430	 4.348 
1.5750	 464	 4.348 
1.5800	 488	 4.348 
1.5850	 517	 4.348 
1.5900	 523	 4.348 
1.5950	 535	 4.348 
1.6060	 537	 4.651 
1.6060	 540	 4.651 
1.6100	 548	 4.651 
1.6150	 528	 4.651 
1.6200	 505	 4.651 
1.6250	 473	 4.651 
1.6300	 440	 4.651 
1.6350	 433	 4.651 
1.6400	 419	 4.651 
1.6450	 415	 4.651 
1.6500	 413	 4.651 
1.6550	 406	 4.651 
1.6600	 409	 4.651 
1.6650	 409	 4.651 
1.6700	 420	 4.651 
1.6750	 443	 4.651 
1.6800	 460	 4.651 
1.6850	 486	 4.651 
1.6900	 493	 4.651 
1.6950	 504	 4.651 
1.7050	 512	 4.762 
1.7060	 512	 4.762 
1.7100	 525	 4.762 
1.7150	 514	 4.762 
1.7200	 501	 4.762 
1.7250	 475	 4.762 
1.7300	 440	 4.762 
1.7350	 426	 4.762 
1.7400	 410	 4.762 
1.7450	 403	 4.762 
1.7500	 401	 4.762 
1.7550	 394	 4.762 
1.7600	 397	 4.762 
1.7650	 394	 4.762 
1.7700	 400	 4.762 
1.7750	 416	 4.762 
1.7800	 438	 4.762 
1.7850	 476	 4.762 
1.7900	 498	 4.762 
1.7950	 518	 4.762 
1.8050	 532	 4.762 
1.8060	 533	 4.762 
1.8100	 549	 4.762 
1.8150	 542	 4.762 
1.8200	 538	 4.762 
1.8250	 523	 4.762 
1.8300	 485	 4.762 
1.8350	 460	 4.762 
1.8400	 436	 4.762 
1.8450	 425	 4.762 
1.8500	 419	 4.762 
1.8550	 411	 4.762 
1.8600	 412	 4.762 
1.8650	 407	 4.762 
1.8700	 409	 4.762 
1.8750	 418	 4.762 
1.8800	 430	 4.762 
1.8850	 460	 4.762 
1.8900	 474	 4.762 
1.8950	 491	 4.762 
1.9050	 502	 4.762 
1.9060	 505	 4.762 
1.9100	 521	 4.762 
1.9150	 518	 4.762 
1.9200	 517	 4.762 
1.9250	 509	 4.762 
1.9300	 475	 4.762 
1.9350	 450	 4.762 
1.9400	 425	 4.762 
1.9450	 412	 4.762 
1.9500	 406	 4.762 
1.9550	 398	 4.762 
1.9600	 399	 4.762 
1.9650	 395	 4.762 
1.9700	 395	 4.762 
1.9750	 402	 4.762 
1.9800	 411	 4.762 
1.9850	 442	 4.762 
1.9900	 471	 4.762 
1.9950	 500	 4.762 
2.0050	 524	 4.878 
2.0060	 526	 4.878 
2.0100	 543	 4.878 
2.0150	 541	 4.878 
2.0200	 543	 4.878 
2.0250	 542	 4.878 
2.0300	 513	 4.878 
2.0350	 488	 4.878 
2.0400	 453	 4.878 
2.0450	 435	 4.878 
2.0500	 426	 4.878 
2.0550	 415	 4.878 
2.0600	 415	 4.878 
2.0650	 408	 4.878 
2.0700	 407	 4.878 
2.0750	 412	 4.878 
2.0800	 416	 4.878 
2.0850	 441	 4.878 
2.0900	 460	 4.878 
2.0950	 479	 4.878 
2.1050	 500	 5.000 
2.1060	 501	 5.000 
2.1100	 516	 5.000 
2.1150	 515	 5.000 
2.1200	 521	 5.000 
2.1250	 519	 5.000 
2.1300	 497	 5.000 
2.1350	 474	 5.000 
2.1400	 440	 5.000 
2.1450	 422	 5.000 
2.1500	 412	 5.000 
2.1550	 400	 5.000 
2.1600	 401	 5.000 
2.1650	 396	 5.000 
2.1700	 395	 5.000 
2.1750	 399	 5.000 
2.1800	 401	 5.000 
2.1850	 422	 5.000 
2.1900	 447	 5.000 
2.1950	 480	 5.000 
2.2050	 514	 5.000 
2.2060	 520	 5.000 
2.2100	 538	 5.000 
2.2150	 538	 5.000 
2.2200	 543	 5.000 
2.2250	 548	 5.000 
2.2300	 530	 5.000 
2.2350	 515	 5.000 
2.2400	 475	 5.000 
2.2450	 448	 5.000 
2.2500	 434	 5.000 
2.2550	 419	 5.000 
2.2600	 419	 5.000 
2.2650	 411	 5.000 
2.2700	 408	 5.000 
2.2750	 410	 5.000 
2.2800	 408	 5.000 
2.2850	 425	 5.000 
2.2900	 442	 5.000 
2.2950	 465	 5.000 
2.3060	 490	 5.000 
2.3060	 495	 5.000 
2.3100	 510	 5.000 
2.3150	 510	 5.000 
2.3200	 518	 5.000 
2.3250	 525	 5.000 
2.3300	 509	 5.000 
2.3350	 498	 5.000 
2.3400	 461	 5.000 
2.3450	 436	 5.000 
2.3500	 421	 5.000 
2.3550	 406	 5.000 
2.3600	 404	 5.000 
2.3650	 398	 5.000 
2.3700	 395	 5.000 
2.3750	 397	 5.000 
2.3800	 395	 5.000 
2.3850	 409	 5.000 
2.3900	 428	 5.000 
2.3950	 457	 5.000 
2.4050	 507	 4.878 
2.4060	 511	 4.878 
2.4100	 532	 4.878 
2.4150	 534	 4.878 
2.4200	 541	 4.878 
2.4250	 550	 4.878 
2.4300	 540	 4.878 
2.4350	 534	 4.878 
2.4400	 500	 4.878 
2.4450	 466	 4.878 
2.4500	 445	 4.878 
2.4550	 426	 4.878 
2.4600	 422	 4.878 
2.4650	 415	 4.878 
2.4700	 411	 4.878 
2.4750	 411	 4.878 
2.4800	 406	 4.878 
2.4850	 416	 4.878 
2.4900	 428	 4.878 
2.4950	 452	 4.878 
2.5060	 487	 4.878 
2.5060	 487	 4.878 
2.5100	 506	 4.878 
2.5150	 508	 4.878 
2.5200	 514	 4.878 
2.5250	 526	 4.878 
2.5300	 512	 4.878 
2.5350	 511	 4.878 
2.5400	 480	 4.878 
2.5450	 449	 4.878 
2.5500	 430	 4.878 
2.5550	 411	 4.878 
2.5600	 407	 4.878 
2.5650	 400	 4.878 
2.5700	 396	 4.878 
2.5750	 398	 4.878 
2.5800	 394	 4.878 
2.5850	 402	 4.878 
2.5900	 414	 4.878 
2.5950	 439	 4.878 
2.6060	 497	 4.878 
2.6060	 500	 4.878 
2.6100	 523	 4.878 
2.6150	 530	 4.878 
2.6200	 538	 4.878 
2.6250	 550	 4.878 
2.6300	 539	 4.878 
2.6350	 542	 4.878 
2.6400	 516	 4.878 
2.6450	 483	 4.878 
2.6500	 456	 4.878 
2.6550	 432	 4.878 
2.6600	 426	 4.878 
2.6650	 417	 4.878 
2.6700	 411	 4.878 
2.6750	 412	 4.878 
2.6800	 406	 4.878 
2.6850	 412	 4.878 
2.6900	 419	 4.878 
2.6950	 438	 4.878 
2.7050	 478	 4.878 
2.7060	 478	 4.878 
2.7100	 500	 4.878 
2.7150	 504	 4.878 
2.7200	 509	 4.878 
2.7250	 523	 4.878 
2.7300	 515	 4.878 
2.7350	 519	 4.878 
2.7400	 495	 4.878 
2.7450	 465	 4.878 
2.7500	 441	 4.878 
2.7550	 417	 4.878 
2.7600	 411	 4.878 
2.7650	 403	 4.878 
2.7700	 398	 4.878 
2.7750	 398	 4.878 
2.7800	 393	 4.878 
2.7850	 399	 4.878 
2.7900	 405	 4.878 
2.7950	 423	 4.878 
2.8050	 484	 5.000 
2.8060	 487	 5.000 
2.8100	 514	 5.000 
2.8150	 523	 5.000 
2.8200	 533	 5.000 
2.8250	 547	 5.000 
2.8300	 539	 5.000 
2.8350	 548	 5.000 
2.8400	 530	 5.000 
2.8450	 504	 5.000 
2.8500	 474	 5.000 
2.8550	 443	 5.000 
2.8600	 432	 5.000 
2.8650	 421	 5.000 
2.8700	 414	 5.000 
2.8750	 414	 5.000 
2.8800	 406	 5.000 
2.8850	 410	 5.000 
2.8900	 412	 5.000 
2.8950	 423	 5.000 
2.9050	 464	 4.878 
2.9060	 468	 4.878 
2.9100	 490	 4.878 
2.9150	 499	 4.878 
2.9200	 505	 4.878 
2.9250	 518	 4.878 
2.9300	 515	 4.878 
2.9350	 524	 4.878 
2.9400	 511	 4.878 
2.9450	 487	 4.878 
2.9500	 461	 4.878 
2.9550	 430	 4.878 
2.9600	 419	 4.878 
2.9650	 407	 4.878 
2.9700	 400	 4.878 
2.9750	 400	 4.878 
2.9800	 393	 4.878 
2.9850	 397	 4.878 
2.9900	 398	 4.878 
2.9950	 407	 4.878 
3.0050	 458	 4.878 
3.0060	 464	 4.878 
3.0100	 496	 4.878 
3.0150	 512	 4.878 
3.0200	 526	 4.878 
3.0250	 542	 4.878 
3.0300	 538	 4.878 
3.0350	 549	 4.878 
3.0400	 540	 4.878 
3.0450	 525	 4.878 
3.0500	 500	 4.878 
3.0550	 460	 4.878 
3.0600	 443	 4.878 
3.0650	 427	 4.878 
3.0700	 418	 4.878 
3.0750	 417	 4.878 
3.0800	 408	 4.878 
3.0850	 410	 4.878 
3.0900	 409	 4.878 
3.0950	 414	 4.878 
3.1060	 455	 5.000 
3.1060	 457	 5.000 
3.1100	 479	 5.000 
3.1150	 491	 5.000 
3.1200	 501	 5.000 
3.1250	 514	 5.000 
3.1300	 511	 5.000 
3.1350	 525	 5.000 
3.1400	 518	 5.000 
3.1450	 505	 5.000 
3.1500	 483	 5.000 
3.1550	 446	 5.000 
3.1600	 429	 5.000 
3.1650	 412	 5.000 
3.1700	 404	 5.000 
3.1750	 402	 5.000 
3.1800	 395	 5.000 
3.1850	 397	 5.000 
3.1900	 395	 5.000 
3.1950	 399	 5.000 
3.2050	 436	 4.878 
3.2060	 440	 4.878 
3.2100	 474	 4.878 
3.2150	 499	 4.878 
3.2200	 516	 4.878 
3.2250	 536	 4.878 
3.2300	 534	 4.878 
3.2350	 548	 4.878 
3.2400	 544	 4.878 
3.2450	 536	 4.878 
3.2500	 522	 4.878 
3.2550	 481	 4.878 
3.2600	 456	 4.878 
3.2650	 435	 4.878 
3.2700	 423	 4.878 
3.2750	 420	 4.878 
3.2800	 411	 4.878 
3.2850	 411	 4.878 
3.2900	 407	 4.878 
3.2950	 408	 4.878 
3.3050	 436	 4.878 
3.3060	 439	 4.878 
3.3100	 464	 4.878 
3.3150	 479	 4.878 
3.3200	 493	 4.878 
3.3250	 510	 4.878 
3.3300	 506	 4.878 
3.3350	 522	 4.878 
3.3400	 521	 4.878 
3.3450	 514	 4.878 
3.3500	 505	 4.878 
3.3550	 466	 4.878 
3.3600	 443	 4.878 
3.3650	 422	 4.878 
3.3700	 409	 4.878 
3.3750	 405	 4.878 
3.3800	 397	 4.878 
3.3850	 397	 4.878 
3.3900	 395	 4.878 
3.3950	 396	 4.878 
3.4050	 419	 5.000 
3.4060	 423	 5.000 
3.4100	 452	 5.000 
3.4150	 483	 5.000 
3.4200	 505	 5.000 
3.4250	 528	 5.000 
3.4300	 529	 5.000 
3.4350	 545	 5.000 
3.4400	 545	 5.000 
3.4450	 541	 5.000 
3.4500	 539	 5.000 
3.4550	 504	 5.000 
3.4600	 476	 5.000 
3.4650	 447	 5.000 
3.4700	 430	 5.000 
3.4750	 424	 5.000 
3.4800	 413	 5.000 
3.4850	 413	 5.000 
3.4900	 409	 5.000 
3.4950	 406	 5.000 
3.5060	 422	 4.878 
3.5060	 423	 4.878 
3.5100	 447	 4.878 
3.5150	 467	 4.878 
3.5200	 482	 4.878 
3.5250	 503	 4.878 
3.5300	 503	 4.878 
3.5350	 515	 4.878 
3.5400	 520	 4.878 
3.5450	 518	 4.878 
3.5500	 519	 4.878 
3.5550	 488	 4.878 
3.5600	 463	 4.878 
3.5650	 435	 4.878 
3.5700	 417	 4.878 
3.5750	 410	 4.878 
3.5800	 400	 4.878 
3.5850	 399	 4.878 
3.5900	 397	 4.878 
3.5950	 394	 4.878 
3.6050	 407	 4.878 
3.6060	 407	 4.878 
3.6100	 429	 4.878 
3.6150	 458	 4.878 
3.6200	 488	 4.878 
3.6250	 518	 4.878 
3.6300	 522	 4.878 
3.6350	 539	 4.878 
3.6400	 542	 4.878 
3.6450	 542	 4.878 
3.6500	 548	 4.878 
3.6550	 525	 4.878 
3.6600	 502	 4.878 
3.6650	 466	 4.878 
3.6700	 441	 4.878 
3.6750	 432	 4.878 
3.6800	 418	 4.878 
3.6850	 416	 4.878 
3.6900	 411	 4.878 
3.6950	 407	 4.878 
3.7060	 410	 5.000 
3.7060	 414	 5.000 
3.7100	 431	 5.000 
3.7150	 453	 5.000 
3.7200	 471	 5.000 
3.7250	 494	 5.000 
3.7300	 497	 5.000 
3.7350	 512	 5.000 
3.7400	 514	 5.000 
3.7450	 517	 5.000 
3.7500	 525	 5.000 
3.7550	 505	 5.000 
3.7600	 486	 5.000 
3.7650	 454	 5.000 
3.7700	 428	 5.000 
3.7750	 417	 5.000 
3.7800	 403	 5.000 
3.7850	 401	 5.000 
3.7900	 397	 5.000 
3.7950	 394	 5.000 
3.8050	 396	 4.878 
3.8060	 397	 4.878 
3.8100	 412	 4.878 
3.8150	 433	 4.878 
3.8200	 464	 4.878 
3.8250	 500	 4.878 
3.8300	 509	 4.878 
3.8350	 532	 4.878 
3.8400	 538	 4.878 
3.8450	 541	 4.878 
3.8500	 551	 4.878 
3.8550	 537	 4.878 
3.8600	 528	 4.878 
3.8650	 495	 4.878 
3.8700	 459	 4.878 
3.8750	 443	 4.878 
3.8800	 424	 4.878 
3.8850	 419	 4.878 
3.8900	 413	 4.878 
3.8950	 409	 4.878 
3.9050	 405	 4.878 
3.9060	 408	 4.878 
3.9100	 418	 4.878 
3.9150	 434	 4.878 
3.9200	 455	 4.878 
3.9250	 481	 4.878 
3.9300	 488	 4.878 
3.9350	 506	 4.878 
3.9400	 509	 4.878 
3.9450	 514	 4.878 
3.9500	 527	 4.878 
3.9550	 514	 4.878 
3.9600	 509	 4.878 
3.9650	 478	 4.878 
3.9700	 445	 4.878 
3.9750	 429	 4.878 
3.9800	 410	 4.878 
3.9850	 405	 4.878 
3.9900	 401	 4.878 
3.9950	 396	 4.878 
4.0050	 393	 4.878 
4.0060	 395	 4.878 
4.0100	 402	 4.878 
4.0150	 415	 4.878 
4.0200	 438	 4.878 
4.0250	 477	 4.878 
4.0300	 497	 4.878 
4.0350	 522	 4.878 
4.0400	 531	 4.878 
4.0450	 536	 4.878 
4.0500	 550	 4.878 
4.0550	 540	 4.878 
4.0600	 540	 4.878 
4.0650	 516	 4.878 
4.0700	 481	 4.878 
4.0750	 456	 4.878 
4.0800	 431	 4.878 
4.0850	 425	 4.878 
4.0900	 418	 4.878 
4.0950	 411	 4.878 
4.1060	 405	 4.878 
4.1060	 407	 4.878 
4.1100	 411	 4.878 
4.1150	 419	 4.878 
4.1200	 436	 4.878 
4.1250	 465	 4.878 
4.1300	 477	 4.878 
4.1350	 497	 4.878 
4.1400	 505	 4.878 
4.1450	 507	 4.878 
4.1500	 524	 4.878 
4.1550	 517	 4.878 
4.1600	 518	 4.878 
4.1650	 499	 4.878 
4.1700	 466	 4.878 
4.1750	 443	 4.878 
4.1800	 419	 4.878 
4.1850	 411	 4.878 
4.1900	 403	 4.878 
4.1950	 397	 4.878 
4.2050	 392	 5.000 
4.2060	 395	 5.000 
4.2100	 398	 5.000 
4.2150	 406	 5.000 
4.2200	 418	 5.000 
4.2250	 451	 5.000 
4.2300	 477	 5.000 
4.2350	 509	 5.000 
4.2400	 524	 5.000 
4.2450	 530	 5.000 
4.2500	 546	 5.000 
4.2550	 541	 5.000 
4.2600	 547	 5.000 
4.2650	 537	 5.000 
4.2700	 510	 5.000 
4.2750	 482	 5.000 
4.2800	 447	 5.000 
4.2850	 434	 5.000 
4.2900	 424	 5.000 
4.2950	 415	 5.000 
4.3050	 405	 4.878 
4.3060	 407	 4.878 
4.3100	 409	 4.878 
4.3150	 412	 4.878 
4.3200	 421	 4.878 
4.3250	 447	 4.878 
4.3300	 463	 4.878 
4.3350	 485	 4.878 
4.3400	 499	 4.878 
4.3450	 503	 4.878 
4.3500	 518	 4.878 
4.3550	 515	 4.878 
4.3600	 524	 4.878 
4.3650	 516	 4.878 
4.3700	 493	 4.878 
4.3750	 470	 4.878 
4.3800	 435	 4.878 
4.3850	 421	 4.878 
4.3900	 409	 4.878 
4.3950	 401	 4.878 
4.4050	 394	 4.878 
4.4060	 396	 4.878 
4.4100	 396	 4.878 
4.4150	 399	 4.878 
4.4200	 404	 4.878 
4.4250	 427	 4.878 
4.4300	 452	 4.878 
4.4350	 488	 4.878 
4.4400	 511	 4.878 
4.4450	 522	 4.878 
4.4500	 541	 4.878 
4.4550	 536	 4.878 
4.4600	 548	 4.878 
4.4650	 545	 4.878 
4.4700	 529	 4.878 
4.4750	 507	 4.878 
4.4800	 466	 4.878 
4.4850	 445	 4.878 
4.4900	 431	 4.878 
4.4950	 419	 4.878 
4.5050	 410	 5.000 
4.5060	 411	 5.000 
4.5100	 410	 5.000 
4.5150	 408	 5.000 
4.5200	 410	 5.000 
4.5250	 430	 5.000 
4.5300	 447	 5.000 
4.5350	 472	 5.000 
4.5400	 489	 5.000 
4.5450	 497	 5.000 
4.5500	 513	 5.000 
4.5550	 511	 5.000 
4.5600	 523	 5.000 
4.5650	 521	 5.000 
4.5700	 508	 5.000 
4.5750	 492	 5.000 
4.5800	 454	 5.000 
4.5850	 433	 5.000 
4.5900	 417	 5.000 
4.5950	 405	 5.000 
4.6050	 397	 4.878 
4.6060	 397	 4.878 
4.6100	 396	 4.878 
4.6150	 396	 4.878 
4.6200	 397	 4.878 
4.6250	 410	 4.878 
4.6300	 429	 4.878 
4.6350	 463	 4.878 
4.6400	 495	 4.878 
4.6450	 511	 4.878 
4.6500	 534	 4.878 
4.6550	 533	 4.878 
4.6600	 545	 4.878 
4.6650	 547	 4.878 
4.6700	 539	 4.878 
4.6750	 533	 4.878 
4.6800	 495	 4.878 
4.6850	 465	 4.878 
4.6900	 442	 4.878 
4.6950	 426	 4.878 
4.7060	 411	 4.878 
4.7060	 412	 4.878 
4.7100	 412	 4.878 
4.7150	 409	 4.878 
4.7200	 406	 4.878 
4.7250	 418	 4.878 
4.7300	 429	 4.878 
4.7350	 456	 4.878 
4.7400	 476	 4.878 
4.7450	 488	 4.878 
4.7500	 508	 4.878 
4.7550	 506	 4.878 
4.7600	 518	 4.878 
4.7650	 523	 4.878 
4.7700	 514	 4.878 
4.7750	 510	 4.878 
4.7800	 474	 4.878 
4.7850	 449	 4.878 
4.7900	 427	 4.878 
4.7950	 411	 4.878 
4.8050	 397	 4.878 
4.8060	 398	 4.878 
4.8100	 398	 4.878 
4.8150	 396	 4.878 
4.8200	 394	 4.878 
4.8250	 403	 4.878 
4.8300	 412	 4.878 
4.8350	 441	 4.878 
4.8400	 475	 4.878 
4.8450	 498	 4.878 
4.8500	 525	 4.878 
4.8550	 528	 4.878 
4.8600	 541	 4.878 
4.8650	 546	 4.878 
4.8700	 541	 4.878 
4.8750	 544	 4.878 
4.8800	 515	 4.878 
4.8850	 486	 4.878 
4.8900	 455	 4.878 
4.8950	 433	 4.878 
4.9050	 414	 4.878 
4.9060	 417	 4.878 
4.9100	 413	 4.878 
4.9150	 411	 4.878 
4.9200	 406	 4.878 
4.9250	 413	 4.878 
4.9300	 418	 4.878 
4.9350	 440	 4.878 
4.9400	 464	 4.878 
4.9450	 478	 4.878 
4.9500	 501	 4.878 
4.9550	 502	 4.878 
4.9600	 513	 4.878 
4.9650	 521	 4.878 
4.9700	 517	 4.878 
4.9750	 522	 4.878 
4.9800	 496	 4.878 
4.9850	 469	 4.878 
4.9900	 441	 4.878 
4.9950	 419	 4.878 
5.0050	 400	 5.000 
5.0060	 401	 5.000 
5.0100	 399	 5.000 
5.0150	 398	 5.000 
5.0200	 394	 5.000 
5.0250	 399	 5.000 
5.0300	 403	 5.000 
5.0350	 423	 5.000 
5.0400	 453	 5.000 
5.0450	 481	 5.000 
5.0500	 514	 5.000 
5.0550	 521	 5.000 
5.0600	 537	 5.000 
5.0650	 544	 5.000 
5.0700	 541	 5.000 
5.0750	 550	 5.000 
5.0800	 527	 5.000 
5.0850	 504	 5.000 
5.0900	 470	 5.000 
5.0950	 442	 5.000 
5.1050	 418	 5.000 
5.1060	 420	 5.000 
5.1100	 415	 5.000 
5.1150	 413	 5.000 
5.1200	 406	 5.000 
5.1250	 411	 5.000 
5.1300	 410	 5.000 
5.1350	 425	 5.000 
5.1400	 450	 5.000 
5.1450	 467	 5.000 
5.1500	 491	 5.000 
5.1550	 496	 5.000 
5.1600	 508	 5.000 
5.1650	 516	 5.000 
5.1700	 516	 5.000 
5.1750	 526	 5.000 
5.1800	 509	 5.000 
5.1850	 490	 5.000 
5.1900	 459	 5.000 
5.1950	 431	 5.000 
5.2050	 404	 4.878 
5.2060	 404	 4.878 
5.2100	 402	 4.878 
5.2150	 399	 4.878 
5.2200	 394	 4.878 
5.2250	 398	 4.878 
5.2300	 397	 4.878 
5.2350	 410	 4.878 
5.2400	 432	 4.878 
5.2450	 460	 4.878 
5.2500	 498	 4.878 
5.2550	 511	 4.878 
5.2600	 529	 4.878 
5.2650	 540	 4.878 
5.2700	 539	 4.878 
5.2750	 551	 4.878 
5.2800	 538	 4.878 
5.2850	 525	 4.878 
5.2900	 496	 4.878 
5.2950	 458	 4.878 
5.3050	 424	 4.878 
5.3060	 425	 4.878 
5.3100	 419	 4.878 
5.3150	 416	 4.878 
5.3200	 408	 4.878 
5.3250	 411	 4.878 
5.3300	 408	 4.878 
5.3350	 416	 4.878 
5.3400	 434	 4.878 
5.3450	 453	 4.878 
5.3500	 481	 4.878 
5.3550	 489	 4.878 
5.3600	 504	 4.878 
5.3650	 512	 4.878 
5.3700	 512	 4.878 
5.3750	 527	 4.878 
5.3800	 515	 4.878 
5.3850	 505	 4.878 
5.3900	 477	 4.878 
5.3950	 444	 4.878 
5.4050	 409	 4.878 
5.4060	 408	 4.878 
5.4100	 404	 4.878 
5.4150	 401	 4.878 
5.4200	 395	 4.878 
5.4250	 398	 4.878 
5.4300	 395	 4.878 
5.4350	 401	 4.878 
5.4400	 418	 4.878 
5.4450	 440	 4.878 
5.4500	 480	 4.878 
5.4550	 500	 4.878 
5.4600	 521	 4.878 
5.4650	 536	 4.878 
5.4700	 536	 4.878 
5.4750	 551	 4.878 
5.4800	 541	 4.878 
5.4850	 538	 4.878 
5.4900	 516	 4.878 
5.4950	 477	 4.878 
5.5060	 430	 5.000 
5.5060	 432	 5.000 
5.5100	 423	 5.000 
5.5150	 419	 5.000 
5.5200	 410	 5.000 
5.5250	 412	 5.000 
5.5300	 406	 5.000 
5.5350	 410	 5.000 
5.5400	 422	 5.000 
5.5450	 438	 5.000 
5.5500	 469	 5.000 
5.5550	 479	 5.000 
5.5600	 497	 5.000 
5.5650	 509	 5.000 
5.5700	 508	 5.000 
5.5750	 525	 5.000 
5.5800	 517	 5.000 
5.5850	 516	 5.000 
5.5900	 500	 5.000 
5.5950	 464	 5.000 
5.6050	 419	 5.000 
5.6060	 418	 5.000 
5.6100	 410	 5.000 
5.6150	 404	 5.000 
5.6200	 397	 5.000 
5.6250	 399	 5.000 
5.6300	 394	 5.000 
5.6350	 397	 5.000 
5.6400	 405	 5.000 
5.6450	 419	 5.000 
5.6500	 454	 5.000 
5.6550	 480	 5.000 
5.6600	 508	 5.000 
5.6650	 527	 5.000 
5.6700	 530	 5.000 
5.6750	 547	 5.000 
5.6800	 542	 5.000 
5.6850	 545	 5.000 
5.6900	 538	 5.000 
5.6950	 506	 5.000 
5.7050	 445	 4.878 
5.7060	 447	 4.878 
5.7100	 432	 4.878 
5.7150	 423	 4.878 
5.7200	 414	 4.878 
5.7250	 415	 4.878 
5.7300	 408	 4.878 
5.7350	 408	 4.878 
5.7400	 413	 4.878 
5.7450	 421	 4.878 
5.7500	 449	 4.878 
5.7550	 465	 4.878 
5.7600	 485	 4.878 
5.7650	 501	 4.878 
5.7700	 502	 4.878 
5.7750	 518	 4.878 
5.7800	 517	 4.878 
5.7850	 521	 4.878 
5.7900	 517	 4.878 
5.7950	 489	 4.878 
5.8050	 432	 4.878 
5.8060	 431	 4.878 
5.8100	 418	 4.878 
5.8150	 409	 4.878 
5.8200	 401	 4.878 
5.8250	 400	 4.878 
5.8300	 395	 4.878 
5.8350	 395	 4.878 
5.8400	 400	 4.878 
5.8450	 405	 4.878 
5.8500	 431	 4.878 
5.8550	 458	 4.878 
5.8600	 492	 4.878 
5.8650	 516	 4.878 
5.8700	 523	 4.878 
5.8750	 543	 4.878 
5.8800	 539	 4.878 
5.8850	 545	 4.878 
5.8900	 545	 4.878 
5.8950	 522	 4.878 
5.9050	 458	 4.878 
5.9060	 458	 4.878 
5.9100	 440	 4.878 
5.9150	 429	 4.878 
5.9200	 417	 4.878 
5.9250	 417	 4.878 
5.9300	 409	 4.878 
5.9350	 408	 4.878 
5.9400	 409	 4.878 
5.9450	 412	 4.878 
5.9500	 433	 4.878 
5.9550	 452	 4.878 
5.9600	 475	 4.878 
5.9650	 494	 4.878 
5.9700	 498	 4.878 
5.9750	 514	 4.878 
5.9800	 513	 4.878 
5.9850	 522	 4.878 
5.9900	 520	 4.878 
5.9950	 501	 4.878 
6.0050	 444	 5.000 
6.0060	 443	 5.000 
6.0100	 426	 5.000 
6.0150	 415	 5.000 
6.0200	 402	 5.000 
6.0250	 402	 5.000 
6.0300	 396	 5.000 
6.0350	 395	 5.000 
6.0400	 398	 5.000 
6.0450	 398	 5.000 
6.0500	 416	 5.000 
6.0550	 437	 5.000 
6.0600	 472	 5.000 
6.0650	 503	 5.000 
6.0700	 514	 5.000 
6.0750	 537	 5.000 
6.0800	 536	 5.000 
6.0850	 545	 5.000 
6.0900	 549	 5.000 
6.0950	 535	 5.000 
6.1050	 486	 4.878 
6.1060	 485	 4.878 
6.1100	 456	 4.878 
6.1150	 439	 4.878 
6.1200	 422	 4.878 
6.1250	 421	 4.878 
6.1300	 412	 4.878 
6.1350	 410	 4.878 
6.1400	 410	 4.878 
6.1450	 405	 4.878 
6.1500	 422	 4.878 
6.1550	 438	 4.878 
6.1600	 462	 4.878 
6.1650	 485	 4.878 
6.1700	 491	 4.878 
6.1750	 510	 4.878 
6.1800	 510	 4.878 
6.1850	 518	 4.878 
6.1900	 525	 4.878 
6.1950	 512	 4.878 
6.2050	 469	 4.878 
6.2060	 467	 4.878 
6.2100	 443	 4.878 
6.2150	 425	 4.878 
6.2200	 408	 4.878 
6.2250	 405	 4.878 
6.2300	 399	 4.878 
6.2350	 396	 4.878 
6.2400	 398	 4.878 
6.2450	 395	 4.878 
6.2500	 407	 4.878 
6.2550	 421	 4.878 
6.2600	 450	 4.878 
6.2650	 487	 4.878 
6.2700	 504	 4.878 
6.2750	 529	 4.878 
6.2800	 532	 4.878 
6.2850	 542	 4.878 
6.2900	 550	 4.878 
6.2950	 539	 4.878 
6.3050	 508	 5.000 
6.3060	 505	 5.000 
6.3100	 476	 5.000 
6.3150	 451	 5.000 
6.3200	 430	 5.000 
6.3250	 425	 5.000 
6.3300	 416	 5.000 
6.3350	 412	 5.000 
6.3400	 411	 5.000 
6.3450	 405	 5.000 
6.3500	 414	 5.000 
6.3550	 424	 5.000 
6.3600	 447	 5.000 
6.3650	 471	 5.000 
6.3700	 482	 5.000 
6.3750	 504	 5.000 
6.3800	 505	 5.000 
6.3850	 513	 5.000 
6.3900	 524	 5.000 
6.3950	 516	 5.000 
6.4050	 490	 4.878 
6.4060	 488	 4.878 
6.4100	 461	 4.878 
6.4150	 437	 4.878 
6.4200	 416	 4.878 
6.4250	 410	 4.878 
6.4300	 401	 4.878 
6.4350	 397	 4.878 
6.4400	 398	 4.878 
6.4450	 393	 4.878 
6.4500	 400	 4.878 
6.4550	 407	 4.878 
6.4600	 427	 4.878 
6.4650	 463	 4.878 
6.4700	 487	 4.878 
6.4750	 517	 4.878 
6.4800	 525	 4.878 
6.4850	 537	 4.878 
6.4900	 548	 4.878 
6.4950	 540	 4.878 
6.5060	 524	 4.878 
6.5060	 525	 4.878 
6.5100	 497	 4.878 
6.5150	 467	 4.878 
6.5200	 439	 4.878 
6.5250	 430	 4.878 
6.5300	 419	 4.878 
6.5350	 414	 4.878 
6.5400	 413	 4.878 
6.5450	 406	 4.878 
6.5500	 410	 4.878 
6.5550	 414	 4.878 
6.5600	 431	 4.878 
6.5650	 458	 4.878 
6.5700	 471	 4.878 
6.5750	 496	 4.878 
6.5800	 501	 4.878 
6.5850	 508	 4.878 
6.5900	 521	 4.878 
6.5950	 517	 4.878 
6.6060	 506	 4.878 
6.6060	 506	 4.878 
6.6100	 479	 4.878 
6.6150	 452	 4.878 
6.6200	 425	 4.878 
6.6250	 415	 4.878 
6.6300	 404	 4.878 
6.6350	 400	 4.878 
6.6400	 399	 4.878 
6.6450	 394	 4.878 
6.6500	 398	 4.878 
6.6550	 400	 4.878 
6.6600	 414	 4.878 
6.6650	 442	 4.878 
6.6700	 469	 4.878 
6.6750	 505	 4.878 
6.6800	 517	 4.878 
6.6850	 530	 4.878 
6.6900	 544	 4.878 
6.6950	 540	 4.878 
6.7050	 538	 4.878 
6.7060	 536	 4.878 
6.7100	 517	 4.878 
6.7150	 488	 4.878 
6.7200	 451	 4.878 
6.7250	 439	 4.878 
6.7300	 423	 4.878 
6.7350	 417	 4.878 
6.7400	 415	 4.878 
6.7450	 407	 4.878 
6.7500	 410	 4.878 
6.7550	 410	 4.878 
6.7600	 419	 4.878 
6.7650	 443	 4.878 
6.7700	 460	 4.878 
6.7750	 485	 4.878 
6.7800	 496	 4.878 
6.7850	 504	 4.878 
6.7900	 516	 4.878 
6.7950	 514	 4.878 
6.8050	 515	 5.000 
6.8060	 516	 5.000 
6.8100	 497	 5.000 
6.8150	 471	 5.000 
6.8200	 436	 5.000 
6.8250	 423	 5.000 
6.8300	 409	 5.000 
6.8350	 402	 5.000 
6.8400	 401	 5.000 
6.8450	 395	 5.000 
6.8500	 397	 5.000 
6.8550	 397	 5.000 
6.8600	 404	 5.000 
6.8650	 426	 5.000 
6.8700	 449	 5.000 
6.8750	 491	 5.000 
6.8800	 508	 5.000 
6.8850	 524	 5.000 
6.8900	 540	 5.000 
6.8950	 537	 5.000 
6.9050	 541	 5.000 
6.9060	 543	 5.000 
6.9100	 533	 5.000 
6.9150	 510	 5.000 
6.9200	 468	 5.000 
6.9250	 449	 5.000 
6.9300	 430	 5.000 
6.9350	 421	 5.000 
6.9400	 419	 5.000 
6.9450	 409	 5.000 
6.9500	 410	 5.000 
6.9550	 407	 5.000 
6.9600	 412	 5.000 
6.9650	 429	 5.000 
6.9700	 445	 5.000 
6.9750	 473	 5.000 
6.9800	 486	 5.000 
6.9850	 498	 5.000 
6.9900	 513	 5.000 
6.9950	 509	 5.000 
7.0050	 516	 5.000 
7.0060	 522	 5.000 
7.0100	 511	 5.000 
7.0150	 493	 5.000 
7.0200	 454	 5.000 
7.0250	 435	 5.000 
7.0300	 417	 5.000 
7.0350	 406	 5.000 
7.0400	 404	 5.000 
7.0450	 396	 5.000 
7.0500	 397	 5.000 
7.0550	 395	 5.000 
7.0600	 398	 5.000 
7.0650	 410	 5.000 
7.0700	 428	 5.000 
7.0750	 464	 5.000 
7.0800	 492	 5.000 
7.0850	 513	 5.000 
7.0900	 533	 5.000 
7.0950	 532	 5.000 
7.1050	 545	 4.878 
7.1060	 545	 4.878 
7.1100	 541	 4.878 
7.1150	 531	 4.878 
7.1200	 493	 4.878 
7.1250	 466	 4.878 
7.1300	 440	 4.878 
7.1350	 427	 4.878 
7.1400	 422	 4.878 
7.1450	 412	 4.878 
7.1500	 412	 4.878 
7.1550	 408	 4.878 
7.1600	 408	 4.878 
7.1650	 418	 4.878 
7.1700	 429	 4.878 
7.1750	 458	 4.878 
7.1800	 475	 4.878 
7.1850	 490	 4.878 
7.1900	 508	 4.878 
7.1950	 505	 4.878 
7.2050	 520	 4.878 
7.2060	 522	 4.878 
7.2100	 517	 4.878 
7.2150	 510	 4.878 
7.2200	 472	 4.878 
7.2250	 449	 4.878 
7.2300	 425	 4.878 
7.2350	 411	 4.878 
7.2400	 407	 4.878 
7.2450	 397	 4.878 
7.2500	 399	 4.878 
7.2550	 396	 4.878 
7.2600	 396	 4.878 
7.2650	 404	 4.878 
7.2700	 414	 4.878 
7.2750	 445	 4.878 
7.2800	 476	 4.878 
7.2850	 502	 4.878 
7.2900	 525	 4.878 
7.2950	 528	 4.878 
7.3050	 544	 5.000 
7.3060	 546	 5.000 
7.3100	 544	 5.000 
7.3150	 542	 5.000 
7.3200	 509	 5.000 
7.3250	 481	 5.000 
7.3300	 449	 5.000 
7.3350	 432	 5.000 
7.3400	 425	 5.000 
7.3450	 415	 5.000 
7.3500	 414	 5.000 
7.3550	 409	 5.000 
7.3600	 407	 5.000 
7.3650	 413	 5.000 
7.3700	 418	 5.000 
7.3750	 444	 5.000 
7.3800	 465	 5.000 
7.3850	 481	 5.000 
7.3900	 502	 5.000 
7.3950	 501	 5.000 
7.4050	 520	 4.878 
7.4060	 522	 4.878 
7.4100	 520	 4.878 
7.4150	 520	 4.878 
7.4200	 490	 4.878 
7.4250	 467	 4.878 
7.4300	 437	 4.878 
7.4350	 419	 4.878 
7.4400	 411	 4.878 
7.4450	 400	 4.878 
7.4500	 400	 4.878 
7.4550	 397	 4.878 
7.4600	 395	 4.878 
7.4650	 401	 4.878 
7.4700	 404	 4.878 
7.4750	 429	 4.878 
7.4800	 457	 4.878 
7.4850	 488	 4.878 
7.4900	 517	 4.878 
7.4950	 521	 4.878 
7.5050	 544	 4.878 
7.5060	 546	 4.878 
7.5100	 544	 4.878 
7.5150	 549	 4.878 
7.5200	 526	 4.878 
7.5250	 503	 4.878 
7.5300	 466	 4.878 
7.5350	 442	 4.878 
7.5400	 431	 4.878 
7.5450	 418	 4.878 
7.5500	 417	 4.878 
7.5550	 411	 4.878 
7.5600	 407	 4.878 
7.5650	 411	 4.878 
7.5700	 412	 4.878 
7.5750	 432	 4.878 
7.5800	 453	 4.878 
7.5850	 471	 4.878 
7.5900	 495	 4.878 
7.5950	 498	 4.878 
7.6060	 518	 4.878 
7.6060	 519	 4.878 
7.6100	 520	 4.878 
7.6150	 524	 4.878 
7.6200	 504	 4.878 
7.6250	 482	 4.878 
7.6300	 450	 4.878 
7.6350	 427	 4.878 
7.6400	 416	 4.878 
7.6450	 403	 4.878 
7.6500	 402	 4.878 
7.6550	 397	 4.878 
7.6600	 394	 4.878 
7.6650	 398	 4.878 
7.6700	 398	 4.878 
7.6750	 417	 4.878 
7.6800	 441	 4.878 
7.6850	 473	 4.878 
7.6900	 507	 4.878 
7.6950	 515	 4.878 
7.7050	 539	 5.000 
7.7060	 542	 5.000 
7.7100	 544	 5.000 
7.7150	 551	 5.000 
7.7200	 535	 5.000 
7.7250	 521	 5.000 
7.7300	 485	 5.000 
7.7350	 453	 5.000 
7.7400	 439	 5.000 
7.7450	 422	 5.000 
7.7500	 419	 5.000 
7.7550	 414	 5.000 
7.7600	 409	 5.000 
7.7650	 411	 5.000 
7.7700	 408	 5.000 
7.7750	 422	 5.000 
7.7800	 441	 5.000 
7.7850	 462	 5.000 
7.7900	 487	 5.000 
7.7950	 493	 5.000 
7.8050	 514	 5.000 
7.8060	 514	 5.000 
7.8100	 518	 5.000 
7.8150	 527	 5.000 
7.8200	 512	 5.000 
7.8250	 501	 5.000 
7.8300	 467	 5.000 
7.8350	 438	 5.000 
7.8400	 424	 5.000 
7.8450	 407	 5.000 
7.8500	 404	 5.000 
7.8550	 399	 5.000 
7.8600	 396	 5.000 
7.8650	 398	 5.000 
7.8700	 395	 5.000 
7.8750	 406	 5.000 
7.8800	 424	 5.000 
7.8850	 453	 5.000 
7.8900	 492	 5.000 
7.8950	 506	 5.000 
7.9050	 535	 4.878 
7.9060	 539	 4.878 
7.9100	 542	 4.878 
7.9150	 552	 4.878 
7.9200	 539	 4.878 
7.9250	 534	 4.878 
7.9300	 501	 4.878 
7.9350	 465	 4.878 
7.9400	 446	 4.878 
7.9450	 427	 4.878 
7.9500	 422	 4.878 
7.9550	 416	 4.878 
7.9600	 410	 4.878 
7.9650	 411	 4.878 
7.9700	 406	 4.878 
7.9750	 415	 4.878 
7.9800	 429	 4.878 
7.9850	 449	 4.878 
7.9900	 477	 4.878 
7.9950	 485	 4.878 
8.0050	 510	 5.000 
8.0060	 511	 5.000 
8.0100	 514	 5.000 
8.0150	 527	 5.000 
8.0200	 515	 5.000 
8.0250	 513	 5.000 
8.0300	 484	 5.000 
8.0350	 451	 5.000 
8.0400	 432	 5.000 
8.0450	 412	 5.000 
8.0500	 407	 5.000 
8.0550	 401	 5.000 
8.0600	 397	 5.000 
8.0650	 398	 5.000 
8.0700	 394	 5.000 
8.0750	 402	 5.000 
8.0800	 413	 5.000 
8.0850	 436	 5.000 
8.0900	 475	 5.000 
8.0950	 496	 5.000 
8.1050	 533	 5.000 
8.1060	 535	 5.000 
8.1100	 538	 5.000 
8.1150	 551	 5.000 
8.1200	 541	 5.000 
8.1250	 543	 5.000 
8.1300	 520	 5.000 
8.1350	 486	 5.000 
8.1400	 460	 5.000 
8.1450	 435	 5.000 
8.1500	 427	 5.000 
8.1550	 419	 5.000 
8.1600	 412	 5.000 
8.1650	 413	 5.000 
8.1700	 406	 5.000 
8.1750	 411	 5.000 
8.1800	 419	 5.000 
8.1850	 436	 5.000 
8.1900	 465	 5.000 
8.1950	 477	 5.000 
8.2050	 506	 4.878 
8.2060	 509	 4.878 
8.2100	 510	 4.878 
8.2150	 525	 4.878 
8.2200	 517	 4.878 
8.2250	 521	 4.878 
8.2300	 502	 4.878 
8.2350	 469	 4.878 
8.2400	 446	 4.878 
8.2450	 421	 4.878 
8.2500	 413	 4.878 
8.2550	 404	 4.878 
8.2600	 398	 4.878 
8.2650	 399	 4.878 
8.2700	 394	 4.878 
8.2750	 398	 4.878 
8.2800	 405	 4.878 
8.2850	 420	 4.878 
8.2900	 454	 4.878 
8.2950	 481	 4.878 
8.3050	 526	 4.878 
8.3060	 527	 4.878 
8.3100	 534	 4.878 
8.3150	 549	 4.878 
8.3200	 542	 4.878 
8.3250	 549	 4.878 
8.3300	 536	 4.878 
8.3350	 505	 4.878 
8.3400	 478	 4.878 
8.3450	 445	 4.878 
8.3500	 433	 4.878 
8.3550	 423	 4.878 
8.3600	 415	 4.878 
8.3650	 415	 4.878 
8.3700	 407	 4.878 
8.3750	 410	 4.878 
8.3800	 414	 4.878 
8.3850	 425	 4.878 
8.3900	 454	 4.878 
8.3950	 468	 4.878 
8.4050	 502	 4.878 
8.4060	 504	 4.878 
8.4100	 506	 4.878 
8.4150	 521	 4.878 
8.4200	 517	 4.878 
8.4250	 525	 4.878 
8.4300	 513	 4.878 
8.4350	 487	 4.878 
8.4400	 462	 4.878 
8.4450	 431	 4.878 
8.4500	 418	 4.878 
8.4550	 408	 4.878 
8.4600	 400	 4.878 
8.4650	 401	 4.878 
8.4700	 394	 4.878 
8.4750	 397	 4.878 
8.4800	 399	 4.878 
8.4850	 409	 4.878 
8.4900	 437	 4.878 
8.4950	 463	 4.878 
8.5060	 518	 4.878 
8.5060	 521	 4.878 
8.5100	 527	 4.878 
8.5150	 545	 4.878 
8.5200	 542	 4.878 
8.5250	 550	 4.878 
8.5300	 544	 4.878 
8.5350	 523	 4.878 
8.5400	 498	 4.878 
8.5450	 458	 4.878 
8.5500	 441	 4.878 
8.5550	 427	 4.878 
8.5600	 417	 4.878 
8.5650	 418	 4.878 
8.5700	 408	 4.878 
8.5750	 410	 4.878 
8.5800	 410	 4.878 
8.5850	 415	 4.878 
8.5900	 439	 4.878 
8.5950	 457	 4.878 
8.6050	 498	 5.000 
8.6060	 500	 5.000 
8.6100	 501	 5.000 
8.6150	 516	 5.000 
8.6200	 514	 5.000 
8.6250	 525	 5.000 
8.6300	 521	 5.000 
8.6350	 500	 5.000 
8.6400	 478	 5.000 
8.6450	 441	 5.000 
8.6500	 426	 5.000 
8.6550	 412	 5.000 
8.6600	 402	 5.000 
8.6650	 402	 5.000 
8.6700	 395	 5.000 
8.6750	 397	 5.000 
8.6800	 397	 5.000 
8.6850	 402	 5.000 
8.6900	 423	 5.000 
8.6950	 445	 5.000 
8.7050	 508	 4.878 
8.7060	 511	 4.878 
8.7100	 521	 4.878 
8.7150	 540	 4.878 
8.7200	 538	 4.878 
8.7250	 549	 4.878 
8.7300	 547	 4.878 
8.7350	 534	 4.878 
8.7400	 517	 4.878 
8.7450	 474	 4.878 
8.7500	 450	 4.878 
8.7550	 434	 4.878 
8.7600	 421	 4.878 
8.7650	 419	 4.878 
8.7700	 410	 4.878 
8.7750	 409	 4.878 
8.7800	 409	 4.878 
8.7850	 410	 4.878 
8.7900	 428	 4.878 
8.7950	 445	 4.878 
8.8050	 490	 4.878 
8.8060	 489	 4.878 
8.8100	 497	 4.878 
8.8150	 514	 4.878 
8.8200	 511	 4.878 
8.8250	 523	 4.878 
8.8300	 523	 4.878 
8.8350	 509	 4.878 
8.8400	 493	 4.878 
8.8450	 454	 4.878 
8.8500	 433	 4.878 
8.8550	 418	 4.878 
8.8600	 405	 4.878 
8.8650	 404	 4.878 
8.8700	 397	 4.878 
8.8750	 397	 4.878 
8.8800	 397	 4.878 
8.8850	 398	 4.878 
8.8900	 413	 4.878 
8.8950	 431	 4.878 
8.9050	 499	 5.000 
8.9060	 501	 5.000 
8.9100	 514	 5.000 
8.9150	 536	 5.000 
8.9200	 536	 5.000 
8.9250	 547	 5.000 
8.9300	 549	 5.000 
8.9350	 538	 5.000 
8.9400	 527	 5.000 
8.9450	 487	 5.000 
8.9500	 459	 5.000 
8.9550	 438	 5.000 
8.9600	 424	 5.000 
8.9650	 422	 5.000 
8.9700	 412	 5.000 
8.9750	 411	 5.000 
8.9800	 409	 5.000 
8.9850	 408	 5.000 
8.9900	 420	 5.000 
8.9950	 433	 5.000 
9.0050	 482	 5.000 
9.0060	 481	 5.000 
9.0100	 491	 5.000 
9.0150	 511	 5.000 
9.0200	 508	 5.000 
9.0250	 520	 5.000 
9.0300	 526	 5.000 
9.0350	 514	 5.000 
9.0400	 509	 5.000 
9.0450	 471	 5.000 
9.0500	 445	 5.000 
9.0550	 425	 5.000 
9.0600	 409	 5.000 
9.0650	 407	 5.000 
9.0700	 398	 5.000 
9.0750	 398	 5.000 
9.0800	 396	 5.000 
9.0850	 395	 5.000 
9.0900	 405	 5.000 
9.0950	 417	 5.000 
9.1050	 484	 5.000 
9.1060	 486	 5.000 
9.1100	 503	 5.000 
9.1150	 529	 5.000 
9.1200	 529	 5.000 
9.1250	 544	 5.000 
9.1300	 548	 5.000 
9.1350	 541	 5.000 
9.1400	 541	 5.000 
9.1450	 507	 5.000 
9.1500	 476	 5.000 
9.1550	 449	 5.000 
9.1600	 430	 5.000 
9.1650	 425	 5.000 
9.1700	 415	 5.000 
9.1750	 413	 5.000 
9.1800	 410	 5.000 
9.1850	 406	 5.000 
9.1900	 415	 5.000 
9.1950	 422	 5.000 
9.2050	 470	 4.878 
9.2060	 472	 4.878 
9.2100	 483	 4.878 
9.2150	 505	 4.878 
9.2200	 504	 4.878 
9.2250	 516	 4.878 
9.2300	 523	 4.878 
9.2350	 518	 4.878 
9.2400	 519	 4.878 
9.2450	 488	 4.878 
9.2500	 460	 4.878 
9.2550	 435	 4.878 
9.2600	 416	 4.878 
9.2650	 411	 4.878 
9.2700	 401	 4.878 
9.2750	 399	 4.878 
9.2800	 397	 4.878 
9.2850	 394	 4.878 
9.2900	 401	 4.878 
9.2950	 408	 4.878 
9.3050	 464	 4.878 
9.3060	 470	 4.878 
9.3100	 491	 4.878 
9.3150	 520	 4.878 
9.3200	 526	 4.878 
9.3250	 539	 4.878 
9.3300	 548	 4.878 
9.3350	 543	 4.878 
9.3400	 548	 4.878 
9.3450	 523	 4.878 
9.3500	 497	 4.878 
9.3550	 464	 4.878 
9.3600	 438	 4.878 
9.3650	 430	 4.878 
9.3700	 418	 4.878 
9.3750	 415	 4.878 
9.3800	 412	 4.878 
9.3850	 406	 4.878 
9.3900	 412	 4.878 
9.3950	 416	 4.878 
9.4050	 463	 5.000 
9.4060	 463	 5.000 
9.4100	 476	 5.000 
9.4150	 499	 5.000 
9.4200	 502	 5.000 
9.4250	 513	 5.000 
9.4300	 521	 5.000 
9.4350	 519	 5.000 
9.4400	 524	 5.000 
9.4450	 502	 5.000 
9.4500	 477	 5.000 
9.4550	 447	 5.000 
9.4600	 423	 5.000 
9.4650	 415	 5.000 
9.4700	 403	 5.000 
9.4750	 401	 5.000 
9.4800	 399	 5.000 
9.4850	 394	 5.000 
9.4900	 399	 5.000 
9.4950	 402	 5.000 
9.5050	 450	 4.878 
9.5060	 452	 4.878 
9.5100	 475	 4.878 
9.5150	 510	 4.878 
9.5200	 520	 4.878 
9.5250	 536	 4.878 
9.5300	 546	 4.878 
9.5350	 542	 4.878 
9.5400	 551	 4.878 
9.5450	 535	 4.878 
9.5500	 515	 4.878 
9.5550	 482	 4.878 
9.5600	 448	 4.878 
9.5650	 436	 4.878 
9.5700	 421	 4.878 
9.5750	 417	 4.878 
9.5800	 415	 4.878 
9.5850	 408	 4.878 
9.5900	 411	 4.878 
9.5950	 410	 4.878 
9.6050	 448	 4.878 
9.6060	 449	 4.878 
9.6100	 464	 4.878 
9.6150	 490	 4.878 
9.6200	 497	 4.878 
9.6250	 509	 4.878 
9.6300	 517	 4.878 
9.6350	 516	 4.878 
9.6400	 528	 4.878 
9.6450	 511	 4.878 
9.6500	 493	 4.878 
9.6550	 463	 4.878 
9.6600	 432	 4.878 
9.6650	 420	 4.878 
9.6700	 406	 4.878 
9.6750	 403	 4.878 
9.6800	 400	 4.878 
9.6850	 394	 4.878 
9.6900	 398	 4.878 
9.6950	 398	 4.878 
9.7050	 432	 5.000 
9.7060	 436	 5.000 
9.7100	 460	 5.000 
9.7150	 499	 5.000 
9.7200	 513	 5.000 
9.7250	 531	 5.000 
9.7300	 542	 5.000 
9.7350	 540	 5.000 
9.7400	 552	 5.000 
9.7450	 540	 5.000 
9.7500	 528	 5.000 
9.7550	 498	 5.000 
9.7600	 459	 5.000 
9.7650	 444	 5.000 
9.7700	 426	 5.000 
9.7750	 419	 5.000 
9.7800	 416	 5.000 
9.7850	 409	 5.000 
9.7900	 412	 5.000 
9.7950	 408	 5.000 
9.8050	 438	 5.000 
9.8060	 439	 5.000 
9.8100	 454	 5.000 
9.8150	 481	 5.000 
9.8200	 489	 5.000 
9.8250	 505	 5.000 
9.8300	 513	 5.000 
9.8350	 514	 5.000 
9.8400	 528	 5.000 
9.8450	 516	 5.000 
9.8500	 508	 5.000 
9.8550	 482	 5.000 
9.8600	 445	 5.000 
9.8650	 430	 5.000 
9.8700	 412	 5.000 
9.8750	 405	 5.000 
9.8800	 402	 5.000 
9.8850	 395	 5.000 
9.8900	 398	 5.000 
9.8950	 395	 5.000 
9.9050	 418	 4.878 
9.9060	 420	 4.878 
9.9100	 439	 4.878 
9.9150	 480	 4.878 
9.9200	 500	 4.878 
9.9250	 521	 4.878 
9.9300	 537	 4.878 
9.9350	 537	 4.878 
9.9400	 552	 4.878 
9.9450	 543	 4.878 
9.9500	 540	 4.878 
9.9550	 520	 4.878 
9.9600	 480	 4.878 
9.9650	 456	 4.878 
9.9700	 434	 4.878 
9.9750	 424	 4.878 
9.9800	 419	 4.878 
9.9850	 411	 4.878 
9.9900	 412	 4.878 
9.9950	 407	 4.878 
