0.0050
0.0000	 621	 0.000 
0.0050	 616	 0.000 
0.0100	 623	 0.000 
0.0150	 621	 0.000 
0.0200	 621	 0.000 
0.0250	 623	 0.000 
0.0300	 622	 0.000 
0.0350	 626	 0.000 
0.0400	 629	 0.000 
0.0450	 626	 0.000 
0.0500	 624	 0.000 
0.0550	 626	 0.000 
0.0600	 622	 0.000 
0.0650	 624	 0.000 
0.0700	 623	 0.000 
0.0750	 620	 0.000 
0.0800	 624	 0.000 
0.0850	 624	 0.000 
0.0900	 624	 0.000 
0.0950	 621	 0.000 
0.1000	 623	 0.000 
0.1050	 622	 0.000 
0.1100	 622	 0.000 
0.1150	 627	 0.000 
0.1200	 626	 0.000 
0.1250	 620	 0.000 
0.1300	 624	 0.000 
0.1350	 609	 0.000 
0.1400	 623	 0.000 
0.1450	 624	 0.000 
0.1500	 620	 0.000 
0.1550	 627	 0.000 
0.1600	 624	 0.000 
0.1650	 624	 0.000 
0.1700	 623	 0.000 
0.1750	 622	 0.000 
0.1800	 620	 0.000 
0.1850	 624	 0.000 
0.1900	 625	 0.000 
0.1950	 624	 0.000 
0.2000	 620	 0.000 
0.2050	 627	 0.000 
0.2100	 624	 0.000 
0.2150	 625	 0.000 
0.2200	 625	 0.000 
0.2250	 620	 0.000 
0.2300	 622	 0.000 
0.2350	 623	 0.000 
0.2400	 628	 0.000 
0.2450	 625	 0.000 
0.2500	 624	 0.000 
0.2550	 624	 0.000 
0.2600	 624	 0.000 
0.2650	 624	 0.000 
0.2700	 624	 0.000 
0.2750	 622	 0.000 
0.2800	 621	 0.000 
0.2850	 622	 0.000 
0.2900	 622	 0.000 
0.2950	 622	 0.000 
0.3000	 623	 0.000 
0.3050	 626	 0.000 
0.3100	 623	 0.000 
0.3150	 624	 0.000 
0.3200	 624	 0.000 
0.3250	 624	 0.000 
0.3300	 626	 0.000 
0.3350	 624	 0.000 
0.3400	 624	 0.000 
0.3450	 625	 0.000 
0.3500	 624	 0.000 
0.3550	 624	 0.000 
0.3600	 624	 0.000 
0.3650	 624	 0.000 
0.3700	 624	 0.000 
0.3750	 624	 0.000 
0.3800	 625	 0.000 
0.3850	 624	 0.000 
0.3900	 624	 0.000 
0.3950	 625	 0.000 
0.4000	 624	 0.000 
0.4050	 622	 0.000 
0.4100	 622	 0.000 
0.4150	 622	 0.000 
0.4200	 621	 0.000 
0.4250	 624	 0.000 
0.4300	 622	 0.000 
0.4350	 622	 0.000 
0.4400	 624	 0.000 
0.4450	 621	 0.000 
0.4500	 621	 0.000 
0.4550	 622	 0.000 
0.4600	 622	 0.000 
0.4650	 625	 0.000 
0.4700	 623	 0.000 
0.4750	 625	 0.000 
0.4800	 626	 0.000 
0.4850	 625	 0.000 
0.4900	 626	 0.000 
0.4950	 625	 0.000 
0.5000	 624	 0.000 
0.5050	 626	 0.000 
0.5100	 624	 0.000 
0.5150	 625	 0.000 
0.5200	 625	 0.000 
0.5250	 625	 0.000 
0.5300	 628	 0.000 
0.5350	 624	 0.000 
0.5400	 622	 0.000 
0.5450	 625	 0.000 
0.5500	 626	 0.000 
0.5550	 628	 0.000 
0.5600	 626	 0.000 
0.5650	 625	 0.000 
0.5700	 625	 0.000 
0.5750	 622	 0.000 
0.5800	 625	 0.000 
0.5850	 625	 0.000 
0.5900	 625	 0.000 
0.5950	 624	 0.000 
0.6000	 623	 0.000 
0.6050	 624	 0.000 
0.6100	 623	 0.000 
0.6150	 622	 0.000 
0.6200	 622	 0.000 
0.6250	 625	 0.000 
0.6300	 624	 0.000 
0.6350	 623	 0.000 
0.6400	 625	 0.000 
0.6450	 625	 0.000 
0.6500	 623	 0.000 
0.6550	 624	 0.000 
0.6600	 624	 0.000 
0.6650	 626	 0.000 
0.6700	 628	 0.000 
0.6750	 628	 0.000 
0.6800	 626	 0.000 
0.6850	 624	 0.000 
0.6900	 624	 0.000 
0.6950	 624	 0.000 
0.7000	 622	 0.000 
0.7050	 624	 0.000 
0.7100	 624	 0.000 
0.7150	 624	 0.000 
0.7200	 626	 0.000 
0.7250	 628	 0.000 
0.7300	 629	 0.000 
0.7350	 626	 0.000 
0.7400	 627	 0.000 
0.7450	 626	 0.000 
0.7500	 624	 0.000 
0.7550	 626	 0.000 
0.7600	 625	 0.000 
0.7650	 625	 0.000 
0.7700	 626	 0.000 
0.7750	 625	 0.000 
0.7800	 624	 0.000 
0.7850	 622	 0.000 
0.7900	 625	 0.000 
0.7950	 626	 0.000 
0.8000	 626	 0.000 
0.8050	 624	 0.000 
0.8100	 623	 0.000 
0.8150	 623	 0.000 
0.8200	 627	 0.000 
0.8250	 625	 0.000 
0.8300	 627	 0.000 
0.8350	 628	 0.000 
0.8400	 626	 0.000 
0.8450	 626	 0.000 
0.8500	 626	 0.000 
0.8550	 627	 0.000 
0.8600	 624	 0.000 
0.8650	 626	 0.000 
0.8700	 625	 0.000 
0.8750	 623	 0.000 
0.8800	 625	 0.000 
0.8850	 623	 0.000 
0.8900	 624	 0.000 
0.8950	 623	 0.000 
0.9000	 622	 0.000 
0.9050	 625	 0.000 
0.9100	 625	 0.000 
0.9150	 627	 0.000 
0.9200	 628	 0.000 
0.9250	 626	 0.000 
0.9300	 627	 0.000 
0.9350	 625	 0.000 
0.9400	 624	 0.000 
0.9450	 626	 0.000 
0.9500	 623	 0.000 
0.9550	 624	 0.000 
0.9600	 624	 0.000 
0.9650	 625	 0.000 
0.9700	 625	 0.000 
0.9750	 627	 0.000 
0.9800	 627	 0.000 
0.9850	 626	 0.000 
0.9900	 626	 0.000 
0.9950	 628	 0.000 
1.0050	 622	 0.000 
1.0050	 628	 0.000 
1.0100	 626	 0.000 
1.0150	 628	 0.000 
1.0200	 624	 0.000 
1.0250	 624	 0.000 
1.0300	 623	 0.000 
1.0350	 624	 0.000 
1.0400	 626	 0.000 
1.0450	 625	 0.000 
1.0500	 627	 0.000 
1.0550	 627	 0.000 
1.0600	 623	 0.000 
1.0650	 620	 0.000 
1.0700	 622	 0.000 
1.0750	 620	 0.000 
1.0800	 618	 0.000 
1.0850	 616	 0.000 
1.0900	 610	 0.000 
1.0950	 610	 0.000 
1.1000	 607	 0.000 
1.1050	 605	 0.000 
1.1100	 603	 0.000 
1.1150	 601	 0.000 
1.1200	 599	 0.000 
1.1250	 599	 0.000 
1.1300	 596	 0.000 
1.1350	 592	 0.000 
1.1400	 586	 0.000 
1.1450	 582	 0.000 
1.1500	 577	 0.000 
1.1550	 570	 0.000 
1.1600	 562	 0.000 
1.1650	 556	 0.000 
1.1700	 550	 0.000 
1.1750	 543	 0.000 
1.1800	 538	 0.000 
1.1850	 531	 0.000 
1.1900	 525	 0.000 
1.1950	 517	 0.000 
1.2000	 511	 0.000 
1.2050	 503	 0.000 
1.2100	 495	 0.000 
1.2150	 488	 0.000 
1.2200	 481	 0.000 
1.2250	 476	 0.000 
1.2300	 470	 0.000 
1.2350	 463	 0.000 
1.2400	 462	 0.000 
1.2450	 457	 0.000 
1.2500	 456	 0.000 
1.2550	 451	 0.000 
1.2600	 446	 0.000 
1.2650	 444	 0.000 
1.2700	 441	 0.000 
1.2750	 441	 0.000 
1.2800	 441	 0.000 
1.2850	 439	 0.000 
1.2900	 439	 0.000 
1.2950	 439	 0.000 
1.3000	 437	 0.000 
1.3050	 438	 0.000 
1.3100	 436	 0.000 
1.3150	 436	 0.000 
1.3200	 436	 0.000 
1.3250	 436	 0.000 
1.3300	 436	 0.000 
1.3350	 433	 0.000 
1.3400	 434	 0.000 
1.3450	 433	 0.000 
1.3500	 432	 0.000 
1.3550	 430	 0.000 
1.3600	 430	 0.000 
1.3650	 429	 0.000 
1.3700	 430	 0.000 
1.3750	 428	 0.000 
1.3800	 429	 0.000 
1.3850	 428	 0.000 
1.3900	 428	 0.000 
1.3950	 429	 0.000 
1.4000	 427	 0.000 
1.4050	 429	 0.000 
1.4100	 429	 0.000 
1.4150	 430	 0.000 
1.4200	 435	 0.000 
1.4250	 438	 0.000 
1.4300	 443	 0.000 
1.4350	 449	 0.000 
1.4400	 455	 0.000 
1.4450	 464	 0.000 
1.4500	 473	 0.000 
1.4550	 484	 0.000 
1.4600	 495	 0.000 
1.4650	 503	 0.000 
1.4700	 515	 0.000 
1.4750	 523	 0.000 
1.4800	 534	 0.000 
1.4850	 540	 0.000 
1.4900	 544	 0.000 
1.4950	 548	 0.000 
1.5060	 560	 0.000 
1.5060	 557	 0.000 
1.5100	 560	 0.000 
1.5150	 564	 0.000 
1.5200	 562	 0.000 
1.5250	 563	 0.000 
1.5300	 566	 0.000 
1.5350	 566	 0.000 
1.5400	 566	 0.000 
1.5450	 568	 0.000 
1.5500	 571	 0.000 
1.5550	 574	 0.000 
1.5600	 575	 0.000 
1.5650	 579	 0.000 
1.5700	 579	 0.000 
1.5750	 575	 0.000 
1.5800	 574	 0.000 
1.5850	 568	 0.000 
1.5900	 562	 0.000 
1.5950	 553	 0.000 
1.6060	 518	 0.000 
1.6060	 521	 0.000 
1.6100	 501	 0.000 
1.6150	 488	 0.000 
1.6200	 467	 0.000 
1.6250	 454	 0.000 
1.6300	 442	 0.000 
1.6350	 435	 0.000 
1.6400	 429	 0.000 
1.6450	 424	 0.000 
1.6500	 421	 0.000 
1.6550	 418	 0.000 
1.6600	 416	 0.000 
1.6650	 415	 0.000 
1.6700	 414	 0.000 
1.6750	 412	 0.000 
1.6800	 411	 0.000 
1.6850	 409	 0.000 
1.6900	 408	 0.000 
1.6950	 409	 0.000 
1.7060	 410	 2.410 
1.7060	 410	 2.410 
1.7100	 410	 2.410 
1.7150	 415	 2.410 
1.7200	 417	 2.410 
1.7250	 424	 2.410 
1.7300	 434	 2.410 
1.7350	 446	 2.410 
1.7400	 462	 2.410 
1.7450	 482	 2.410 
1.7500	 498	 2.410 
1.7550	 517	 2.410 
1.7600	 532	 2.410 
1.7650	 549	 2.410 
1.7700	 559	 2.410 
1.7750	 567	 2.410 
1.7800	 575	 2.410 
1.7850	 580	 2.410 
1.7900	 584	 2.410 
1.7950	 586	 2.410 
1.8060	 590	 3.509 
1.8060	 591	 3.509 
1.8100	 591	 3.509 
1.8150	 594	 3.509 
1.8200	 590	 3.509 
1.8250	 587	 3.509 
1.8300	 587	 3.509 
1.8350	 581	 3.509 
1.8400	 575	 3.509 
1.8450	 562	 3.509 
1.8500	 543	 3.509 
1.8550	 527	 3.509 
1.8600	 506	 3.509 
1.8650	 487	 3.509 
1.8700	 469	 3.509 
1.8750	 457	 3.509 
1.8800	 449	 3.509 
1.8850	 443	 3.509 
1.8900	 438	 3.509 
1.8950	 434	 3.509 
1.9060	 428	 3.937 
1.9060	 431	 3.937 
1.9100	 427	 3.937 
1.9150	 428	 3.937 
1.9200	 425	 3.937 
1.9250	 422	 3.937 
1.9300	 424	 3.937 
1.9350	 421	 3.937 
1.9400	 421	 3.937 
1.9450	 423	 3.937 
1.9500	 425	 3.937 
1.9550	 429	 3.937 
1.9600	 435	 3.937 
1.9650	 446	 3.937 
1.9700	 459	 3.937 
1.9750	 473	 3.937 
1.9800	 490	 3.937 
1.9850	 504	 3.937 
1.9900	 514	 3.937 
1.9950	 523	 3.937 
