0.0050
0.0010	 373	 0.000 
0.0080	 373	 0.000 
0.0100	 373	 0.000 
0.0150	 374	 0.000 
0.0200	 373	 0.000 
0.0250	 372	 0.000 
0.0300	 376	 0.000 
0.0350	 375	 0.000 
0.0400	 371	 0.000 
0.0450	 372	 0.000 
0.0500	 373	 0.000 
0.0550	 373	 0.000 
0.0600	 373	 0.000 
0.0650	 373	 0.000 
0.0710	 374	 0.000 
0.0750	 374	 0.000 
0.0800	 379	 0.000 
0.0850	 375	 0.000 
0.0900	 372	 0.000 
0.0950	 371	 0.000 
0.1010	 373	 0.000 
0.1050	 372	 0.000 
0.1100	 373	 0.000 
0.1150	 374	 0.000 
0.1200	 375	 0.000 
0.1250	 372	 0.000 
0.1300	 374	 0.000 
0.1350	 374	 0.000 
0.1400	 374	 0.000 
0.1450	 374	 0.000 
0.1500	 374	 0.000 
0.1550	 375	 0.000 
0.1600	 371	 0.000 
0.1650	 372	 0.000 
0.1700	 373	 0.000 
0.1750	 374	 0.000 
0.1800	 374	 0.000 
0.1850	 375	 0.000 
0.1900	 375	 0.000 
0.1950	 373	 0.000 
0.2010	 371	 0.000 
0.2050	 373	 0.000 
0.2100	 374	 0.000 
0.2150	 374	 0.000 
0.2200	 374	 0.000 
0.2250	 373	 0.000 
0.2300	 374	 0.000 
0.2350	 375	 0.000 
0.2400	 374	 0.000 
0.2450	 374	 0.000 
0.2500	 372	 0.000 
0.2550	 375	 0.000 
0.2600	 374	 0.000 
0.2650	 373	 0.000 
0.2700	 372	 0.000 
0.2750	 373	 0.000 
0.2800	 374	 0.000 
0.2850	 374	 0.000 
0.2900	 374	 0.000 
0.2950	 372	 0.000 
0.3010	 373	 0.000 
0.3050	 374	 0.000 
0.3100	 373	 0.000 
0.3150	 373	 0.000 
0.3200	 374	 0.000 
0.3250	 374	 0.000 
0.3300	 373	 0.000 
0.3350	 372	 0.000 
0.3400	 375	 0.000 
0.3450	 375	 0.000 
0.3500	 373	 0.000 
0.3550	 375	 0.000 
0.3600	 373	 0.000 
0.3650	 374	 0.000 
0.3700	 374	 0.000 
0.3750	 374	 0.000 
0.3800	 375	 0.000 
0.3850	 373	 0.000 
0.3900	 371	 0.000 
0.3950	 373	 0.000 
0.4010	 372	 0.000 
0.4050	 374	 0.000 
0.4100	 372	 0.000 
0.4150	 373	 0.000 
0.4200	 371	 0.000 
0.4250	 371	 0.000 
0.4300	 372	 0.000 
0.4350	 371	 0.000 
0.4400	 371	 0.000 
0.4450	 371	 0.000 
0.4500	 371	 0.000 
0.4550	 374	 0.000 
0.4600	 372	 0.000 
0.4650	 372	 0.000 
0.4700	 374	 0.000 
0.4750	 374	 0.000 
0.4800	 374	 0.000 
0.4850	 374	 0.000 
0.4900	 374	 0.000 
0.4950	 373	 0.000 
0.5010	 373	 0.000 
0.5050	 375	 0.000 
0.5100	 371	 0.000 
0.5150	 375	 0.000 
0.5200	 373	 0.000 
0.5250	 372	 0.000 
0.5300	 374	 0.000 
0.5350	 373	 0.000 
0.5400	 374	 0.000 
0.5450	 373	 0.000 
0.5500	 374	 0.000 
0.5550	 374	 0.000 
0.5600	 373	 0.000 
0.5650	 375	 0.000 
0.5700	 373	 0.000 
0.5750	 374	 0.000 
0.5800	 372	 0.000 
0.5850	 372	 0.000 
0.5900	 373	 0.000 
0.5950	 373	 0.000 
0.6010	 373	 0.000 
0.6050	 374	 0.000 
0.6100	 374	 0.000 
0.6150	 374	 0.000 
0.6200	 374	 0.000 
0.6250	 373	 0.000 
0.6300	 374	 0.000 
0.6350	 372	 0.000 
0.6400	 372	 0.000 
0.6450	 372	 0.000 
0.6500	 372	 0.000 
0.6550	 374	 0.000 
0.6600	 373	 0.000 
0.6650	 374	 0.000 
0.6700	 374	 0.000 
0.6750	 372	 0.000 
0.6800	 373	 0.000 
0.6850	 372	 0.000 
0.6900	 374	 0.000 
0.6950	 374	 0.000 
0.7010	 374	 0.000 
0.7050	 375	 0.000 
0.7100	 375	 0.000 
0.7150	 373	 0.000 
0.7200	 373	 0.000 
0.7250	 374	 0.000 
0.7300	 374	 0.000 
0.7350	 372	 0.000 
0.7400	 374	 0.000 
0.7450	 374	 0.000 
0.7500	 374	 0.000 
0.7550	 374	 0.000 
0.7600	 373	 0.000 
0.7650	 372	 0.000 
0.7700	 372	 0.000 
0.7750	 373	 0.000 
0.7800	 375	 0.000 
0.7850	 374	 0.000 
0.7900	 373	 0.000 
0.7950	 374	 0.000 
0.8010	 371	 0.000 
0.8050	 374	 0.000 
0.8100	 374	 0.000 
0.8150	 374	 0.000 
0.8200	 374	 0.000 
0.8250	 373	 0.000 
0.8300	 373	 0.000 
0.8350	 372	 0.000 
0.8400	 374	 0.000 
0.8450	 372	 0.000 
0.8500	 374	 0.000 
0.8550	 373	 0.000 
0.8600	 373	 0.000 
0.8650	 373	 0.000 
0.8700	 374	 0.000 
0.8750	 373	 0.000 
0.8800	 374	 0.000 
0.8850	 374	 0.000 
0.8900	 374	 0.000 
0.8950	 373	 0.000 
0.9010	 374	 0.000 
0.9050	 372	 0.000 
0.9100	 373	 0.000 
0.9150	 373	 0.000 
0.9200	 373	 0.000 
0.9250	 374	 0.000 
0.9300	 374	 0.000 
0.9350	 374	 0.000 
0.9400	 374	 0.000 
0.9450	 373	 0.000 
0.9500	 373	 0.000 
0.9550	 372	 0.000 
0.9600	 374	 0.000 
0.9650	 371	 0.000 
0.9700	 372	 0.000 
0.9750	 374	 0.000 
0.9800	 372	 0.000 
0.9850	 373	 0.000 
0.9900	 374	 0.000 
0.9950	 374	 0.000 
1.0010	 373	 0.000 
1.0080	 373	 0.000 
1.0100	 373	 0.000 
1.0150	 373	 0.000 
1.0200	 373	 0.000 
1.0250	 374	 0.000 
1.0300	 374	 0.000 
1.0350	 373	 0.000 
1.0400	 375	 0.000 
1.0450	 374	 0.000 
1.0500	 373	 0.000 
1.0550	 375	 0.000 
1.0600	 374	 0.000 
1.0650	 373	 0.000 
1.0700	 372	 0.000 
1.0750	 373	 0.000 
1.0800	 373	 0.000 
1.0850	 373	 0.000 
1.0900	 374	 0.000 
1.0950	 373	 0.000 
1.1010	 373	 0.000 
1.1050	 374	 0.000 
1.1100	 372	 0.000 
1.1150	 373	 0.000 
1.1200	 373	 0.000 
1.1250	 372	 0.000 
1.1300	 372	 0.000 
1.1350	 372	 0.000 
1.1400	 372	 0.000 
1.1450	 374	 0.000 
1.1500	 371	 0.000 
1.1550	 371	 0.000 
1.1600	 373	 0.000 
1.1650	 370	 0.000 
1.1700	 372	 0.000 
1.1750	 371	 0.000 
1.1800	 370	 0.000 
1.1850	 370	 0.000 
1.1900	 371	 0.000 
1.1950	 371	 0.000 
1.2010	 369	 0.000 
1.2050	 370	 0.000 
1.2100	 370	 0.000 
1.2150	 370	 0.000 
1.2200	 371	 0.000 
1.2250	 369	 0.000 
1.2300	 370	 0.000 
1.2350	 370	 0.000 
1.2400	 369	 0.000 
1.2450	 370	 0.000 
1.2500	 370	 0.000 
1.2550	 370	 0.000 
1.2600	 371	 0.000 
1.2650	 373	 0.000 
1.2700	 371	 0.000 
1.2750	 372	 0.000 
1.2800	 370	 0.000 
1.2850	 372	 0.000 
1.2900	 371	 0.000 
1.2950	 371	 0.000 
1.3010	 370	 0.000 
1.3050	 374	 0.000 
1.3100	 376	 0.000 
1.3150	 377	 0.000 
1.3200	 378	 0.000 
1.3250	 380	 0.000 
1.3300	 383	 0.000 
1.3350	 384	 0.000 
1.3400	 389	 0.000 
1.3450	 390	 0.000 
1.3500	 394	 0.000 
1.3550	 397	 0.000 
1.3600	 402	 0.000 
1.3650	 407	 0.000 
1.3700	 415	 0.000 
1.3750	 420	 0.000 
1.3800	 426	 0.000 
1.3850	 433	 0.000 
1.3900	 440	 0.000 
1.3950	 445	 0.000 
1.4010	 457	 0.000 
1.4050	 463	 0.000 
1.4100	 468	 0.000 
1.4150	 477	 0.000 
1.4200	 484	 0.000 
1.4250	 490	 0.000 
1.4300	 495	 0.000 
1.4350	 499	 0.000 
1.4400	 504	 0.000 
1.4450	 508	 0.000 
1.4500	 508	 0.000 
1.4550	 511	 0.000 
1.4600	 510	 0.000 
1.4650	 512	 0.000 
1.4700	 514	 0.000 
1.4750	 517	 0.000 
1.4800	 520	 0.000 
1.4850	 520	 0.000 
1.4900	 520	 0.000 
1.4950	 526	 0.000 
1.5090	 526	 0.000 
1.5090	 524	 0.000 
1.5100	 526	 0.000 
1.5150	 528	 0.000 
1.5200	 529	 0.000 
1.5250	 528	 0.000 
1.5300	 531	 0.000 
1.5350	 527	 0.000 
1.5400	 527	 0.000 
1.5450	 527	 0.000 
1.5500	 521	 0.000 
1.5550	 522	 0.000 
1.5600	 517	 0.000 
1.5650	 511	 0.000 
1.5700	 502	 0.000 
1.5750	 492	 0.000 
1.5800	 481	 0.000 
1.5850	 467	 0.000 
1.5900	 453	 0.000 
1.5950	 438	 0.000 
1.6080	 413	 0.000 
1.6080	 413	 0.000 
1.6100	 411	 0.000 
1.6150	 403	 0.000 
1.6200	 401	 0.000 
1.6250	 398	 0.000 
1.6300	 396	 0.000 
1.6350	 394	 0.000 
1.6400	 391	 0.000 
1.6450	 390	 0.000 
1.6500	 387	 0.000 
1.6550	 388	 0.000 
1.6600	 384	 0.000 
1.6650	 383	 0.000 
1.6700	 383	 0.000 
1.6750	 380	 0.000 
1.6800	 381	 0.000 
1.6850	 382	 0.000 
1.6900	 385	 0.000 
1.6950	 389	 0.000 
1.7070	 414	 0.000 
1.7070	 416	 0.000 
1.7100	 423	 0.000 
1.7150	 435	 0.000 
1.7200	 450	 0.000 
1.7250	 456	 0.000 
1.7300	 469	 0.000 
1.7350	 475	 0.000 
1.7400	 482	 0.000 
1.7450	 485	 0.000 
1.7500	 488	 0.000 
1.7550	 488	 0.000 
1.7600	 492	 0.000 
1.7650	 499	 0.000 
1.7700	 500	 0.000 
1.7750	 502	 0.000 
1.7800	 497	 0.000 
1.7850	 490	 0.000 
1.7900	 479	 0.000 
1.7950	 462	 0.000 
1.8070	 414	 0.000 
1.8070	 415	 0.000 
1.8100	 407	 0.000 
1.8150	 396	 0.000 
1.8200	 389	 0.000 
1.8250	 383	 0.000 
1.8300	 381	 0.000 
1.8350	 378	 0.000 
1.8400	 374	 0.000 
1.8450	 373	 0.000 
1.8500	 372	 0.000 
1.8550	 372	 0.000 
1.8600	 374	 0.000 
1.8650	 375	 0.000 
1.8700	 383	 0.000 
1.8750	 395	 0.000 
1.8800	 413	 0.000 
1.8850	 430	 0.000 
1.8900	 454	 0.000 
1.8950	 474	 0.000 
1.9080	 495	 2.045 
1.9090	 495	 2.045 
1.9100	 496	 2.045 
1.9150	 505	 2.045 
1.9200	 508	 2.045 
1.9250	 511	 2.045 
1.9300	 511	 2.045 
1.9350	 504	 2.045 
1.9400	 497	 2.045 
1.9450	 477	 2.045 
1.9500	 456	 2.045 
1.9550	 434	 2.045 
1.9600	 416	 2.045 
1.9650	 405	 2.045 
1.9700	 398	 2.045 
1.9750	 393	 2.045 
1.9800	 391	 2.045 
1.9850	 387	 2.045 
1.9900	 385	 2.045 
1.9950	 381	 2.045 
2.0070	 382	 2.778 
2.0070	 383	 2.778 
2.0100	 384	 2.778 
2.0150	 393	 2.778 
2.0200	 407	 2.778 
2.0250	 423	 2.778 
2.0300	 442	 2.778 
2.0350	 455	 2.778 
2.0400	 465	 2.778 
2.0450	 472	 2.778 
2.0500	 476	 2.778 
2.0550	 481	 2.778 
2.0600	 484	 2.778 
2.0650	 490	 2.778 
2.0700	 492	 2.778 
2.0750	 488	 2.778 
2.0800	 479	 2.778 
2.0850	 463	 2.778 
2.0900	 438	 2.778 
2.0950	 416	 2.778 
2.1060	 388	 3.534 
2.1070	 388	 3.534 
2.1100	 383	 3.534 
2.1150	 378	 3.534 
2.1200	 375	 3.534 
2.1250	 372	 3.534 
2.1300	 370	 3.534 
2.1350	 369	 3.534 
2.1400	 370	 3.534 
2.1450	 372	 3.534 
2.1500	 377	 3.534 
2.1550	 389	 3.534 
2.1600	 406	 3.534 
2.1650	 428	 3.534 
2.1700	 449	 3.534 
2.1750	 466	 3.534 
2.1800	 479	 3.534 
2.1850	 486	 3.534 
2.1900	 495	 3.534 
2.1950	 498	 3.534 
2.2090	 504	 3.509 
2.2090	 503	 3.509 
2.2100	 504	 3.509 
2.2150	 499	 3.509 
2.2200	 486	 3.509 
2.2250	 465	 3.509 
2.2300	 443	 3.509 
2.2350	 422	 3.509 
2.2400	 410	 3.509 
2.2450	 399	 3.509 
2.2500	 394	 3.509 
2.2550	 387	 3.509 
2.2600	 386	 3.509 
2.2650	 383	 3.509 
2.2700	 380	 3.509 
2.2750	 379	 3.509 
2.2800	 379	 3.509 
2.2850	 381	 3.509 
2.2900	 390	 3.509 
2.2950	 402	 3.509 
2.3140	 458	 3.636 
2.3140	 459	 3.636 
2.3140	 459	 3.636 
2.3150	 461	 3.636 
2.3200	 469	 3.636 
2.3250	 474	 3.636 
2.3300	 480	 3.636 
2.3350	 483	 3.636 
2.3400	 489	 3.636 
2.3450	 492	 3.636 
2.3500	 490	 3.636 
2.3550	 481	 3.636 
2.3600	 462	 3.636 
2.3650	 441	 3.636 
2.3700	 419	 3.636 
2.3750	 402	 3.636 
2.3800	 391	 3.636 
2.3850	 383	 3.636 
2.3900	 379	 3.636 
2.3950	 376	 3.636 
2.4080	 370	 3.636 
2.4080	 370	 3.636 
2.4100	 369	 3.636 
2.4150	 370	 3.636 
2.4200	 372	 3.636 
2.4250	 377	 3.636 
2.4300	 387	 3.636 
2.4350	 404	 3.636 
2.4400	 426	 3.636 
2.4450	 448	 3.636 
2.4500	 466	 3.636 
2.4550	 479	 3.636 
2.4600	 486	 3.636 
2.4650	 496	 3.636 
2.4700	 500	 3.636 
2.4750	 505	 3.636 
2.4800	 508	 3.636 
2.4850	 505	 3.636 
2.4900	 501	 3.636 
2.4950	 489	 3.636 
2.5070	 437	 3.636 
2.5080	 437	 3.636 
2.5100	 425	 3.636 
2.5150	 411	 3.636 
2.5200	 402	 3.636 
2.5250	 394	 3.636 
2.5300	 390	 3.636 
2.5350	 387	 3.636 
2.5400	 384	 3.636 
2.5450	 381	 3.636 
2.5500	 380	 3.636 
2.5550	 380	 3.636 
2.5600	 381	 3.636 
2.5650	 390	 3.636 
2.5700	 401	 3.636 
2.5750	 417	 3.636 
2.5800	 435	 3.636 
2.5850	 449	 3.636 
2.5900	 460	 3.636 
2.5950	 467	 3.636 
2.6070	 480	 3.623 
2.6070	 480	 3.623 
2.6100	 482	 3.623 
2.6150	 489	 3.623 
2.6200	 491	 3.623 
2.6250	 489	 3.623 
2.6300	 484	 3.623 
2.6350	 470	 3.623 
2.6400	 448	 3.623 
2.6450	 425	 3.623 
2.6500	 407	 3.623 
2.6550	 395	 3.623 
2.6600	 386	 3.623 
2.6650	 381	 3.623 
2.6700	 377	 3.623 
2.6750	 374	 3.623 
2.6800	 372	 3.623 
2.6850	 370	 3.623 
2.6900	 370	 3.623 
2.6950	 371	 3.623 
2.7060	 385	 3.636 
2.7070	 385	 3.636 
2.7100	 395	 3.636 
2.7150	 415	 3.636 
2.7200	 437	 3.636 
2.7250	 456	 3.636 
2.7300	 473	 3.636 
2.7350	 482	 3.636 
2.7400	 491	 3.636 
2.7450	 497	 3.636 
2.7500	 502	 3.636 
2.7550	 507	 3.636 
2.7600	 507	 3.636 
2.7650	 252	 3.636 
2.7700	 499	 3.636 
2.7750	 484	 3.636 
2.7800	 466	 3.636 
2.7850	 442	 3.636 
2.7900	 423	 3.636 
2.7950	 409	 3.636 
2.8060	 393	 5.000 
2.8070	 394	 5.000 
2.8100	 387	 5.000 
2.8150	 387	 5.000 
2.8200	 384	 5.000 
2.8250	 381	 5.000 
2.8300	 380	 5.000 
2.8350	 380	 5.000 
2.8400	 383	 5.000 
2.8450	 388	 5.000 
2.8500	 398	 5.000 
2.8550	 415	 5.000 
2.8600	 431	 5.000 
2.8650	 447	 5.000 
2.8700	 457	 5.000 
2.8750	 465	 5.000 
2.8800	 473	 5.000 
2.8850	 476	 5.000 
2.8900	 481	 5.000 
2.8950	 484	 5.000 
2.9070	 492	 7.143 
2.9070	 495	 7.143 
2.9100	 492	 7.143 
2.9150	 487	 7.143 
2.9200	 477	 7.143 
2.9250	 457	 7.143 
2.9300	 436	 7.143 
2.9350	 417	 7.143 
2.9400	 403	 7.143 
2.9450	 393	 7.143 
2.9500	 386	 7.143 
2.9550	 381	 7.143 
2.9600	 377	 7.143 
2.9650	 375	 7.143 
2.9700	 372	 7.143 
2.9750	 370	 7.143 
2.9800	 370	 7.143 
2.9850	 370	 7.143 
2.9900	 370	 7.143 
2.9950	 373	 7.143 
3.0070	 392	 5.405 
3.0070	 394	 5.405 
3.0100	 402	 5.405 
3.0150	 421	 5.405 
3.0200	 439	 5.405 
3.0250	 456	 5.405 
3.0300	 472	 5.405 
3.0350	 481	 5.405 
3.0400	 491	 5.405 
3.0450	 497	 5.405 
3.0500	 502	 5.405 
3.0550	 507	 5.405 
3.0600	 511	 5.405 
3.0650	 514	 5.405 
3.0700	 514	 5.405 
3.0750	 513	 5.405 
3.0800	 511	 5.405 
3.0850	 504	 5.405 
3.0900	 495	 5.405 
3.0950	 481	 5.405 
3.1070	 440	 4.219 
3.1070	 440	 4.219 
3.1100	 431	 4.219 
3.1150	 417	 4.219 
3.1200	 409	 4.219 
3.1250	 402	 4.219 
3.1300	 397	 4.219 
3.1350	 394	 4.219 
3.1400	 392	 4.219 
3.1450	 389	 4.219 
3.1500	 388	 4.219 
3.1550	 386	 4.219 
3.1600	 385	 4.219 
3.1650	 383	 4.219 
3.1700	 383	 4.219 
3.1750	 383	 4.219 
3.1800	 385	 4.219 
3.1850	 387	 4.219 
3.1900	 394	 4.219 
3.1950	 401	 4.219 
3.2130	 449	 2.985 
3.2130	 450	 2.985 
3.2130	 449	 2.985 
3.2150	 454	 2.985 
3.2200	 464	 2.985 
3.2250	 471	 2.985 
3.2300	 479	 2.985 
3.2350	 483	 2.985 
3.2400	 488	 2.985 
3.2450	 488	 2.985 
3.2500	 494	 2.985 
3.2550	 496	 2.985 
3.2600	 503	 2.985 
3.2650	 505	 2.985 
3.2700	 504	 2.985 
3.2750	 505	 2.985 
3.2800	 503	 2.985 
3.2850	 495	 2.985 
3.2900	 485	 2.985 
3.2950	 470	 2.985 
3.3070	 429	 2.985 
3.3070	 430	 2.985 
3.3100	 421	 2.985 
3.3150	 408	 2.985 
3.3200	 398	 2.985 
3.3250	 393	 2.985 
3.3300	 390	 2.985 
3.3350	 385	 2.985 
3.3400	 383	 2.985 
3.3450	 378	 2.985 
3.3500	 380	 2.985 
3.3550	 378	 2.985 
3.3600	 378	 2.985 
3.3650	 379	 2.985 
3.3700	 378	 2.985 
3.3750	 380	 2.985 
3.3800	 382	 2.985 
3.3850	 385	 2.985 
3.3900	 392	 2.985 
3.3950	 401	 2.985 
3.4070	 440	 2.646 
3.4070	 440	 2.646 
3.4100	 452	 2.646 
3.4150	 469	 2.646 
3.4200	 482	 2.646 
3.4250	 496	 2.646 
3.4300	 504	 2.646 
3.4350	 510	 2.646 
3.4400	 516	 2.646 
3.4450	 519	 2.646 
3.4500	 522	 2.646 
3.4550	 525	 2.646 
3.4600	 526	 2.646 
3.4650	 525	 2.646 
3.4700	 523	 2.646 
3.4750	 517	 2.646 
3.4800	 509	 2.646 
3.4850	 494	 2.646 
3.4900	 478	 2.646 
3.4950	 458	 2.646 
3.5070	 422	 2.611 
3.5070	 422	 2.611 
3.5100	 414	 2.611 
3.5150	 410	 2.611 
3.5200	 403	 2.611 
3.5250	 400	 2.611 
3.5300	 397	 2.611 
3.5350	 394	 2.611 
3.5400	 392	 2.611 
3.5450	 392	 2.611 
3.5500	 390	 2.611 
3.5550	 392	 2.611 
3.5600	 389	 2.611 
3.5650	 391	 2.611 
3.5700	 394	 2.611 
3.5750	 401	 2.611 
3.5800	 411	 2.611 
3.5850	 424	 2.611 
3.5900	 443	 2.611 
3.5950	 455	 2.611 
3.6070	 481	 2.667 
3.6070	 482	 2.667 
3.6100	 483	 2.667 
3.6150	 493	 2.667 
3.6200	 496	 2.667 
3.6250	 500	 2.667 
3.6300	 502	 2.667 
3.6350	 506	 2.667 
3.6400	 511	 2.667 
3.6450	 512	 2.667 
3.6500	 511	 2.667 
3.6550	 508	 2.667 
3.6600	 499	 2.667 
3.6650	 484	 2.667 
3.6700	 465	 2.667 
3.6750	 443	 2.667 
3.6800	 426	 2.667 
3.6850	 411	 2.667 
3.6900	 404	 2.667 
3.6950	 395	 2.667 
3.7070	 387	 2.667 
3.7070	 387	 2.667 
3.7100	 386	 2.667 
3.7150	 386	 2.667 
3.7200	 382	 2.667 
3.7250	 382	 2.667 
3.7300	 382	 2.667 
3.7350	 382	 2.667 
3.7400	 383	 2.667 
3.7450	 385	 2.667 
3.7500	 392	 2.667 
3.7550	 406	 2.667 
3.7600	 420	 2.667 
3.7650	 441	 2.667 
3.7700	 461	 2.667 
3.7750	 481	 2.667 
3.7800	 498	 2.667 
3.7850	 507	 2.667 
3.7900	 515	 2.667 
3.7950	 520	 2.667 
3.8070	 532	 2.778 
3.8070	 532	 2.778 
3.8100	 533	 2.778 
3.8150	 535	 2.778 
3.8200	 534	 2.778 
3.8250	 530	 2.778 
3.8300	 524	 2.778 
3.8350	 510	 2.778 
3.8400	 491	 2.778 
3.8450	 469	 2.778 
3.8500	 448	 2.778 
3.8550	 431	 2.778 
3.8600	 421	 2.778 
3.8650	 411	 2.778 
3.8700	 405	 2.778 
3.8750	 402	 2.778 
3.8800	 400	 2.778 
3.8850	 398	 2.778 
3.8900	 396	 2.778 
3.8950	 395	 2.778 
3.9090	 391	 2.778 
3.9090	 391	 2.778 
3.9100	 393	 2.778 
3.9150	 395	 2.778 
3.9200	 402	 2.778 
3.9250	 412	 2.778 
3.9300	 425	 2.778 
3.9350	 441	 2.778 
3.9400	 458	 2.778 
3.9450	 470	 2.778 
3.9500	 482	 2.778 
3.9550	 492	 2.778 
3.9600	 499	 2.778 
3.9650	 503	 2.778 
3.9700	 504	 2.778 
3.9750	 508	 2.778 
3.9800	 513	 2.778 
3.9850	 516	 2.778 
3.9900	 518	 2.778 
3.9950	 514	 2.778 
4.0070	 488	 2.899 
4.0080	 489	 2.899 
4.0100	 474	 2.899 
4.0150	 453	 2.899 
4.0200	 432	 2.899 
4.0250	 417	 2.899 
4.0300	 406	 2.899 
4.0350	 399	 2.899 
4.0400	 393	 2.899 
4.0450	 390	 2.899 
4.0500	 388	 2.899 
4.0550	 387	 2.899 
4.0600	 385	 2.899 
4.0650	 383	 2.899 
4.0700	 382	 2.899 
4.0750	 383	 2.899 
4.0800	 385	 2.899 
4.0850	 390	 2.899 
4.0900	 399	 2.899 
4.0950	 413	 2.899 
4.1080	 465	 2.985 
4.1080	 467	 2.985 
4.1100	 476	 2.985 
4.1150	 494	 2.985 
4.1200	 505	 2.985 
4.1250	 515	 2.985 
4.1300	 522	 2.985 
4.1350	 527	 2.985 
4.1400	 533	 2.985 
4.1450	 536	 2.985 
4.1500	 537	 2.985 
4.1550	 539	 2.985 
4.1600	 532	 2.985 
4.1650	 526	 2.985 
4.1700	 511	 2.985 
4.1750	 490	 2.985 
4.1800	 467	 2.985 
4.1850	 444	 2.985 
4.1900	 429	 2.985 
4.1950	 417	 2.985 
4.2110	 400	 2.985 
4.2120	 400	 2.985 
4.2120	 400	 2.985 
4.2150	 399	 2.985 
4.2200	 396	 2.985 
4.2250	 395	 2.985 
4.2300	 392	 2.985 
4.2350	 393	 2.985 
4.2400	 392	 2.985 
4.2450	 395	 2.985 
4.2500	 401	 2.985 
4.2550	 411	 2.985 
4.2600	 424	 2.985 
4.2650	 442	 2.985 
4.2700	 458	 2.985 
4.2750	 473	 2.985 
4.2800	 483	 2.985 
4.2850	 491	 2.985 
4.2900	 499	 2.985 
4.2950	 504	 2.985 
4.3130	 518	 3.030 
4.3130	 519	 3.030 
4.3130	 519	 3.030 
4.3150	 520	 3.030 
4.3200	 520	 3.030 
4.3250	 516	 3.030 
4.3300	 510	 3.030 
4.3350	 493	 3.030 
4.3400	 469	 3.030 
4.3450	 446	 3.030 
4.3500	 428	 3.030 
4.3550	 414	 3.030 
4.3600	 404	 3.030 
4.3650	 397	 3.030 
4.3700	 393	 3.030 
4.3750	 391	 3.030 
4.3800	 387	 3.030 
4.3850	 385	 3.030 
4.3900	 383	 3.030 
4.3950	 383	 3.030 
4.4120	 390	 3.030 
4.4120	 390	 3.030 
4.4120	 390	 3.030 
4.4150	 394	 3.030 
4.4200	 406	 3.030 
4.4250	 425	 3.030 
4.4300	 446	 3.030 
4.4350	 467	 3.030 
4.4400	 487	 3.030 
4.4450	 501	 3.030 
4.4500	 513	 3.030 
4.4550	 520	 3.030 
4.4600	 527	 3.030 
4.4650	 534	 3.030 
4.4700	 538	 3.030 
4.4750	 540	 3.030 
4.4800	 541	 3.030 
4.4850	 537	 3.030 
4.4900	 530	 3.030 
4.4950	 516	 3.030 
4.5090	 456	 3.058 
4.5090	 454	 3.058 
4.5100	 450	 3.058 
4.5150	 431	 3.058 
4.5200	 421	 3.058 
4.5250	 413	 3.058 
4.5300	 407	 3.058 
4.5350	 403	 3.058 
4.5400	 401	 3.058 
4.5450	 398	 3.058 
4.5500	 396	 3.058 
4.5550	 394	 3.058 
4.5600	 393	 3.058 
4.5650	 394	 3.058 
4.5700	 396	 3.058 
4.5750	 402	 3.058 
4.5800	 412	 3.058 
4.5850	 428	 3.058 
4.5900	 446	 3.058 
4.5950	 464	 3.058 
4.6080	 492	 3.125 
4.6080	 492	 3.125 
4.6100	 497	 3.125 
4.6150	 506	 3.125 
4.6200	 508	 3.125 
4.6250	 512	 3.125 
4.6300	 517	 3.125 
4.6350	 521	 3.125 
4.6400	 526	 3.125 
4.6450	 525	 3.125 
4.6500	 520	 3.125 
4.6550	 507	 3.125 
4.6600	 489	 3.125 
4.6650	 465	 3.125 
4.6700	 442	 3.125 
4.6750	 424	 3.125 
4.6800	 411	 3.125 
4.6850	 403	 3.125 
4.6900	 396	 3.125 
4.6950	 393	 3.125 
4.7080	 387	 3.077 
4.7080	 386	 3.077 
4.7100	 386	 3.077 
4.7150	 385	 3.077 
4.7200	 383	 3.077 
4.7250	 384	 3.077 
4.7300	 386	 3.077 
4.7350	 392	 3.077 
4.7400	 400	 3.077 
4.7450	 415	 3.077 
4.7500	 437	 3.077 
4.7550	 458	 3.077 
4.7600	 478	 3.077 
4.7650	 497	 3.077 
4.7700	 510	 3.077 
4.7750	 521	 3.077 
4.7800	 529	 3.077 
4.7850	 534	 3.077 
4.7900	 542	 3.077 
4.7950	 545	 3.077 
4.8080	 542	 3.077 
4.8080	 544	 3.077 
4.8100	 543	 3.077 
4.8150	 535	 3.077 
4.8200	 517	 3.077 
4.8250	 495	 3.077 
4.8300	 470	 3.077 
4.8350	 449	 3.077 
4.8400	 433	 3.077 
4.8450	 422	 3.077 
4.8500	 415	 3.077 
4.8550	 407	 3.077 
4.8600	 404	 3.077 
4.8650	 402	 3.077 
4.8700	 399	 3.077 
4.8750	 397	 3.077 
4.8800	 394	 3.077 
4.8850	 394	 3.077 
4.8900	 396	 3.077 
4.8950	 398	 3.077 
4.9090	 427	 3.067 
4.9100	 428	 3.067 
4.9100	 430	 3.067 
4.9150	 448	 3.067 
4.9200	 466	 3.067 
4.9250	 479	 3.067 
4.9300	 487	 3.067 
4.9350	 495	 3.067 
4.9400	 508	 3.067 
4.9450	 509	 3.067 
4.9500	 514	 3.067 
4.9550	 519	 3.067 
4.9600	 522	 3.067 
4.9650	 526	 3.067 
4.9700	 523	 3.067 
4.9750	 521	 3.067 
4.9800	 510	 3.067 
4.9850	 492	 3.067 
4.9900	 468	 3.067 
4.9950	 445	 3.067 
5.0070	 409	 3.077 
5.0070	 408	 3.077 
5.0100	 402	 3.077 
5.0150	 397	 3.077 
5.0200	 393	 3.077 
5.0250	 390	 3.077 
5.0300	 388	 3.077 
5.0350	 386	 3.077 
5.0400	 385	 3.077 
5.0450	 383	 3.077 
5.0500	 384	 3.077 
5.0550	 385	 3.077 
5.0600	 388	 3.077 
5.0650	 397	 3.077 
5.0700	 412	 3.077 
5.0750	 432	 3.077 
5.0800	 454	 3.077 
5.0850	 477	 3.077 
5.0900	 495	 3.077 
5.0950	 510	 3.077 
5.1070	 528	 3.077 
5.1070	 529	 3.077 
5.1100	 528	 3.077 
5.1150	 539	 3.077 
5.1200	 544	 3.077 
5.1250	 546	 3.077 
5.1300	 545	 3.077 
5.1350	 542	 3.077 
5.1400	 531	 3.077 
5.1450	 514	 3.077 
5.1500	 495	 3.077 
5.1550	 468	 3.077 
5.1600	 448	 3.077 
5.1650	 431	 3.077 
5.1700	 420	 3.077 
5.1750	 411	 3.077 
5.1800	 405	 3.077 
5.1850	 402	 3.077 
5.1900	 398	 3.077 
5.1950	 395	 3.077 
5.2060	 394	 3.077 
5.2070	 395	 3.077 
5.2100	 394	 3.077 
5.2150	 395	 3.077 
5.2200	 395	 3.077 
5.2250	 401	 3.077 
5.2300	 414	 3.077 
5.2350	 433	 3.077 
5.2400	 450	 3.077 
5.2450	 468	 3.077 
5.2500	 483	 3.077 
5.2550	 492	 3.077 
5.2600	 499	 3.077 
5.2650	 507	 3.077 
5.2700	 511	 3.077 
5.2750	 516	 3.077 
5.2800	 522	 3.077 
5.2850	 525	 3.077 
5.2900	 528	 3.077 
5.2950	 526	 3.077 
5.3080	 490	 3.077 
5.3080	 490	 3.077 
5.3100	 483	 3.077 
5.3150	 457	 3.077 
5.3200	 438	 3.077 
5.3250	 420	 3.077 
5.3300	 408	 3.077 
5.3350	 401	 3.077 
5.3400	 395	 3.077 
5.3450	 390	 3.077 
5.3500	 388	 3.077 
5.3550	 385	 3.077 
5.3600	 383	 3.077 
5.3650	 381	 3.077 
5.3700	 381	 3.077 
5.3750	 381	 3.077 
5.3800	 384	 3.077 
5.3850	 390	 3.077 
5.3900	 400	 3.077 
5.3950	 415	 3.077 
5.4070	 463	 3.125 
5.4070	 464	 3.125 
5.4100	 479	 3.125 
5.4150	 498	 3.125 
5.4200	 510	 3.125 
5.4250	 520	 3.125 
5.4300	 529	 3.125 
5.4350	 535	 3.125 
5.4400	 541	 3.125 
5.4450	 545	 3.125 
5.4500	 547	 3.125 
5.4550	 547	 3.125 
5.4600	 542	 3.125 
5.4650	 533	 3.125 
5.4700	 516	 3.125 
5.4750	 494	 3.125 
5.4800	 469	 3.125 
5.4850	 448	 3.125 
5.4900	 432	 3.125 
5.4950	 419	 3.125 
5.5060	 405	 3.077 
5.5070	 406	 3.077 
5.5100	 403	 3.077 
5.5150	 400	 3.077 
5.5200	 397	 3.077 
5.5250	 395	 3.077 
5.5300	 394	 3.077 
5.5350	 393	 3.077 
5.5400	 393	 3.077 
5.5450	 396	 3.077 
5.5500	 402	 3.077 
5.5550	 412	 3.077 
5.5600	 427	 3.077 
5.5650	 445	 3.077 
5.5700	 463	 3.077 
5.5750	 478	 3.077 
5.5800	 490	 3.077 
5.5850	 500	 3.077 
5.5900	 507	 3.077 
5.5950	 512	 3.077 
5.6060	 521	 3.030 
5.6070	 522	 3.030 
5.6100	 526	 3.030 
5.6150	 530	 3.030 
5.6200	 532	 3.030 
5.6250	 529	 3.030 
5.6300	 519	 3.030 
5.6350	 504	 3.030 
5.6400	 481	 3.030 
5.6450	 458	 3.030 
5.6500	 435	 3.030 
5.6550	 420	 3.030 
5.6600	 409	 3.030 
5.6650	 400	 3.030 
5.6700	 396	 3.030 
5.6750	 392	 3.030 
5.6800	 389	 3.030 
5.6850	 387	 3.030 
5.6900	 385	 3.030 
5.6950	 384	 3.030 
5.7070	 384	 3.030 
5.7070	 384	 3.030 
5.7100	 386	 3.030 
5.7150	 391	 3.030 
5.7200	 400	 3.030 
5.7250	 415	 3.030 
5.7300	 435	 3.030 
5.7350	 457	 3.030 
5.7400	 480	 3.030 
5.7450	 499	 3.030 
5.7500	 513	 3.030 
5.7550	 523	 3.030 
5.7600	 532	 3.030 
5.7650	 539	 3.030 
5.7700	 544	 3.030 
5.7750	 550	 3.030 
5.7800	 553	 3.030 
5.7850	 552	 3.030 
5.7900	 551	 3.030 
5.7950	 541	 3.030 
5.8070	 496	 3.030 
5.8070	 497	 3.030 
5.8100	 481	 3.030 
5.8150	 458	 3.030 
5.8200	 439	 3.030 
5.8250	 426	 3.030 
5.8300	 418	 3.030 
5.8350	 411	 3.030 
5.8400	 407	 3.030 
5.8450	 403	 3.030 
5.8500	 401	 3.030 
5.8550	 399	 3.030 
5.8600	 397	 3.030 
5.8650	 396	 3.030 
5.8700	 397	 3.030 
5.8750	 399	 3.030 
5.8800	 458	 3.030 
5.8850	 415	 3.030 
5.8900	 429	 3.030 
5.8950	 447	 3.030 
5.9090	 490	 3.030 
5.9090	 493	 3.030 
5.9100	 494	 3.030 
5.9150	 505	 3.030 
5.9200	 512	 3.030 
5.9250	 520	 3.030 
5.9300	 522	 3.030 
5.9350	 528	 3.030 
5.9400	 535	 3.030 
5.9450	 536	 3.030 
5.9500	 539	 3.030 
5.9550	 535	 3.030 
5.9600	 523	 3.030 
5.9650	 506	 3.030 
5.9700	 487	 3.030 
5.9750	 460	 3.030 
5.9800	 439	 3.030 
5.9850	 423	 3.030 
5.9900	 413	 3.030 
5.9950	 405	 3.030 
6.0070	 394	 3.030 
6.0070	 394	 3.030 
6.0100	 394	 3.030 
6.0150	 391	 3.030 
6.0200	 388	 3.030 
6.0250	 389	 3.030 
6.0300	 389	 3.030 
6.0350	 391	 3.030 
6.0400	 394	 3.030 
6.0450	 398	 3.030 
6.0500	 410	 3.030 
6.0550	 428	 3.030 
6.0600	 450	 3.030 
6.0650	 474	 3.030 
6.0700	 496	 3.030 
6.0750	 514	 3.030 
6.0800	 530	 3.030 
6.0850	 536	 3.030 
6.0900	 544	 3.030 
6.0950	 552	 3.030 
6.1070	 564	 3.077 
6.1070	 565	 3.077 
6.1100	 565	 3.077 
6.1150	 562	 3.077 
6.1200	 558	 3.077 
6.1250	 547	 3.077 
6.1300	 532	 3.077 
6.1350	 505	 3.077 
6.1400	 483	 3.077 
6.1450	 461	 3.077 
6.1500	 443	 3.077 
6.1550	 432	 3.077 
6.1600	 424	 3.077 
6.1650	 419	 3.077 
6.1700	 416	 3.077 
6.1750	 411	 3.077 
6.1800	 409	 3.077 
6.1850	 407	 3.077 
6.1900	 404	 3.077 
6.1950	 405	 3.077 
6.2080	 410	 3.030 
6.2080	 409	 3.030 
6.2100	 415	 3.030 
6.2150	 424	 3.030 
6.2200	 438	 3.030 
6.2250	 458	 3.030 
6.2300	 476	 3.030 
6.2350	 493	 3.030 
6.2400	 505	 3.030 
6.2450	 515	 3.030 
6.2500	 523	 3.030 
6.2550	 528	 3.030 
6.2600	 531	 3.030 
6.2650	 536	 3.030 
6.2700	 540	 3.030 
6.2750	 546	 3.030 
6.2800	 546	 3.030 
6.2850	 543	 3.030 
6.2900	 535	 3.030 
6.2950	 521	 3.030 
6.3070	 466	 3.115 
6.3070	 466	 3.115 
6.3100	 452	 3.115 
6.3150	 433	 3.115 
6.3200	 421	 3.115 
6.3250	 412	 3.115 
6.3300	 406	 3.115 
6.3350	 402	 3.115 
6.3400	 398	 3.115 
6.3450	 396	 3.115 
6.3500	 395	 3.115 
6.3550	 394	 3.115 
6.3600	 394	 3.115 
6.3650	 394	 3.115 
6.3700	 395	 3.115 
6.3750	 399	 3.115 
6.3800	 407	 3.115 
6.3850	 420	 3.115 
6.3900	 438	 3.115 
6.3950	 460	 3.115 
6.4120	 529	 3.012 
6.4130	 529	 3.012 
6.4130	 530	 3.012 
6.4150	 536	 3.012 
6.4200	 543	 3.012 
6.4250	 552	 3.012 
6.4300	 558	 3.012 
6.4350	 564	 3.012 
6.4400	 570	 3.012 
6.4450	 567	 3.012 
6.4500	 566	 3.012 
6.4550	 559	 3.012 
6.4600	 547	 3.012 
6.4650	 530	 3.012 
6.4700	 507	 3.012 
6.4750	 484	 3.012 
6.4800	 462	 3.012 
6.4850	 445	 3.012 
6.4900	 432	 3.012 
6.4950	 423	 3.012 
6.5080	 413	 2.985 
6.5090	 414	 2.985 
6.5100	 410	 2.985 
6.5150	 410	 2.985 
6.5200	 407	 2.985 
6.5250	 405	 2.985 
6.5300	 405	 2.985 
6.5350	 405	 2.985 
6.5400	 407	 2.985 
6.5450	 411	 2.985 
6.5500	 421	 2.985 
6.5550	 435	 2.985 
6.5600	 453	 2.985 
6.5650	 472	 2.985 
6.5700	 487	 2.985 
6.5750	 501	 2.985 
6.5800	 511	 2.985 
6.5850	 518	 2.985 
6.5900	 525	 2.985 
6.5950	 530	 2.985 
6.6090	 541	 2.941 
6.6100	 542	 2.941 
6.6100	 543	 2.941 
6.6150	 545	 2.941 
6.6200	 539	 2.941 
6.6250	 537	 2.941 
6.6300	 524	 2.941 
6.6350	 503	 2.941 
6.6400	 478	 2.941 
6.6450	 454	 2.941 
6.6500	 435	 2.941 
6.6550	 422	 2.941 
6.6600	 412	 2.941 
6.6650	 406	 2.941 
6.6700	 399	 2.941 
6.6750	 396	 2.941 
6.6800	 395	 2.941 
6.6850	 393	 2.941 
6.6900	 391	 2.941 
6.6950	 390	 2.941 
6.7090	 394	 2.959 
6.7090	 392	 2.959 
6.7100	 394	 2.959 
6.7150	 399	 2.959 
6.7200	 412	 2.959 
6.7250	 427	 2.959 
6.7300	 447	 2.959 
6.7350	 476	 2.959 
6.7400	 492	 2.959 
6.7450	 513	 2.959 
6.7500	 528	 2.959 
6.7550	 532	 2.959 
6.7600	 543	 2.959 
6.7650	 548	 2.959 
6.7700	 555	 2.959 
6.7750	 556	 2.959 
6.7800	 562	 2.959 
6.7850	 564	 2.959 
6.7900	 558	 2.959 
6.7950	 547	 2.959 
6.8090	 489	 3.096 
6.8090	 488	 3.096 
6.8100	 483	 3.096 
6.8150	 459	 3.096 
6.8200	 441	 3.096 
6.8250	 431	 3.096 
6.8300	 424	 3.096 
6.8350	 415	 3.096 
6.8400	 413	 3.096 
6.8450	 408	 3.096 
6.8500	 405	 3.096 
6.8550	 404	 3.096 
6.8600	 400	 3.096 
6.8650	 400	 3.096 
6.8700	 400	 3.096 
6.8750	 399	 3.096 
6.8800	 403	 3.096 
6.8850	 412	 3.096 
6.8900	 426	 3.096 
6.8950	 444	 3.096 
6.9100	 487	 2.985 
6.9100	 490	 2.985 
6.9100	 492	 2.985 
6.9150	 500	 2.985 
6.9200	 510	 2.985 
6.9250	 512	 2.985 
6.9300	 514	 2.985 
6.9350	 528	 2.985 
6.9400	 532	 2.985 
6.9450	 535	 2.985 
6.9500	 531	 2.985 
6.9550	 531	 2.985 
6.9600	 536	 2.985 
6.9650	 519	 2.985 
6.9700	 496	 2.985 
6.9750	 471	 2.985 
6.9800	 447	 2.985 
6.9850	 428	 2.985 
6.9900	 416	 2.985 
6.9950	 412	 2.985 
7.0070	 395	 3.030 
7.0070	 399	 3.030 
7.0100	 396	 3.030 
7.0150	 389	 3.030 
7.0200	 390	 3.030 
7.0250	 383	 3.030 
7.0300	 386	 3.030 
7.0350	 386	 3.030 
7.0400	 388	 3.030 
7.0450	 391	 3.030 
7.0500	 399	 3.030 
7.0550	 410	 3.030 
7.0600	 428	 3.030 
7.0650	 444	 3.030 
7.0700	 470	 3.030 
7.0750	 486	 3.030 
7.0800	 508	 3.030 
7.0850	 520	 3.030 
7.0900	 529	 3.030 
7.0950	 537	 3.030 
7.1080	 546	 2.985 
7.1080	 554	 2.985 
7.1100	 532	 2.985 
7.1150	 558	 2.985 
7.1200	 551	 2.985 
7.1250	 552	 2.985 
7.1300	 543	 2.985 
7.1350	 525	 2.985 
7.1400	 499	 2.985 
7.1450	 473	 2.985 
7.1500	 452	 2.985 
7.1550	 437	 2.985 
7.1600	 425	 2.985 
7.1650	 418	 2.985 
7.1700	 412	 2.985 
7.1750	 408	 2.985 
7.1800	 408	 2.985 
7.1850	 402	 2.985 
7.1900	 397	 2.985 
7.1950	 394	 2.985 
7.2090	 395	 3.030 
7.2090	 394	 3.030 
7.2100	 400	 3.030 
7.2150	 404	 3.030 
7.2200	 413	 3.030 
7.2250	 421	 3.030 
7.2300	 444	 3.030 
7.2350	 456	 3.030 
7.2400	 472	 3.030 
7.2450	 491	 3.030 
7.2500	 501	 3.030 
7.2550	 503	 3.030 
7.2600	 511	 3.030 
7.2650	 514	 3.030 
7.2700	 528	 3.030 
7.2750	 524	 3.030 
7.2800	 527	 3.030 
7.2850	 530	 3.030 
7.2900	 534	 3.030 
7.2950	 528	 3.030 
7.3070	 491	 2.985 
7.3070	 492	 2.985 
7.3100	 474	 2.985 
7.3150	 454	 2.985 
7.3200	 431	 2.985 
7.3250	 420	 2.985 
7.3300	 409	 2.985 
7.3350	 404	 2.985 
7.3400	 395	 2.985 
7.3450	 391	 2.985 
7.3500	 389	 2.985 
7.3550	 385	 2.985 
7.3600	 385	 2.985 
7.3650	 387	 2.985 
7.3700	 385	 2.985 
7.3750	 385	 2.985 
7.3800	 387	 2.985 
7.3850	 392	 2.985 
7.3900	 401	 2.985 
7.3950	 416	 2.985 
7.4080	 466	 2.985 
7.4090	 465	 2.985 
7.4100	 477	 2.985 
7.4150	 497	 2.985 
7.4200	 507	 2.985 
7.4250	 526	 2.985 
7.4300	 528	 2.985 
7.4350	 541	 2.985 
7.4400	 543	 2.985 
7.4450	 543	 2.985 
7.4500	 549	 2.985 
7.4550	 547	 2.985 
7.4600	 550	 2.985 
7.4650	 544	 2.985 
7.4700	 530	 2.985 
7.4750	 512	 2.985 
7.4800	 493	 2.985 
7.4850	 464	 2.985 
7.4900	 444	 2.985 
7.4950	 429	 2.985 
7.5090	 407	 2.941 
7.5090	 407	 2.941 
7.5100	 409	 2.941 
7.5150	 403	 2.941 
7.5200	 406	 2.941 
7.5250	 399	 2.941 
7.5300	 394	 2.941 
7.5350	 399	 2.941 
7.5400	 398	 2.941 
7.5450	 397	 2.941 
7.5500	 398	 2.941 
7.5550	 399	 2.941 
7.5600	 407	 2.941 
7.5650	 422	 2.941 
7.5700	 440	 2.941 
7.5750	 457	 2.941 
7.5800	 472	 2.941 
7.5850	 484	 2.941 
7.5900	 495	 2.941 
7.5950	 501	 2.941 
7.6070	 507	 2.941 
7.6070	 505	 2.941 
7.6100	 511	 2.941 
7.6150	 512	 2.941 
7.6200	 515	 2.941 
7.6250	 524	 2.941 
7.6300	 517	 2.941 
7.6350	 516	 2.941 
7.6400	 509	 2.941 
7.6450	 498	 2.941 
7.6500	 480	 2.941 
7.6550	 453	 2.941 
7.6600	 434	 2.941 
7.6650	 420	 2.941 
7.6700	 407	 2.941 
7.6750	 401	 2.941 
7.6800	 392	 2.941 
7.6850	 391	 2.941 
7.6900	 388	 2.941 
7.6950	 386	 2.941 
7.7090	 384	 2.899 
7.7090	 380	 2.899 
7.7100	 380	 2.899 
7.7150	 383	 2.899 
7.7200	 380	 2.899 
7.7250	 385	 2.899 
7.7300	 393	 2.899 
7.7350	 397	 2.899 
7.7400	 415	 2.899 
7.7450	 427	 2.899 
7.7500	 456	 2.899 
7.7550	 470	 2.899 
7.7600	 490	 2.899 
7.7650	 501	 2.899 
7.7700	 507	 2.899 
7.7750	 512	 2.899 
7.7800	 513	 2.899 
7.7850	 517	 2.899 
7.7900	 524	 2.899 
7.7950	 528	 2.899 
7.8090	 515	 2.857 
7.8090	 521	 2.857 
7.8100	 519	 2.857 
7.8150	 510	 2.857 
7.8200	 492	 2.857 
7.8250	 473	 2.857 
7.8300	 452	 2.857 
7.8350	 431	 2.857 
7.8400	 416	 2.857 
7.8450	 405	 2.857 
7.8500	 400	 2.857 
7.8550	 400	 2.857 
7.8600	 400	 2.857 
7.8650	 390	 2.857 
7.8700	 392	 2.857 
7.8750	 390	 2.857 
7.8800	 389	 2.857 
7.8850	 387	 2.857 
7.8900	 386	 2.857 
7.8950	 387	 2.857 
7.9110	 407	 2.941 
7.9110	 406	 2.941 
7.9110	 409	 2.941 
7.9150	 419	 2.941 
7.9200	 430	 2.941 
7.9250	 448	 2.941 
7.9300	 458	 2.941 
7.9350	 468	 2.941 
7.9400	 478	 2.941 
7.9450	 482	 2.941 
7.9500	 486	 2.941 
7.9550	 481	 2.941 
7.9600	 485	 2.941 
7.9650	 488	 2.941 
7.9700	 491	 2.941 
7.9750	 495	 2.941 
7.9800	 484	 2.941 
7.9850	 480	 2.941 
7.9900	 470	 2.941 
7.9950	 456	 2.941 
8.0110	 406	 2.985 
8.0120	 407	 2.985 
8.0120	 401	 2.985 
8.0150	 397	 2.985 
8.0200	 393	 2.985 
8.0250	 387	 2.985 
8.0300	 379	 2.985 
8.0350	 378	 2.985 
8.0400	 375	 2.985 
8.0450	 375	 2.985 
8.0500	 380	 2.985 
8.0550	 378	 2.985 
8.0600	 376	 2.985 
8.0650	 375	 2.985 
8.0700	 378	 2.985 
8.0750	 383	 2.985 
8.0800	 391	 2.985 
8.0850	 403	 2.985 
8.0900	 415	 2.985 
8.0950	 427	 2.985 
8.1080	 476	 2.941 
8.1080	 482	 2.941 
8.1100	 485	 2.941 
8.1150	 489	 2.941 
8.1200	 501	 2.941 
8.1250	 510	 2.941 
8.1300	 511	 2.941 
8.1350	 511	 2.941 
8.1400	 511	 2.941 
8.1450	 507	 2.941 
8.1500	 512	 2.941 
8.1550	 510	 2.941 
8.1600	 499	 2.941 
8.1650	 491	 2.941 
8.1700	 476	 2.941 
8.1750	 460	 2.941 
8.1800	 445	 2.941 
8.1850	 430	 2.941 
8.1900	 414	 2.941 
8.1950	 406	 2.941 
8.2080	 393	 2.899 
8.2080	 392	 2.899 
8.2100	 394	 2.899 
8.2150	 386	 2.899 
8.2200	 386	 2.899 
8.2250	 383	 2.899 
8.2300	 384	 2.899 
8.2350	 384	 2.899 
8.2400	 377	 2.899 
8.2450	 377	 2.899 
8.2500	 387	 2.899 
8.2550	 389	 2.899 
8.2600	 394	 2.899 
8.2650	 405	 2.899 
8.2700	 416	 2.899 
8.2750	 427	 2.899 
8.2800	 443	 2.899 
8.2850	 452	 2.899 
8.2900	 460	 2.899 
8.2950	 469	 2.899 
8.3060	 475	 2.778 
8.3070	 476	 2.778 
8.3100	 482	 2.778 
8.3150	 486	 2.778 
8.3200	 488	 2.778 
8.3250	 494	 2.778 
8.3300	 491	 2.778 
8.3350	 498	 2.778 
8.3400	 495	 2.778 
8.3450	 487	 2.778 
8.3500	 473	 2.778 
8.3550	 459	 2.778 
8.3600	 440	 2.778 
8.3650	 427	 2.778 
8.3700	 409	 2.778 
8.3750	 402	 2.778 
8.3800	 399	 2.778 
8.3850	 392	 2.778 
8.3900	 389	 2.778 
8.3950	 386	 2.778 
8.4060	 387	 2.778 
8.4070	 388	 2.778 
8.4100	 389	 2.778 
8.4150	 383	 2.778 
8.4200	 382	 2.778 
8.4250	 384	 2.778 
8.4300	 385	 2.778 
8.4350	 389	 2.778 
8.4400	 398	 2.778 
8.4450	 408	 2.778 
8.4500	 424	 2.778 
8.4550	 448	 2.778 
8.4600	 472	 2.778 
8.4650	 494	 2.778 
8.4700	 511	 2.778 
8.4750	 524	 2.778 
8.4800	 533	 2.778 
8.4850	 535	 2.778 
8.4900	 543	 2.778 
8.4950	 541	 2.778 
8.5090	 548	 2.841 
8.5100	 548	 2.841 
8.5100	 552	 2.841 
8.5150	 552	 2.841 
8.5200	 543	 2.841 
8.5250	 535	 2.841 
8.5300	 519	 2.841 
8.5350	 497	 2.841 
8.5400	 476	 2.841 
8.5450	 456	 2.841 
8.5500	 439	 2.841 
8.5550	 424	 2.841 
8.5600	 415	 2.841 
8.5650	 412	 2.841 
8.5700	 407	 2.841 
8.5750	 403	 2.841 
8.5800	 398	 2.841 
8.5850	 397	 2.841 
8.5900	 396	 2.841 
8.5950	 394	 2.841 
8.6060	 391	 0.000 
8.6070	 391	 0.000 
8.6100	 396	 0.000 
8.6150	 396	 0.000 
8.6200	 400	 0.000 
8.6250	 411	 0.000 
8.6300	 417	 0.000 
8.6350	 433	 0.000 
8.6400	 451	 0.000 
8.6450	 466	 0.000 
8.6500	 482	 0.000 
8.6550	 490	 0.000 
8.6600	 498	 0.000 
8.6650	 501	 0.000 
8.6700	 503	 0.000 
8.6750	 509	 0.000 
8.6800	 514	 0.000 
8.6850	 513	 0.000 
8.6900	 515	 0.000 
8.6950	 518	 0.000 
8.7060	 530	 0.000 
8.7060	 532	 0.000 
8.7100	 530	 0.000 
8.7150	 526	 0.000 
8.7200	 520	 0.000 
8.7250	 511	 0.000 
8.7300	 492	 0.000 
8.7350	 475	 0.000 
8.7400	 456	 0.000 
8.7450	 439	 0.000 
8.7500	 423	 0.000 
8.7550	 416	 0.000 
8.7600	 410	 0.000 
8.7650	 405	 0.000 
8.7700	 402	 0.000 
8.7750	 400	 0.000 
8.7800	 395	 0.000 
8.7850	 396	 0.000 
8.7900	 394	 0.000 
8.7950	 391	 0.000 
8.8060	 395	 0.000 
8.8060	 391	 0.000 
8.8100	 390	 0.000 
8.8150	 392	 0.000 
8.8200	 392	 0.000 
8.8250	 393	 0.000 
8.8300	 396	 0.000 
8.8350	 395	 0.000 
8.8400	 404	 0.000 
8.8450	 403	 0.000 
8.8500	 416	 0.000 
8.8550	 423	 0.000 
8.8600	 433	 0.000 
8.8650	 448	 0.000 
8.8700	 464	 0.000 
8.8750	 484	 0.000 
8.8800	 504	 0.000 
8.8850	 518	 0.000 
8.8900	 528	 0.000 
8.8950	 535	 0.000 
8.9070	 552	 0.000 
8.9070	 552	 0.000 
8.9100	 550	 0.000 
8.9150	 554	 0.000 
8.9200	 558	 0.000 
8.9250	 566	 0.000 
8.9300	 568	 0.000 
8.9350	 572	 0.000 
8.9400	 574	 0.000 
8.9450	 574	 0.000 
8.9500	 571	 0.000 
8.9550	 571	 0.000 
8.9600	 575	 0.000 
8.9650	 571	 0.000 
8.9700	 572	 0.000 
8.9750	 576	 0.000 
8.9800	 576	 0.000 
8.9850	 576	 0.000 
8.9900	 576	 0.000 
8.9950	 576	 0.000 
9.0090	 569	 0.000 
9.0090	 569	 0.000 
9.0100	 568	 0.000 
9.0150	 564	 0.000 
9.0200	 560	 0.000 
9.0250	 547	 0.000 
9.0300	 541	 0.000 
9.0350	 534	 0.000 
9.0400	 528	 0.000 
9.0450	 518	 0.000 
9.0500	 512	 0.000 
9.0550	 504	 0.000 
9.0600	 492	 0.000 
9.0650	 490	 0.000 
9.0700	 471	 0.000 
9.0750	 468	 0.000 
9.0800	 459	 0.000 
9.0850	 447	 0.000 
9.0900	 441	 0.000 
9.0950	 436	 0.000 
9.1060	 430	 0.000 
9.1060	 432	 0.000 
9.1100	 428	 0.000 
9.1150	 424	 0.000 
9.1200	 423	 0.000 
9.1250	 415	 0.000 
9.1300	 418	 0.000 
9.1350	 413	 0.000 
9.1400	 416	 0.000 
9.1450	 414	 0.000 
9.1500	 415	 0.000 
9.1550	 413	 0.000 
9.1600	 410	 0.000 
9.1650	 408	 0.000 
9.1700	 408	 0.000 
9.1750	 407	 0.000 
9.1800	 408	 0.000 
9.1850	 410	 0.000 
9.1900	 405	 0.000 
9.1950	 408	 0.000 
9.2060	 404	 0.000 
9.2060	 406	 0.000 
9.2100	 410	 0.000 
9.2150	 407	 0.000 
9.2200	 407	 0.000 
9.2250	 403	 0.000 
9.2300	 401	 0.000 
9.2350	 408	 0.000 
9.2400	 408	 0.000 
9.2450	 407	 0.000 
9.2500	 403	 0.000 
9.2550	 407	 0.000 
9.2600	 407	 0.000 
9.2650	 405	 0.000 
9.2700	 405	 0.000 
9.2750	 406	 0.000 
9.2800	 404	 0.000 
9.2850	 404	 0.000 
9.2900	 404	 0.000 
9.2950	 405	 0.000 
9.3100	 405	 0.000 
9.3100	 403	 0.000 
9.3100	 404	 0.000 
9.3150	 403	 0.000 
9.3200	 403	 0.000 
9.3250	 403	 0.000 
9.3300	 402	 0.000 
9.3350	 399	 0.000 
9.3400	 399	 0.000 
9.3450	 400	 0.000 
9.3500	 403	 0.000 
9.3550	 400	 0.000 
9.3600	 401	 0.000 
9.3650	 399	 0.000 
9.3700	 404	 0.000 
9.3750	 404	 0.000 
9.3800	 406	 0.000 
9.3850	 405	 0.000 
9.3900	 405	 0.000 
9.3950	 403	 0.000 
9.4010	 404	 0.000 
9.4050	 405	 0.000 
9.4100	 405	 0.000 
9.4150	 403	 0.000 
9.4200	 405	 0.000 
9.4250	 402	 0.000 
9.4300	 404	 0.000 
9.4350	 406	 0.000 
9.4400	 406	 0.000 
9.4450	 405	 0.000 
9.4500	 403	 0.000 
9.4550	 399	 0.000 
9.4600	 400	 0.000 
9.4650	 400	 0.000 
9.4700	 404	 0.000 
9.4750	 405	 0.000 
9.4800	 399	 0.000 
9.4850	 404	 0.000 
9.4900	 404	 0.000 
9.4950	 405	 0.000 
9.5060	 399	 0.000 
9.5060	 400	 0.000 
9.5100	 403	 0.000 
9.5150	 399	 0.000 
9.5200	 400	 0.000 
9.5250	 405	 0.000 
9.5300	 403	 0.000 
9.5350	 405	 0.000 
9.5400	 404	 0.000 
9.5450	 404	 0.000 
9.5500	 403	 0.000 
9.5550	 399	 0.000 
9.5600	 400	 0.000 
9.5650	 401	 0.000 
9.5700	 401	 0.000 
9.5750	 404	 0.000 
9.5800	 404	 0.000 
9.5850	 402	 0.000 
9.5900	 403	 0.000 
9.5950	 404	 0.000 
9.6060	 401	 0.000 
9.6060	 401	 0.000 
9.6100	 403	 0.000 
9.6150	 400	 0.000 
9.6200	 400	 0.000 
9.6250	 401	 0.000 
9.6300	 404	 0.000 
9.6350	 405	 0.000 
9.6400	 403	 0.000 
9.6450	 401	 0.000 
9.6500	 401	 0.000 
9.6550	 402	 0.000 
9.6600	 399	 0.000 
9.6650	 404	 0.000 
9.6700	 401	 0.000 
9.6750	 404	 0.000 
9.6800	 403	 0.000 
9.6850	 399	 0.000 
9.6900	 400	 0.000 
9.6950	 400	 0.000 
9.7080	 401	 0.000 
9.7090	 404	 0.000 
9.7100	 399	 0.000 
9.7150	 406	 0.000 
9.7200	 402	 0.000 
9.7250	 403	 0.000 
9.7300	 400	 0.000 
9.7350	 400	 0.000 
9.7400	 404	 0.000 
9.7450	 404	 0.000 
9.7500	 406	 0.000 
9.7550	 405	 0.000 
9.7600	 406	 0.000 
9.7650	 401	 0.000 
9.7720	 404	 0.000 
9.7750	 405	 0.000 
9.7800	 403	 0.000 
9.7850	 400	 0.000 
9.7900	 401	 0.000 
9.7950	 401	 0.000 
9.8060	 404	 0.000 
9.8060	 404	 0.000 
9.8100	 404	 0.000 
9.8150	 404	 0.000 
9.8200	 404	 0.000 
9.8250	 404	 0.000 
9.8300	 404	 0.000 
9.8350	 404	 0.000 
9.8400	 403	 0.000 
9.8450	 403	 0.000 
9.8500	 399	 0.000 
9.8550	 399	 0.000 
9.8600	 400	 0.000 
9.8650	 401	 0.000 
9.8700	 404	 0.000 
9.8750	 404	 0.000 
9.8800	 404	 0.000 
9.8850	 403	 0.000 
9.8900	 399	 0.000 
9.8950	 404	 0.000 
9.9060	 401	 0.000 
9.9060	 404	 0.000 
9.9100	 401	 0.000 
9.9150	 401	 0.000 
9.9200	 404	 0.000 
9.9250	 406	 0.000 
9.9300	 405	 0.000 
9.9350	 404	 0.000 
9.9400	 404	 0.000 
9.9450	 400	 0.000 
9.9500	 404	 0.000 
9.9550	 399	 0.000 
9.9600	 400	 0.000 
9.9650	 404	 0.000 
9.9700	 404	 0.000 
9.9750	 406	 0.000 
9.9800	 403	 0.000 
9.9850	 405	 0.000 
9.9900	 404	 0.000 
9.9950	 403	 0.000 
