0.0050
0.0050	 536	 0.000 
0.0110	 537	 0.000 
0.0110	 537	 0.000 
0.0150	 538	 0.000 
0.0200	 538	 0.000 
0.0250	 533	 0.000 
0.0300	 535	 0.000 
0.0350	 546	 0.000 
0.0400	 544	 0.000 
0.0450	 540	 0.000 
0.0500	 540	 0.000 
0.0550	 540	 0.000 
0.0600	 539	 0.000 
0.0700	 538	 0.000 
0.0710	 537	 0.000 
0.0770	 540	 0.000 
0.0800	 535	 0.000 
0.0850	 535	 0.000 
0.0900	 541	 0.000 
0.0950	 540	 0.000 
0.1030	 534	 0.000 
0.1050	 540	 0.000 
0.1110	 538	 0.000 
0.1150	 538	 0.000 
0.1200	 539	 0.000 
0.1250	 538	 0.000 
0.1300	 538	 0.000 
0.1350	 537	 0.000 
0.1400	 537	 0.000 
0.1450	 537	 0.000 
0.1500	 537	 0.000 
0.1550	 538	 0.000 
0.1600	 538	 0.000 
0.1650	 539	 0.000 
0.1700	 539	 0.000 
0.1750	 538	 0.000 
0.1800	 537	 0.000 
0.1850	 537	 0.000 
0.1900	 538	 0.000 
0.1950	 537	 0.000 
0.2010	 537	 0.000 
0.2050	 538	 0.000 
0.2100	 538	 0.000 
0.2150	 538	 0.000 
0.2200	 537	 0.000 
0.2250	 536	 0.000 
0.2300	 537	 0.000 
0.2350	 537	 0.000 
0.2400	 537	 0.000 
0.2450	 537	 0.000 
0.2500	 537	 0.000 
0.2550	 536	 0.000 
0.2600	 537	 0.000 
0.2650	 537	 0.000 
0.2700	 538	 0.000 
0.2750	 538	 0.000 
0.2800	 537	 0.000 
0.2850	 538	 0.000 
0.2900	 538	 0.000 
0.2950	 537	 0.000 
0.3010	 537	 0.000 
0.3050	 537	 0.000 
0.3100	 538	 0.000 
0.3150	 537	 0.000 
0.3200	 538	 0.000 
0.3250	 536	 0.000 
0.3300	 538	 0.000 
0.3350	 538	 0.000 
0.3400	 538	 0.000 
0.3450	 537	 0.000 
0.3500	 537	 0.000 
0.3550	 537	 0.000 
0.3600	 537	 0.000 
0.3650	 538	 0.000 
0.3700	 537	 0.000 
0.3750	 538	 0.000 
0.3800	 537	 0.000 
0.3850	 538	 0.000 
0.3900	 537	 0.000 
0.3950	 538	 0.000 
0.4010	 536	 0.000 
0.4050	 537	 0.000 
0.4100	 538	 0.000 
0.4150	 537	 0.000 
0.4200	 537	 0.000 
0.4250	 537	 0.000 
0.4300	 537	 0.000 
0.4350	 538	 0.000 
0.4400	 538	 0.000 
0.4450	 537	 0.000 
0.4500	 537	 0.000 
0.4550	 538	 0.000 
0.4600	 538	 0.000 
0.4650	 538	 0.000 
0.4700	 537	 0.000 
0.4750	 537	 0.000 
0.4800	 537	 0.000 
0.4850	 537	 0.000 
0.4900	 538	 0.000 
0.4950	 534	 0.000 
0.5020	 536	 0.000 
0.5050	 538	 0.000 
0.5100	 538	 0.000 
0.5150	 537	 0.000 
0.5200	 538	 0.000 
0.5250	 537	 0.000 
0.5300	 537	 0.000 
0.5350	 537	 0.000 
0.5400	 537	 0.000 
0.5450	 537	 0.000 
0.5500	 537	 0.000 
0.5550	 538	 0.000 
0.5600	 538	 0.000 
0.5650	 538	 0.000 
0.5700	 537	 0.000 
0.5750	 537	 0.000 
0.5800	 538	 0.000 
0.5850	 538	 0.000 
0.5900	 538	 0.000 
0.5950	 538	 0.000 
0.6030	 536	 0.000 
0.6050	 537	 0.000 
0.6100	 538	 0.000 
0.6160	 538	 0.000 
0.6200	 537	 0.000 
0.6250	 536	 0.000 
0.6300	 535	 0.000 
0.6350	 536	 0.000 
0.6400	 539	 0.000 
0.6450	 540	 0.000 
0.6500	 540	 0.000 
0.6550	 539	 0.000 
0.6600	 539	 0.000 
0.6650	 537	 0.000 
0.6700	 538	 0.000 
0.6750	 540	 0.000 
0.6800	 536	 0.000 
0.6850	 541	 0.000 
0.6900	 534	 0.000 
0.6950	 535	 0.000 
0.7010	 536	 0.000 
0.7050	 538	 0.000 
0.7100	 538	 0.000 
0.7150	 540	 0.000 
0.7200	 540	 0.000 
0.7250	 536	 0.000 
0.7300	 538	 0.000 
0.7350	 540	 0.000 
0.7400	 534	 0.000 
0.7450	 540	 0.000 
0.7500	 534	 0.000 
0.7550	 534	 0.000 
0.7600	 536	 0.000 
0.7650	 538	 0.000 
0.7700	 538	 0.000 
0.7750	 540	 0.000 
0.7800	 538	 0.000 
0.7850	 540	 0.000 
0.7900	 539	 0.000 
0.7950	 538	 0.000 
0.8010	 534	 0.000 
0.8050	 535	 0.000 
0.8100	 538	 0.000 
0.8150	 540	 0.000 
0.8200	 538	 0.000 
0.8250	 539	 0.000 
0.8300	 539	 0.000 
0.8350	 535	 0.000 
0.8410	 538	 0.000 
0.8450	 533	 0.000 
0.8500	 538	 0.000 
0.8550	 539	 0.000 
0.8600	 536	 0.000 
0.8650	 538	 0.000 
0.8700	 536	 0.000 
0.8750	 538	 0.000 
0.8800	 538	 0.000 
0.8850	 538	 0.000 
0.8900	 540	 0.000 
0.8950	 536	 0.000 
0.9030	 538	 0.000 
0.9050	 535	 0.000 
0.9100	 540	 0.000 
0.9150	 540	 0.000 
0.9200	 534	 0.000 
0.9250	 536	 0.000 
0.9300	 539	 0.000 
0.9350	 538	 0.000 
0.9400	 540	 0.000 
0.9450	 541	 0.000 
0.9500	 538	 0.000 
0.9550	 540	 0.000 
0.9600	 534	 0.000 
0.9650	 540	 0.000 
0.9700	 540	 0.000 
0.9750	 534	 0.000 
0.9800	 534	 0.000 
0.9850	 538	 0.000 
0.9900	 540	 0.000 
0.9950	 541	 0.000 
1.0010	 536	 0.000 
1.0060	 540	 0.000 
1.0100	 539	 0.000 
1.0150	 549	 0.000 
1.0200	 542	 0.000 
1.0250	 540	 0.000 
1.0300	 543	 0.000 
1.0350	 547	 0.000 
1.0400	 540	 0.000 
1.0450	 540	 0.000 
1.0500	 545	 0.000 
1.0550	 549	 0.000 
1.0600	 548	 0.000 
1.0700	 554	 0.000 
1.0710	 555	 0.000 
1.0780	 550	 0.000 
1.0830	 544	 0.000 
1.0850	 549	 0.000 
1.0900	 555	 0.000 
1.0950	 546	 0.000 
1.1010	 544	 0.000 
1.1050	 549	 0.000 
1.1100	 556	 0.000 
1.1150	 552	 0.000 
1.1200	 546	 0.000 
1.1250	 550	 0.000 
1.1300	 560	 0.000 
1.1350	 547	 0.000 
1.1400	 550	 0.000 
1.1450	 552	 0.000 
1.1500	 551	 0.000 
1.1550	 549	 0.000 
1.1600	 548	 0.000 
1.1650	 556	 0.000 
1.1700	 557	 0.000 
1.1750	 554	 0.000 
1.1800	 556	 0.000 
1.1850	 567	 0.000 
1.1900	 564	 0.000 
1.1950	 563	 0.000 
1.2010	 564	 0.000 
1.2050	 564	 0.000 
1.2100	 560	 0.000 
1.2150	 560	 0.000 
1.2200	 563	 0.000 
1.2250	 563	 0.000 
1.2300	 551	 0.000 
1.2350	 552	 0.000 
1.2400	 552	 0.000 
1.2450	 551	 0.000 
1.2500	 543	 0.000 
1.2550	 541	 0.000 
1.2600	 536	 0.000 
1.2650	 528	 0.000 
1.2700	 512	 0.000 
1.2750	 511	 0.000 
1.2800	 504	 0.000 
1.2850	 487	 0.000 
1.2900	 476	 0.000 
1.2950	 473	 0.000 
1.3020	 453	 0.000 
1.3050	 451	 0.000 
1.3100	 440	 0.000 
1.3150	 438	 0.000 
1.3200	 428	 0.000 
1.3250	 424	 0.000 
1.3300	 418	 0.000 
1.3350	 421	 0.000 
1.3400	 413	 0.000 
1.3450	 408	 0.000 
1.3500	 410	 0.000 
1.3550	 413	 0.000 
1.3600	 403	 0.000 
1.3650	 404	 0.000 
1.3700	 406	 0.000 
1.3750	 402	 0.000 
1.3800	 398	 0.000 
1.3850	 400	 0.000 
1.3900	 406	 0.000 
1.3950	 402	 0.000 
1.4010	 396	 0.000 
1.4050	 400	 0.000 
1.4100	 408	 0.000 
1.4150	 402	 0.000 
1.4200	 400	 0.000 
1.4250	 399	 0.000 
1.4300	 401	 0.000 
1.4350	 400	 0.000 
1.4400	 400	 0.000 
1.4450	 405	 0.000 
1.4500	 410	 0.000 
1.4550	 410	 0.000 
1.4600	 414	 0.000 
1.4650	 427	 0.000 
1.4700	 436	 0.000 
1.4750	 443	 0.000 
1.4800	 456	 0.000 
1.4850	 468	 0.000 
1.4900	 485	 0.000 
1.4950	 500	 0.000 
1.5070	 534	 0.000 
1.5070	 535	 0.000 
1.5100	 543	 0.000 
1.5150	 550	 0.000 
1.5200	 557	 0.000 
1.5250	 561	 0.000 
1.5300	 572	 0.000 
1.5350	 576	 0.000 
1.5400	 576	 0.000 
1.5450	 578	 0.000 
1.5500	 580	 0.000 
1.5550	 583	 0.000 
1.5600	 582	 0.000 
1.5650	 579	 0.000 
1.5700	 576	 0.000 
1.5750	 576	 0.000 
1.5800	 567	 0.000 
1.5850	 554	 0.000 
1.5900	 535	 0.000 
1.5950	 508	 0.000 
1.6070	 450	 0.000 
1.6070	 452	 0.000 
1.6100	 448	 0.000 
1.6150	 436	 0.000 
1.6200	 429	 0.000 
1.6250	 423	 0.000 
1.6300	 417	 0.000 
1.6350	 418	 0.000 
1.6400	 416	 0.000 
1.6450	 418	 0.000 
1.6500	 408	 0.000 
1.6550	 410	 0.000 
1.6600	 410	 0.000 
1.6650	 412	 0.000 
1.6700	 417	 0.000 
1.6750	 426	 0.000 
1.6800	 438	 0.000 
1.6850	 458	 0.000 
1.6900	 479	 0.000 
1.6950	 492	 0.000 
1.7100	 520	 0.000 
1.7100	 522	 0.000 
1.7110	 524	 0.000 
1.7150	 528	 0.000 
1.7200	 533	 0.000 
1.7250	 539	 0.000 
1.7300	 543	 0.000 
1.7350	 541	 0.000 
1.7400	 537	 0.000 
1.7450	 528	 0.000 
1.7500	 508	 0.000 
1.7550	 480	 0.000 
1.7600	 456	 0.000 
1.7650	 437	 0.000 
1.7700	 422	 0.000 
1.7750	 413	 0.000 
1.7800	 406	 0.000 
1.7850	 401	 0.000 
1.7900	 399	 0.000 
1.7950	 397	 0.000 
1.8090	 396	 2.128 
1.8090	 396	 2.128 
1.8100	 396	 2.128 
1.8150	 399	 2.128 
1.8200	 406	 2.128 
1.8250	 420	 2.128 
1.8300	 442	 2.128 
1.8350	 469	 2.128 
1.8400	 498	 2.128 
1.8450	 518	 2.128 
1.8500	 533	 2.128 
1.8550	 545	 2.128 
1.8600	 552	 2.128 
1.8650	 558	 2.128 
1.8700	 561	 2.128 
1.8750	 562	 2.128 
1.8800	 559	 2.128 
1.8850	 551	 2.128 
1.8900	 531	 2.128 
1.8950	 502	 2.128 
1.9070	 442	 2.899 
1.9070	 443	 2.899 
1.9100	 435	 2.899 
1.9150	 424	 2.899 
1.9200	 417	 2.899 
1.9250	 413	 2.899 
1.9300	 409	 2.899 
1.9350	 407	 2.899 
1.9400	 406	 2.899 
1.9450	 406	 2.899 
1.9500	 412	 2.899 
1.9550	 422	 2.899 
1.9600	 441	 2.899 
1.9650	 463	 2.899 
1.9700	 481	 2.899 
1.9750	 498	 2.899 
1.9800	 510	 2.899 
1.9850	 518	 2.899 
1.9900	 524	 2.899 
1.9950	 531	 2.899 
2.0070	 530	 3.571 
2.0070	 530	 3.571 
2.0100	 527	 3.571 
2.0150	 505	 3.571 
2.0200	 476	 3.571 
2.0250	 449	 3.571 
2.0300	 430	 3.571 
2.0350	 417	 3.571 
2.0400	 408	 3.571 
2.0450	 403	 3.571 
2.0500	 400	 3.571 
2.0550	 397	 3.571 
2.0600	 396	 3.571 
2.0650	 396	 3.571 
2.0700	 395	 3.571 
2.0750	 405	 3.571 
2.0800	 418	 3.571 
2.0850	 440	 3.571 
2.0900	 470	 3.571 
2.0950	 500	 3.571 
2.1080	 543	 3.922 
2.1090	 543	 3.922 
2.1100	 545	 3.922 
2.1150	 553	 3.922 
2.1200	 558	 3.922 
2.1250	 561	 3.922 
2.1300	 560	 3.922 
2.1350	 554	 3.922 
2.1400	 537	 3.922 
2.1450	 508	 3.922 
2.1500	 477	 3.922 
2.1550	 452	 3.922 
2.1600	 437	 3.922 
2.1650	 426	 3.922 
2.1700	 419	 3.922 
2.1750	 414	 3.922 
2.1800	 410	 3.922 
2.1850	 408	 3.922 
2.1900	 406	 3.922 
2.1950	 407	 3.922 
2.2070	 429	 4.115 
2.2070	 430	 4.115 
2.2100	 442	 4.115 
2.2150	 463	 4.115 
2.2200	 481	 4.115 
2.2250	 497	 4.115 
2.2300	 510	 4.115 
2.2350	 517	 4.115 
2.2400	 523	 4.115 
2.2450	 529	 4.115 
2.2500	 537	 4.115 
2.2550	 535	 4.115 
2.2600	 529	 4.115 
2.2650	 510	 4.115 
2.2700	 479	 4.115 
2.2750	 452	 4.115 
2.2800	 432	 4.115 
2.2850	 417	 4.115 
2.2900	 408	 4.115 
2.2950	 403	 4.115 
2.3070	 397	 4.000 
2.3070	 397	 4.000 
2.3100	 394	 4.000 
2.3150	 396	 4.000 
2.3200	 397	 4.000 
2.3250	 405	 4.000 
2.3300	 419	 4.000 
2.3350	 443	 4.000 
2.3400	 474	 4.000 
2.3450	 502	 4.000 
2.3500	 521	 4.000 
2.3550	 536	 4.000 
2.3600	 546	 4.000 
2.3650	 553	 4.000 
2.3700	 558	 4.000 
2.3750	 559	 4.000 
2.3800	 559	 4.000 
2.3850	 549	 4.000 
2.3900	 524	 4.000 
2.3950	 491	 4.000 
2.4070	 438	 4.000 
2.4070	 437	 4.000 
2.4100	 429	 4.000 
2.4150	 421	 4.000 
2.4200	 415	 4.000 
2.4250	 411	 4.000 
2.4300	 409	 4.000 
2.4350	 406	 4.000 
2.4400	 406	 4.000 
2.4450	 410	 4.000 
2.4500	 420	 4.000 
2.4550	 439	 4.000 
2.4600	 461	 4.000 
2.4650	 480	 4.000 
2.4700	 496	 4.000 
2.4750	 510	 4.000 
2.4800	 517	 4.000 
2.4850	 525	 4.000 
2.4900	 533	 4.000 
2.4950	 538	 4.000 
2.5070	 520	 4.082 
2.5070	 519	 4.082 
2.5100	 503	 4.082 
2.5150	 473	 4.082 
2.5200	 446	 4.082 
2.5250	 427	 4.082 
2.5300	 414	 4.082 
2.5350	 407	 4.082 
2.5400	 403	 4.082 
2.5450	 399	 4.082 
2.5500	 397	 4.082 
2.5550	 397	 4.082 
2.5600	 398	 4.082 
2.5650	 402	 4.082 
2.5700	 412	 4.082 
2.5750	 432	 4.082 
2.5800	 462	 4.082 
2.5850	 492	 4.082 
2.5900	 516	 4.082 
2.5950	 531	 4.082 
2.6080	 558	 4.167 
2.6090	 557	 4.167 
2.6100	 559	 4.167 
2.6150	 562	 4.167 
2.6200	 560	 4.167 
2.6250	 552	 4.167 
2.6300	 532	 4.167 
2.6350	 500	 4.167 
2.6400	 467	 4.167 
2.6450	 446	 4.167 
2.6500	 432	 4.167 
2.6550	 423	 4.167 
2.6600	 417	 4.167 
2.6650	 412	 4.167 
2.6700	 409	 4.167 
2.6750	 406	 4.167 
2.6800	 406	 4.167 
2.6850	 410	 4.167 
2.6900	 420	 4.167 
2.6950	 438	 4.167 
2.7070	 486	 4.292 
2.7070	 487	 4.292 
2.7100	 498	 4.292 
2.7150	 511	 4.292 
2.7200	 519	 4.292 
2.7250	 523	 4.292 
2.7300	 534	 4.292 
2.7350	 538	 4.292 
2.7400	 534	 4.292 
2.7450	 524	 4.292 
2.7500	 500	 4.292 
2.7550	 469	 4.292 
2.7600	 443	 4.292 
2.7650	 425	 4.292 
2.7700	 206	 4.292 
2.7750	 405	 4.292 
2.7800	 401	 4.292 
2.7850	 399	 4.292 
2.7900	 396	 4.292 
2.7950	 396	 4.292 
2.8070	 406	 0.000 
2.8070	 407	 0.000 
2.8100	 416	 0.000 
2.8150	 439	 0.000 
2.8200	 469	 0.000 
2.8250	 500	 0.000 
2.8300	 521	 0.000 
2.8350	 537	 0.000 
2.8400	 547	 0.000 
2.8450	 554	 0.000 
2.8500	 559	 0.000 
2.8550	 561	 0.000 
2.8600	 557	 0.000 
2.8650	 544	 0.000 
2.8700	 516	 0.000 
2.8750	 483	 0.000 
2.8800	 455	 0.000 
2.8850	 438	 0.000 
2.8900	 427	 0.000 
2.8950	 419	 0.000 
2.9070	 411	 0.000 
2.9070	 410	 0.000 
2.9100	 407	 0.000 
2.9150	 408	 0.000 
2.9200	 411	 0.000 
2.9250	 421	 0.000 
2.9300	 439	 0.000 
2.9350	 464	 0.000 
2.9400	 484	 0.000 
2.9450	 501	 0.000 
2.9500	 513	 0.000 
2.9550	 521	 0.000 
2.9600	 528	 0.000 
2.9650	 537	 0.000 
2.9700	 537	 0.000 
2.9750	 530	 0.000 
2.9800	 511	 0.000 
2.9850	 479	 0.000 
2.9900	 449	 0.000 
2.9950	 430	 0.000 
3.0100	 401	 0.000 
3.0100	 402	 0.000 
3.0100	 403	 0.000 
3.0150	 399	 0.000 
3.0200	 398	 0.000 
3.0250	 397	 0.000 
3.0300	 399	 0.000 
3.0350	 407	 0.000 
3.0400	 426	 0.000 
3.0450	 455	 0.000 
3.0500	 488	 0.000 
3.0550	 514	 0.000 
3.0600	 532	 0.000 
3.0650	 545	 0.000 
3.0700	 553	 0.000 
3.0750	 559	 0.000 
3.0800	 561	 0.000 
3.0850	 555	 0.000 
3.0900	 540	 0.000 
3.0950	 506	 0.000 
3.1070	 439	 0.000 
3.1080	 440	 0.000 
3.1100	 433	 0.000 
3.1150	 424	 0.000 
3.1200	 418	 0.000 
3.1250	 414	 0.000 
3.1300	 410	 0.000 
3.1350	 408	 0.000 
3.1400	 411	 0.000 
3.1450	 420	 0.000 
3.1500	 439	 0.000 
3.1550	 464	 0.000 
3.1600	 483	 0.000 
3.1650	 503	 0.000 
3.1700	 515	 0.000 
3.1750	 522	 0.000 
3.1800	 531	 0.000 
3.1850	 537	 0.000 
3.1900	 534	 0.000 
3.1950	 526	 0.000 
3.2090	 446	 0.000 
3.2090	 445	 0.000 
3.2100	 440	 0.000 
3.2150	 422	 0.000 
3.2200	 410	 0.000 
3.2250	 404	 0.000 
3.2300	 401	 0.000 
3.2350	 400	 0.000 
3.2400	 400	 0.000 
3.2450	 399	 0.000 
3.2500	 407	 0.000 
3.2550	 422	 0.000 
3.2600	 446	 0.000 
3.2650	 481	 0.000 
3.2700	 511	 0.000 
3.2750	 527	 0.000 
3.2800	 544	 0.000 
3.2850	 552	 0.000 
3.2900	 556	 0.000 
3.2950	 562	 0.000 
3.3070	 522	 0.000 
3.3070	 520	 0.000 
3.3100	 501	 0.000 
3.3150	 468	 0.000 
3.3200	 444	 0.000 
3.3250	 432	 0.000 
3.3300	 423	 0.000 
3.3350	 417	 0.000 
3.3400	 413	 0.000 
3.3450	 407	 0.000 
3.3500	 410	 0.000 
3.3550	 410	 0.000 
3.3600	 426	 0.000 
3.3650	 447	 0.000 
3.3700	 470	 0.000 
3.3750	 491	 0.000 
3.3800	 505	 0.000 
3.3850	 515	 0.000 
3.3900	 523	 0.000 
3.3950	 533	 0.000 
3.4090	 523	 0.000 
3.4090	 525	 0.000 
3.4100	 518	 0.000 
3.4150	 487	 0.000 
3.4200	 453	 0.000 
3.4250	 429	 0.000 
3.4300	 415	 0.000 
3.4350	 408	 0.000 
3.4400	 403	 0.000 
3.4450	 399	 0.000 
3.4500	 398	 0.000 
3.4550	 398	 0.000 
3.4600	 399	 0.000 
3.4650	 412	 0.000 
3.4700	 435	 0.000 
3.4750	 464	 0.000 
3.4800	 496	 0.000 
3.4850	 520	 0.000 
3.4900	 538	 0.000 
3.4950	 548	 0.000 
3.5070	 559	 0.000 
3.5070	 559	 0.000 
3.5100	 555	 0.000 
3.5150	 544	 0.000 
3.5200	 518	 0.000 
3.5250	 482	 0.000 
3.5300	 455	 0.000 
3.5350	 435	 0.000 
3.5400	 425	 0.000 
3.5450	 416	 0.000 
3.5500	 412	 0.000 
3.5550	 408	 0.000 
3.5600	 410	 0.000 
3.5650	 411	 0.000 
3.5700	 419	 0.000 
3.5750	 438	 0.000 
3.5800	 464	 0.000 
3.5850	 480	 0.000 
3.5900	 499	 0.000 
3.5950	 513	 0.000 
3.6070	 533	 0.000 
3.6070	 533	 0.000 
3.6100	 537	 0.000 
3.6150	 534	 0.000 
3.6200	 524	 0.000 
3.6250	 492	 0.000 
3.6300	 459	 0.000 
3.6350	 436	 0.000 
3.6400	 416	 0.000 
3.6450	 407	 0.000 
3.6500	 403	 0.000 
3.6550	 400	 0.000 
3.6600	 397	 0.000 
3.6650	 397	 0.000 
3.6700	 400	 0.000 
3.6750	 409	 0.000 
3.6800	 431	 0.000 
3.6850	 464	 0.000 
3.6900	 494	 0.000 
3.6950	 519	 0.000 
3.7070	 548	 0.000 
3.7070	 552	 0.000 
3.7100	 555	 0.000 
3.7150	 559	 0.000 
3.7200	 554	 0.000 
3.7250	 543	 0.000 
3.7300	 517	 0.000 
3.7350	 483	 0.000 
3.7400	 456	 0.000 
3.7450	 436	 0.000 
3.7500	 423	 0.000 
3.7550	 416	 0.000 
3.7600	 411	 0.000 
3.7650	 410	 0.000 
3.7700	 408	 0.000 
3.7750	 411	 0.000 
3.7800	 419	 0.000 
3.7850	 437	 0.000 
3.7900	 464	 0.000 
3.7950	 485	 0.000 
3.8080	 518	 0.000 
3.8080	 516	 0.000 
3.8100	 519	 0.000 
3.8150	 528	 0.000 
3.8200	 533	 0.000 
3.8250	 528	 0.000 
3.8300	 514	 0.000 
3.8350	 484	 0.000 
3.8400	 452	 0.000 
3.8450	 429	 0.000 
3.8500	 416	 0.000 
3.8550	 407	 0.000 
3.8600	 399	 0.000 
3.8650	 397	 0.000 
3.8700	 394	 0.000 
3.8750	 394	 0.000 
3.8800	 398	 0.000 
3.8850	 410	 0.000 
3.8900	 434	 0.000 
3.8950	 468	 0.000 
3.9080	 531	 0.000 
3.9080	 535	 0.000 
3.9100	 540	 0.000 
3.9150	 550	 0.000 
3.9200	 555	 0.000 
3.9250	 558	 0.000 
3.9300	 555	 0.000 
3.9350	 539	 0.000 
3.9400	 508	 0.000 
3.9450	 472	 0.000 
3.9500	 448	 0.000 
3.9550	 432	 0.000 
3.9600	 420	 0.000 
3.9650	 417	 0.000 
3.9700	 410	 0.000 
3.9750	 410	 0.000 
3.9800	 406	 0.000 
3.9850	 412	 0.000 
3.9900	 426	 0.000 
3.9950	 448	 0.000 
4.0070	 495	 0.000 
4.0070	 495	 0.000 
4.0100	 508	 0.000 
4.0150	 520	 0.000 
4.0200	 521	 0.000 
4.0250	 535	 0.000 
4.0300	 536	 0.000 
4.0350	 532	 0.000 
4.0400	 513	 0.000 
4.0450	 477	 0.000 
4.0500	 448	 0.000 
4.0550	 427	 0.000 
4.0600	 413	 0.000 
4.0650	 406	 0.000 
4.0700	 398	 0.000 
4.0750	 396	 0.000 
4.0800	 396	 0.000 
4.0850	 395	 0.000 
4.0900	 399	 0.000 
4.0950	 416	 0.000 
4.1070	 485	 0.000 
4.1070	 485	 0.000 
4.1100	 503	 0.000 
4.1150	 525	 0.000 
4.1200	 540	 0.000 
4.1250	 545	 0.000 
4.1300	 555	 0.000 
4.1350	 558	 0.000 
4.1400	 555	 0.000 
4.1450	 536	 0.000 
4.1500	 503	 0.000 
4.1550	 468	 0.000 
4.1600	 444	 0.000 
4.1650	 430	 0.000 
4.1700	 420	 0.000 
4.1750	 416	 0.000 
4.1800	 412	 0.000 
4.1850	 408	 0.000 
4.1900	 409	 0.000 
4.1950	 413	 0.000 
4.2080	 464	 0.000 
4.2080	 464	 0.000 
4.2100	 469	 0.000 
4.2150	 490	 0.000 
4.2200	 506	 0.000 
4.2250	 516	 0.000 
4.2300	 524	 0.000 
4.2350	 530	 0.000 
4.2400	 533	 0.000 
4.2450	 524	 0.000 
4.2500	 506	 0.000 
4.2550	 470	 0.000 
4.2600	 443	 0.000 
4.2650	 421	 0.000 
4.2700	 407	 0.000 
4.2750	 402	 0.000 
4.2800	 398	 0.000 
4.2850	 396	 0.000 
4.2900	 394	 0.000 
4.2950	 396	 0.000 
4.3120	 457	 4.762 
4.3120	 461	 4.762 
4.3120	 463	 4.762 
4.3150	 482	 4.762 
4.3200	 510	 4.762 
4.3250	 530	 4.762 
4.3300	 540	 4.762 
4.3350	 548	 4.762 
4.3400	 553	 4.762 
4.3450	 553	 4.762 
4.3500	 545	 4.762 
4.3550	 521	 4.762 
4.3600	 487	 4.762 
4.3650	 455	 4.762 
4.3700	 435	 4.762 
4.3750	 423	 4.762 
4.3800	 416	 4.762 
4.3850	 411	 4.762 
4.3900	 407	 4.762 
4.3950	 405	 4.762 
4.4070	 417	 4.762 
4.4070	 418	 4.762 
4.4100	 430	 4.762 
4.4150	 454	 4.762 
4.4200	 478	 4.762 
4.4250	 493	 4.762 
4.4300	 506	 4.762 
4.4350	 516	 4.762 
4.4400	 524	 4.762 
4.4450	 532	 4.762 
4.4500	 527	 4.762 
4.4550	 519	 4.762 
4.4600	 491	 4.762 
4.4650	 457	 4.762 
4.4700	 431	 4.762 
4.4750	 415	 4.762 
4.4800	 404	 4.762 
4.4850	 398	 4.762 
4.4900	 394	 4.762 
4.4950	 391	 4.762 
4.5070	 397	 4.762 
4.5070	 396	 4.762 
4.5100	 404	 4.762 
4.5150	 424	 4.762 
4.5200	 456	 4.762 
4.5250	 491	 4.762 
4.5300	 515	 4.762 
4.5350	 531	 4.762 
4.5400	 542	 4.762 
4.5450	 548	 4.762 
4.5500	 551	 4.762 
4.5550	 549	 4.762 
4.5600	 539	 4.762 
4.5650	 511	 4.762 
4.5700	 475	 4.762 
4.5750	 447	 4.762 
4.5800	 430	 4.762 
4.5850	 420	 4.762 
4.5900	 414	 4.762 
4.5950	 409	 4.762 
4.6080	 404	 4.878 
4.6090	 405	 4.878 
4.6100	 406	 4.878 
4.6150	 415	 4.878 
4.6200	 435	 4.878 
4.6250	 459	 4.878 
4.6300	 479	 4.878 
4.6350	 497	 4.878 
4.6400	 508	 4.878 
4.6450	 514	 4.878 
4.6500	 524	 4.878 
4.6550	 529	 4.878 
4.6600	 525	 4.878 
4.6650	 516	 4.878 
4.6700	 487	 4.878 
4.6750	 454	 4.878 
4.6800	 429	 4.878 
4.6850	 413	 4.878 
4.6900	 402	 4.878 
4.6950	 397	 4.878 
4.7100	 390	 4.762 
4.7100	 391	 4.762 
4.7110	 391	 4.762 
4.7150	 394	 4.762 
4.7200	 404	 4.762 
4.7250	 427	 4.762 
4.7300	 458	 4.762 
4.7350	 487	 4.762 
4.7400	 513	 4.762 
4.7450	 529	 4.762 
4.7500	 540	 4.762 
4.7550	 547	 4.762 
4.7600	 552	 4.762 
4.7650	 550	 4.762 
4.7700	 539	 4.762 
4.7750	 511	 4.762 
4.7800	 476	 4.762 
4.7850	 448	 4.762 
4.7900	 431	 4.762 
4.7950	 422	 4.762 
4.8070	 406	 4.762 
4.8070	 408	 4.762 
4.8100	 407	 4.762 
4.8150	 404	 4.762 
4.8200	 406	 4.762 
4.8250	 416	 4.762 
4.8300	 433	 4.762 
4.8350	 457	 4.762 
4.8400	 478	 4.762 
4.8450	 496	 4.762 
4.8500	 507	 4.762 
4.8550	 514	 4.762 
4.8600	 521	 4.762 
4.8650	 527	 4.762 
4.8700	 525	 4.762 
4.8750	 516	 4.762 
4.8800	 488	 4.762 
4.8850	 457	 4.762 
4.8900	 431	 4.762 
4.8950	 414	 4.762 
4.9090	 394	 4.762 
4.9090	 393	 4.762 
4.9100	 392	 4.762 
4.9150	 391	 4.762 
4.9200	 390	 4.762 
4.9250	 394	 4.762 
4.9300	 400	 4.762 
4.9350	 423	 4.762 
4.9400	 452	 4.762 
4.9450	 485	 4.762 
4.9500	 509	 4.762 
4.9550	 527	 4.762 
4.9600	 539	 4.762 
4.9650	 546	 4.762 
4.9700	 550	 4.762 
4.9750	 550	 4.762 
4.9800	 544	 4.762 
4.9850	 516	 4.762 
4.9900	 483	 4.762 
4.9950	 453	 4.762 
5.0070	 418	 4.762 
5.0070	 417	 4.762 
5.0100	 410	 4.762 
5.0150	 410	 4.762 
5.0200	 406	 4.762 
5.0250	 404	 4.762 
5.0300	 405	 4.762 
5.0350	 411	 4.762 
5.0400	 428	 4.762 
5.0450	 452	 4.762 
5.0500	 470	 4.762 
5.0550	 491	 4.762 
5.0600	 504	 4.762 
5.0650	 511	 4.762 
5.0700	 518	 4.762 
5.0750	 527	 4.762 
5.0800	 526	 4.762 
5.0850	 517	 4.762 
5.0900	 497	 4.762 
5.0950	 464	 4.762 
5.1120	 400	 4.762 
5.1120	 403	 4.762 
5.1120	 403	 4.762 
5.1150	 399	 4.762 
5.1200	 395	 4.762 
5.1250	 391	 4.762 
5.1300	 388	 4.762 
5.1350	 390	 4.762 
5.1400	 395	 4.762 
5.1450	 410	 4.762 
5.1500	 437	 4.762 
5.1550	 475	 4.762 
5.1600	 504	 4.762 
5.1650	 521	 4.762 
5.1700	 536	 4.762 
5.1750	 543	 4.762 
5.1800	 552	 4.762 
5.1850	 552	 4.762 
5.1900	 547	 4.762 
5.1950	 530	 4.762 
5.2090	 443	 4.762 
5.2090	 442	 4.762 
5.2100	 437	 4.762 
5.2150	 426	 4.762 
5.2200	 415	 4.762 
5.2250	 414	 4.762 
5.2300	 403	 4.762 
5.2350	 401	 4.762 
5.2400	 402	 4.762 
5.2450	 406	 4.762 
5.2500	 416	 4.762 
5.2550	 440	 4.762 
5.2600	 464	 4.762 
5.2650	 482	 4.762 
5.2700	 499	 4.762 
5.2750	 505	 4.762 
5.2800	 516	 4.762 
5.2850	 520	 4.762 
5.2900	 523	 4.762 
5.2950	 524	 4.762 
5.3070	 469	 4.762 
5.3070	 463	 4.762 
5.3100	 448	 4.762 
5.3150	 424	 4.762 
5.3200	 411	 4.762 
5.3250	 397	 4.762 
5.3300	 398	 4.762 
5.3350	 395	 4.762 
5.3400	 392	 4.762 
5.3450	 391	 4.762 
5.3500	 393	 4.762 
5.3550	 405	 4.762 
5.3600	 427	 4.762 
5.3650	 458	 4.762 
5.3700	 490	 4.762 
5.3750	 512	 4.762 
5.3800	 533	 4.762 
5.3850	 543	 4.762 
5.3900	 548	 4.762 
5.3950	 551	 4.762 
5.4090	 514	 4.651 
5.4090	 517	 4.651 
5.4100	 510	 4.651 
5.4150	 474	 4.651 
5.4200	 447	 4.651 
5.4250	 430	 4.651 
5.4300	 419	 4.651 
5.4350	 415	 4.651 
5.4400	 410	 4.651 
5.4450	 413	 4.651 
5.4500	 415	 4.651 
5.4550	 416	 4.651 
5.4600	 418	 4.651 
5.4650	 438	 4.651 
5.4700	 459	 4.651 
5.4750	 477	 4.651 
5.4800	 501	 4.651 
5.4850	 503	 4.651 
5.4900	 517	 4.651 
5.4950	 520	 4.651 
5.5090	 513	 4.762 
5.5090	 513	 4.762 
5.5100	 507	 4.762 
5.5150	 481	 4.762 
5.5200	 452	 4.762 
5.5250	 428	 4.762 
5.5300	 414	 4.762 
5.5350	 404	 4.762 
5.5400	 399	 4.762 
5.5450	 395	 4.762 
5.5500	 393	 4.762 
5.5550	 391	 4.762 
5.5600	 396	 4.762 
5.5650	 410	 4.762 
5.5700	 433	 4.762 
5.5750	 465	 4.762 
5.5800	 497	 4.762 
5.5850	 515	 4.762 
5.5900	 534	 4.762 
5.5950	 545	 4.762 
5.6070	 551	 4.762 
5.6070	 554	 4.762 
5.6100	 547	 4.762 
5.6150	 538	 4.762 
5.6200	 507	 4.762 
5.6250	 473	 4.762 
5.6300	 447	 4.762 
5.6350	 431	 4.762 
5.6400	 421	 4.762 
5.6450	 414	 4.762 
5.6500	 405	 4.762 
5.6550	 404	 4.762 
5.6600	 404	 4.762 
5.6650	 405	 4.762 
5.6700	 422	 4.762 
5.6750	 441	 4.762 
5.6800	 461	 4.762 
5.6850	 488	 4.762 
5.6900	 498	 4.762 
5.6950	 510	 4.762 
5.7070	 525	 4.762 
5.7070	 528	 4.762 
5.7100	 530	 4.762 
5.7150	 522	 4.762 
5.7200	 510	 4.762 
5.7250	 477	 4.762 
5.7300	 447	 4.762 
5.7350	 422	 4.762 
5.7400	 407	 4.762 
5.7450	 398	 4.762 
5.7500	 396	 4.762 
5.7550	 394	 4.762 
5.7600	 392	 4.762 
5.7650	 393	 4.762 
5.7700	 400	 4.762 
5.7750	 412	 4.762 
5.7800	 436	 4.762 
5.7850	 472	 4.762 
5.7900	 503	 4.762 
5.7950	 524	 4.762 
5.8070	 552	 4.878 
5.8070	 552	 4.878 
5.8100	 549	 4.878 
5.8150	 551	 4.878 
5.8200	 547	 4.878 
5.8250	 532	 4.878 
5.8300	 504	 4.878 
5.8350	 467	 4.878 
5.8400	 445	 4.878 
5.8450	 427	 4.878 
5.8500	 421	 4.878 
5.8550	 413	 4.878 
5.8600	 406	 4.878 
5.8650	 404	 4.878 
5.8700	 404	 4.878 
5.8750	 409	 4.878 
5.8800	 421	 4.878 
5.8850	 444	 4.878 
5.8900	 466	 4.878 
5.8950	 487	 4.878 
5.9080	 511	 4.762 
5.9080	 511	 4.762 
5.9100	 517	 4.762 
5.9150	 523	 4.762 
5.9200	 527	 4.762 
5.9250	 523	 4.762 
5.9300	 503	 4.762 
5.9350	 471	 4.762 
5.9400	 441	 4.762 
5.9450	 420	 4.762 
5.9500	 405	 4.762 
5.9550	 402	 4.762 
5.9600	 397	 4.762 
5.9650	 392	 4.762 
5.9700	 394	 4.762 
5.9750	 396	 4.762 
5.9800	 399	 4.762 
5.9850	 411	 4.762 
5.9900	 435	 4.762 
5.9950	 465	 4.762 
6.0070	 530	 4.878 
6.0070	 527	 4.878 
6.0100	 536	 4.878 
6.0150	 548	 4.878 
6.0200	 551	 4.878 
6.0250	 550	 4.878 
6.0300	 549	 4.878 
6.0350	 536	 4.878 
6.0400	 508	 4.878 
6.0450	 471	 4.878 
6.0500	 447	 4.878 
6.0550	 431	 4.878 
6.0600	 420	 4.878 
6.0650	 416	 4.878 
6.0700	 410	 4.878 
6.0750	 408	 4.878 
6.0800	 409	 4.878 
6.0850	 408	 4.878 
6.0900	 419	 4.878 
6.0950	 437	 4.878 
6.1070	 486	 4.762 
6.1070	 486	 4.762 
6.1100	 494	 4.762 
6.1150	 507	 4.762 
6.1200	 515	 4.762 
6.1250	 520	 4.762 
6.1300	 522	 4.762 
6.1350	 524	 4.762 
6.1400	 511	 4.762 
6.1450	 479	 4.762 
6.1500	 447	 4.762 
6.1550	 427	 4.762 
6.1600	 410	 4.762 
6.1650	 400	 4.762 
6.1700	 399	 4.762 
6.1750	 393	 4.762 
6.1800	 391	 4.762 
6.1850	 391	 4.762 
6.1900	 398	 4.762 
6.1950	 405	 4.762 
6.2080	 488	 4.651 
6.2090	 490	 4.651 
6.2100	 493	 4.651 
6.2150	 514	 4.651 
6.2200	 532	 4.651 
6.2250	 540	 4.651 
6.2300	 547	 4.651 
6.2350	 549	 4.651 
6.2400	 545	 4.651 
6.2450	 530	 4.651 
6.2500	 506	 4.651 
6.2550	 472	 4.651 
6.2600	 445	 4.651 
6.2650	 429	 4.651 
6.2700	 419	 4.651 
6.2750	 412	 4.651 
6.2800	 408	 4.651 
6.2850	 404	 4.651 
6.2900	 403	 4.651 
6.2950	 405	 4.651 
6.3080	 447	 4.651 
6.3080	 450	 4.651 
6.3100	 456	 4.651 
6.3150	 475	 4.651 
6.3200	 492	 4.651 
6.3250	 503	 4.651 
6.3300	 509	 4.651 
6.3350	 517	 4.651 
6.3400	 523	 4.651 
6.3450	 519	 4.651 
6.3500	 508	 4.651 
6.3550	 481	 4.651 
6.3600	 451	 4.651 
6.3650	 427	 4.651 
6.3700	 411	 4.651 
6.3750	 400	 4.651 
6.3800	 394	 4.651 
6.3850	 391	 4.651 
6.3900	 390	 4.651 
6.3950	 389	 4.651 
6.4080	 413	 4.762 
6.4080	 414	 4.762 
6.4100	 429	 4.762 
6.4150	 457	 4.762 
6.4200	 489	 4.762 
6.4250	 511	 4.762 
6.4300	 527	 4.762 
6.4350	 537	 4.762 
6.4400	 544	 4.762 
6.4450	 547	 4.762 
6.4500	 544	 4.762 
6.4550	 535	 4.762 
6.4600	 508	 4.762 
6.4650	 475	 4.762 
6.4700	 445	 4.762 
6.4750	 430	 4.762 
6.4800	 419	 4.762 
6.4850	 411	 4.762 
6.4900	 407	 4.762 
6.4950	 403	 4.762 
6.5070	 405	 4.762 
6.5070	 406	 4.762 
6.5100	 412	 4.762 
6.5150	 431	 4.762 
6.5200	 456	 4.762 
6.5250	 476	 4.762 
6.5300	 492	 4.762 
6.5350	 503	 4.762 
6.5400	 510	 4.762 
6.5450	 518	 4.762 
6.5500	 525	 4.762 
6.5550	 522	 4.762 
6.5600	 510	 4.762 
6.5650	 482	 4.762 
6.5700	 450	 4.762 
6.5750	 427	 4.762 
6.5800	 410	 4.762 
6.5850	 403	 4.762 
6.5900	 394	 4.762 
6.5950	 391	 4.762 
6.6070	 388	 4.762 
6.6070	 390	 4.762 
6.6100	 395	 4.762 
6.6150	 404	 4.762 
6.6200	 427	 4.762 
6.6250	 458	 4.762 
6.6300	 489	 4.762 
6.6350	 509	 4.762 
6.6400	 524	 4.762 
6.6450	 533	 4.762 
6.6500	 540	 4.762 
6.6550	 542	 4.762 
6.6600	 539	 4.762 
6.6650	 525	 4.762 
6.6700	 497	 4.762 
6.6750	 463	 4.762 
6.6800	 439	 4.762 
6.6850	 423	 4.762 
6.6900	 413	 4.762 
6.6950	 407	 4.762 
6.7090	 398	 4.878 
6.7090	 399	 4.878 
6.7100	 397	 4.878 
6.7150	 401	 4.878 
6.7200	 413	 4.878 
6.7250	 432	 4.878 
6.7300	 457	 4.878 
6.7350	 474	 4.878 
6.7400	 492	 4.878 
6.7450	 498	 4.878 
6.7500	 506	 4.878 
6.7550	 512	 4.878 
6.7600	 516	 4.878 
6.7650	 510	 4.878 
6.7700	 494	 4.878 
6.7750	 464	 4.878 
6.7800	 435	 4.878 
6.7850	 415	 4.878 
6.7900	 401	 4.878 
6.7950	 393	 4.878 
6.8080	 385	 4.878 
6.8080	 384	 4.878 
6.8100	 385	 4.878 
6.8150	 385	 4.878 
6.8200	 390	 4.878 
6.8250	 404	 4.878 
6.8300	 430	 4.878 
6.8350	 461	 4.878 
6.8400	 489	 4.878 
6.8450	 505	 4.878 
6.8500	 518	 4.878 
6.8550	 526	 4.878 
6.8600	 532	 4.878 
6.8650	 534	 4.878 
6.8700	 528	 4.878 
6.8750	 510	 4.878 
6.8800	 480	 4.878 
6.8850	 448	 4.878 
6.8900	 428	 4.878 
6.8950	 415	 4.878 
6.9070	 399	 4.762 
6.9070	 399	 4.762 
6.9100	 397	 4.762 
6.9150	 394	 4.762 
6.9200	 394	 4.762 
6.9250	 399	 4.762 
6.9300	 411	 4.762 
6.9350	 432	 4.762 
6.9400	 452	 4.762 
6.9450	 468	 4.762 
6.9500	 480	 4.762 
6.9550	 488	 4.762 
6.9600	 494	 4.762 
6.9650	 502	 4.762 
6.9710	 502	 4.762 
6.9750	 497	 4.762 
6.9800	 479	 4.762 
6.9850	 451	 4.762 
6.9900	 425	 4.762 
6.9950	 407	 4.762 
7.0070	 388	 4.762 
7.0070	 388	 4.762 
7.0100	 386	 4.762 
7.0150	 382	 4.762 
7.0200	 382	 4.762 
7.0250	 384	 4.762 
7.0300	 390	 4.762 
7.0350	 202	 4.762 
7.0400	 431	 4.762 
7.0450	 462	 4.762 
7.0500	 487	 4.762 
7.0550	 503	 4.762 
7.0600	 516	 4.762 
7.0650	 524	 4.762 
7.0700	 528	 4.762 
7.0750	 529	 4.762 
7.0800	 522	 4.762 
7.0850	 504	 4.762 
7.0900	 476	 4.762 
7.0950	 444	 4.762 
7.1120	 400	 0.000 
7.1130	 400	 0.000 
7.1130	 399	 0.000 
7.1150	 398	 0.000 
7.1200	 394	 0.000 
7.1250	 391	 0.000 
7.1300	 390	 0.000 
7.1350	 398	 0.000 
7.1400	 410	 0.000 
7.1450	 430	 0.000 
7.1500	 451	 0.000 
7.1550	 465	 0.000 
7.1600	 476	 0.000 
7.1650	 481	 0.000 
7.1700	 489	 0.000 
7.1750	 496	 0.000 
7.1800	 497	 0.000 
7.1850	 491	 0.000 
7.1900	 473	 0.000 
7.1950	 445	 0.000 
7.2090	 396	 0.000 
7.2090	 396	 0.000 
7.2100	 395	 0.000 
7.2150	 387	 0.000 
7.2200	 383	 0.000 
7.2250	 381	 0.000 
7.2300	 381	 0.000 
7.2350	 382	 0.000 
7.2400	 391	 0.000 
7.2450	 408	 0.000 
7.2500	 436	 0.000 
7.2550	 233	 0.000 
7.2600	 488	 0.000 
7.2650	 503	 0.000 
7.2700	 514	 0.000 
7.2750	 521	 0.000 
7.2800	 524	 0.000 
7.2850	 523	 0.000 
7.2900	 515	 0.000 
7.2950	 492	 0.000 
7.3090	 420	 0.000 
7.3090	 420	 0.000 
7.3100	 417	 0.000 
7.3150	 407	 0.000 
7.3200	 400	 0.000 
7.3250	 395	 0.000 
7.3300	 389	 0.000 
7.3350	 392	 0.000 
7.3400	 392	 0.000 
7.3450	 397	 0.000 
7.3500	 413	 0.000 
7.3550	 434	 0.000 
7.3600	 452	 0.000 
7.3650	 466	 0.000 
7.3700	 474	 0.000 
7.3750	 482	 0.000 
7.3800	 486	 0.000 
7.3850	 495	 0.000 
7.3900	 489	 0.000 
7.3950	 482	 0.000 
7.4070	 425	 0.000 
7.4070	 425	 0.000 
7.4100	 412	 0.000 
7.4150	 398	 0.000 
7.4200	 390	 0.000 
7.4250	 383	 0.000 
7.4300	 382	 0.000 
7.4350	 381	 0.000 
7.4400	 381	 0.000 
7.4450	 383	 0.000 
7.4500	 395	 0.000 
7.4550	 415	 0.000 
7.4600	 443	 0.000 
7.4650	 471	 0.000 
7.4700	 489	 0.000 
7.4750	 501	 0.000 
7.4800	 512	 0.000 
7.4850	 519	 0.000 
7.4900	 521	 0.000 
7.4950	 517	 0.000 
7.5070	 468	 0.000 
7.5070	 467	 0.000 
7.5100	 449	 0.000 
7.5150	 425	 0.000 
7.5200	 410	 0.000 
7.5250	 401	 0.000 
7.5300	 396	 0.000 
7.5350	 390	 0.000 
7.5400	 388	 0.000 
7.5450	 387	 0.000 
7.5500	 390	 0.000 
7.5550	 398	 0.000 
7.5600	 414	 0.000 
7.5650	 434	 0.000 
7.5700	 449	 0.000 
7.5750	 462	 0.000 
7.5800	 470	 0.000 
7.5850	 476	 0.000 
7.5900	 486	 0.000 
7.5950	 488	 0.000 
7.6080	 460	 0.000 
7.6090	 458	 0.000 
7.6100	 450	 0.000 
7.6150	 424	 0.000 
7.6200	 405	 0.000 
7.6250	 391	 0.000 
7.6300	 385	 0.000 
7.6350	 381	 0.000 
7.6400	 381	 0.000 
7.6450	 379	 0.000 
7.6500	 380	 0.000 
7.6550	 385	 0.000 
7.6600	 397	 0.000 
7.6650	 422	 0.000 
7.6700	 451	 0.000 
7.6750	 476	 0.000 
7.6800	 490	 0.000 
7.6850	 500	 0.000 
7.6900	 508	 0.000 
7.6950	 513	 0.000 
7.7090	 497	 0.000 
7.7090	 498	 0.000 
7.7100	 492	 0.000 
7.7150	 464	 0.000 
7.7200	 435	 0.000 
7.7250	 413	 0.000 
7.7300	 406	 0.000 
7.7350	 400	 0.000 
7.7400	 392	 0.000 
7.7450	 386	 0.000 
7.7500	 383	 0.000 
7.7550	 383	 0.000 
7.7600	 385	 0.000 
7.7650	 399	 0.000 
7.7700	 412	 0.000 
7.7750	 432	 0.000 
7.7800	 443	 0.000 
7.7850	 460	 0.000 
7.7900	 472	 0.000 
7.7950	 476	 0.000 
7.8010	 484	 0.000 
7.8050	 489	 0.000 
7.8100	 491	 0.000 
7.8150	 487	 0.000 
7.8200	 477	 0.000 
7.8250	 452	 0.000 
7.8300	 428	 0.000 
7.8350	 409	 0.000 
7.8400	 399	 0.000 
7.8450	 386	 0.000 
7.8500	 383	 0.000 
7.8550	 380	 0.000 
7.8600	 378	 0.000 
7.8650	 380	 0.000 
7.8700	 379	 0.000 
7.8750	 381	 0.000 
7.8800	 388	 0.000 
7.8850	 398	 0.000 
7.8900	 419	 0.000 
7.8950	 447	 0.000 
7.9080	 493	 0.000 
7.9080	 491	 0.000 
7.9100	 494	 0.000 
7.9150	 502	 0.000 
7.9200	 508	 0.000 
7.9250	 514	 0.000 
7.9300	 516	 0.000 
7.9350	 512	 0.000 
7.9400	 516	 0.000 
7.9450	 495	 0.000 
7.9500	 478	 0.000 
7.9550	 455	 0.000 
7.9600	 431	 0.000 
7.9650	 415	 0.000 
7.9700	 401	 0.000 
7.9750	 395	 0.000 
7.9800	 388	 0.000 
7.9850	 386	 0.000 
7.9900	 381	 0.000 
7.9950	 381	 0.000 
8.0080	 383	 0.000 
8.0080	 382	 0.000 
8.0100	 383	 0.000 
8.0150	 383	 0.000 
8.0200	 391	 0.000 
8.0250	 403	 0.000 
8.0300	 417	 0.000 
8.0350	 429	 0.000 
8.0400	 441	 0.000 
8.0450	 451	 0.000 
8.0500	 462	 0.000 
8.0550	 470	 0.000 
8.0600	 471	 0.000 
8.0650	 479	 0.000 
8.0700	 482	 0.000 
8.0750	 488	 0.000 
8.0800	 494	 0.000 
8.0850	 489	 0.000 
8.0900	 487	 0.000 
8.0950	 480	 0.000 
8.1070	 439	 0.000 
8.1070	 439	 0.000 
8.1100	 428	 0.000 
8.1150	 412	 0.000 
8.1200	 401	 0.000 
8.1250	 393	 0.000 
8.1300	 387	 0.000 
8.1350	 382	 0.000 
8.1400	 379	 0.000 
8.1450	 376	 0.000 
8.1500	 374	 0.000 
8.1550	 374	 0.000 
8.1600	 375	 0.000 
8.1650	 377	 0.000 
8.1700	 376	 0.000 
8.1750	 379	 0.000 
8.1800	 384	 0.000 
8.1850	 390	 0.000 
8.1900	 401	 0.000 
8.1950	 415	 0.000 
8.2060	 456	 0.000 
8.2060	 456	 0.000 
8.2100	 466	 0.000 
8.2150	 481	 0.000 
8.2200	 494	 0.000 
8.2250	 501	 0.000 
8.2300	 508	 0.000 
8.2350	 511	 0.000 
8.2400	 515	 0.000 
8.2450	 515	 0.000 
8.2500	 518	 0.000 
8.2550	 515	 0.000 
8.2600	 513	 0.000 
8.2650	 512	 0.000 
8.2700	 509	 0.000 
8.2750	 504	 0.000 
8.2800	 501	 0.000 
8.2850	 485	 0.000 
8.2900	 472	 0.000 
8.2950	 456	 0.000 
8.3010	 440	 0.000 
8.3050	 425	 0.000 
8.3100	 414	 0.000 
8.3150	 407	 0.000 
8.3200	 399	 0.000 
8.3250	 395	 0.000 
8.3300	 390	 0.000 
8.3350	 388	 0.000 
8.3400	 386	 0.000 
8.3450	 384	 0.000 
8.3500	 382	 0.000 
8.3550	 380	 0.000 
8.3600	 377	 0.000 
8.3650	 380	 0.000 
8.3700	 377	 0.000 
8.3750	 378	 0.000 
8.3800	 378	 0.000 
8.3850	 378	 0.000 
8.3900	 379	 0.000 
8.3950	 377	 0.000 
8.4080	 388	 0.000 
8.4080	 388	 0.000 
8.4100	 388	 0.000 
8.4150	 394	 0.000 
8.4200	 402	 0.000 
8.4250	 412	 0.000 
8.4300	 422	 0.000 
8.4350	 431	 0.000 
8.4400	 439	 0.000 
8.4450	 446	 0.000 
8.4500	 454	 0.000 
8.4550	 458	 0.000 
8.4600	 462	 0.000 
8.4650	 468	 0.000 
8.4700	 468	 0.000 
8.4750	 473	 0.000 
8.4800	 475	 0.000 
8.4850	 477	 0.000 
8.4900	 480	 0.000 
8.4950	 481	 0.000 
8.5060	 488	 0.000 
8.5060	 486	 0.000 
8.5100	 488	 0.000 
8.5150	 490	 0.000 
8.5200	 494	 0.000 
8.5250	 496	 0.000 
8.5300	 495	 0.000 
8.5350	 494	 0.000 
8.5400	 491	 0.000 
8.5450	 489	 0.000 
8.5500	 488	 0.000 
8.5550	 485	 0.000 
8.5600	 482	 0.000 
8.5650	 479	 0.000 
8.5700	 472	 0.000 
8.5750	 464	 0.000 
8.5800	 456	 0.000 
8.5850	 447	 0.000 
8.5900	 439	 0.000 
8.5950	 430	 0.000 
8.6060	 411	 0.000 
8.6060	 413	 0.000 
8.6100	 407	 0.000 
8.6150	 403	 0.000 
8.6200	 399	 0.000 
8.6250	 395	 0.000 
8.6300	 392	 0.000 
8.6350	 388	 0.000 
8.6400	 386	 0.000 
8.6450	 381	 0.000 
8.6500	 379	 0.000 
8.6550	 377	 0.000 
8.6600	 376	 0.000 
8.6650	 376	 0.000 
8.6700	 376	 0.000 
8.6750	 376	 0.000 
8.6800	 375	 0.000 
8.6850	 375	 0.000 
8.6900	 374	 0.000 
8.6950	 374	 0.000 
8.7060	 373	 0.000 
8.7060	 373	 0.000 
8.7100	 373	 0.000 
8.7150	 375	 0.000 
8.7200	 374	 0.000 
8.7250	 374	 0.000 
8.7300	 374	 0.000 
8.7350	 373	 0.000 
8.7400	 375	 0.000 
8.7450	 371	 0.000 
8.7500	 373	 0.000 
8.7550	 372	 0.000 
8.7600	 371	 0.000 
8.7650	 372	 0.000 
8.7700	 374	 0.000 
8.7750	 374	 0.000 
8.7800	 374	 0.000 
8.7850	 374	 0.000 
8.7900	 376	 0.000 
8.7950	 376	 0.000 
8.8070	 375	 0.000 
8.8070	 376	 0.000 
8.8100	 374	 0.000 
8.8150	 374	 0.000 
8.8200	 377	 0.000 
8.8250	 377	 0.000 
8.8300	 377	 0.000 
8.8350	 378	 0.000 
8.8400	 379	 0.000 
8.8450	 379	 0.000 
8.8500	 380	 0.000 
8.8550	 380	 0.000 
8.8600	 381	 0.000 
8.8650	 382	 0.000 
8.8700	 383	 0.000 
8.8750	 383	 0.000 
8.8800	 384	 0.000 
8.8850	 383	 0.000 
8.8900	 385	 0.000 
8.8950	 385	 0.000 
8.9060	 384	 0.000 
8.9060	 385	 0.000 
8.9100	 384	 0.000 
8.9150	 385	 0.000 
8.9200	 384	 0.000 
8.9250	 389	 0.000 
8.9300	 387	 0.000 
8.9350	 388	 0.000 
8.9400	 386	 0.000 
8.9450	 388	 0.000 
8.9500	 388	 0.000 
8.9550	 388	 0.000 
8.9600	 388	 0.000 
8.9650	 387	 0.000 
8.9700	 387	 0.000 
8.9750	 386	 0.000 
8.9800	 387	 0.000 
8.9850	 387	 0.000 
8.9900	 387	 0.000 
8.9950	 386	 0.000 
9.0060	 387	 0.000 
9.0060	 385	 0.000 
9.0100	 387	 0.000 
9.0150	 386	 0.000 
9.0200	 387	 0.000 
9.0250	 387	 0.000 
9.0300	 384	 0.000 
9.0350	 385	 0.000 
9.0400	 388	 0.000 
9.0450	 388	 0.000 
9.0500	 386	 0.000 
9.0550	 387	 0.000 
9.0600	 387	 0.000 
9.0650	 387	 0.000 
9.0700	 387	 0.000 
9.0750	 385	 0.000 
9.0800	 386	 0.000 
9.0850	 388	 0.000 
9.0900	 388	 0.000 
9.0950	 387	 0.000 
9.1070	 385	 0.000 
9.1080	 384	 0.000 
9.1100	 387	 0.000 
9.1150	 387	 0.000 
9.1200	 387	 0.000 
9.1250	 385	 0.000 
9.1300	 386	 0.000 
9.1350	 386	 0.000 
9.1400	 388	 0.000 
9.1450	 388	 0.000 
9.1500	 386	 0.000 
9.1550	 387	 0.000 
9.1600	 384	 0.000 
9.1650	 386	 0.000 
9.1700	 384	 0.000 
9.1750	 387	 0.000 
9.1800	 384	 0.000 
9.1850	 386	 0.000 
9.1900	 387	 0.000 
9.1950	 386	 0.000 
9.2060	 386	 0.000 
9.2060	 384	 0.000 
9.2100	 386	 0.000 
9.2150	 386	 0.000 
9.2200	 386	 0.000 
9.2250	 386	 0.000 
9.2300	 388	 0.000 
9.2350	 386	 0.000 
9.2400	 387	 0.000 
9.2450	 386	 0.000 
9.2500	 388	 0.000 
9.2550	 387	 0.000 
9.2600	 384	 0.000 
9.2650	 384	 0.000 
9.2700	 387	 0.000 
9.2750	 384	 0.000 
9.2800	 385	 0.000 
9.2850	 387	 0.000 
9.2900	 385	 0.000 
9.2950	 387	 0.000 
9.3060	 388	 0.000 
9.3070	 388	 0.000 
9.3100	 386	 0.000 
9.3150	 385	 0.000 
9.3200	 386	 0.000 
9.3250	 387	 0.000 
9.3300	 388	 0.000 
9.3350	 385	 0.000 
9.3400	 384	 0.000 
9.3450	 387	 0.000 
9.3500	 385	 0.000 
9.3550	 386	 0.000 
9.3600	 387	 0.000 
9.3650	 384	 0.000 
9.3700	 386	 0.000 
9.3750	 386	 0.000 
9.3800	 385	 0.000 
9.3850	 387	 0.000 
9.3900	 386	 0.000 
9.3950	 386	 0.000 
9.4060	 387	 0.000 
9.4060	 387	 0.000 
9.4100	 388	 0.000 
9.4150	 386	 0.000 
9.4200	 386	 0.000 
9.4250	 385	 0.000 
9.4300	 385	 0.000 
9.4350	 384	 0.000 
9.4400	 384	 0.000 
9.4450	 385	 0.000 
9.4500	 386	 0.000 
9.4550	 386	 0.000 
9.4600	 386	 0.000 
9.4650	 384	 0.000 
9.4700	 386	 0.000 
9.4750	 386	 0.000 
9.4800	 387	 0.000 
9.4850	 386	 0.000 
9.4900	 386	 0.000 
9.4950	 388	 0.000 
9.5060	 384	 0.000 
9.5060	 385	 0.000 
9.5100	 387	 0.000 
9.5150	 387	 0.000 
9.5200	 387	 0.000 
9.5250	 386	 0.000 
9.5300	 387	 0.000 
9.5350	 385	 0.000 
9.5400	 387	 0.000 
9.5450	 387	 0.000 
9.5500	 387	 0.000 
9.5550	 385	 0.000 
9.5600	 384	 0.000 
9.5650	 387	 0.000 
9.5700	 386	 0.000 
9.5750	 385	 0.000 
9.5800	 386	 0.000 
9.5850	 387	 0.000 
9.5900	 386	 0.000 
9.5950	 387	 0.000 
9.6070	 384	 0.000 
9.6070	 385	 0.000 
9.6100	 388	 0.000 
9.6150	 386	 0.000 
9.6200	 388	 0.000 
9.6250	 387	 0.000 
9.6300	 388	 0.000 
9.6350	 385	 0.000 
9.6400	 387	 0.000 
9.6450	 389	 0.000 
9.6500	 386	 0.000 
9.6550	 387	 0.000 
9.6600	 387	 0.000 
9.6650	 385	 0.000 
9.6700	 386	 0.000 
9.6750	 386	 0.000 
9.6800	 387	 0.000 
9.6850	 385	 0.000 
9.6900	 387	 0.000 
9.6950	 384	 0.000 
9.7060	 387	 0.000 
9.7060	 384	 0.000 
9.7100	 389	 0.000 
9.7150	 386	 0.000 
9.7200	 386	 0.000 
9.7250	 387	 0.000 
9.7300	 384	 0.000 
9.7350	 386	 0.000 
9.7400	 387	 0.000 
9.7450	 387	 0.000 
9.7500	 386	 0.000 
9.7550	 385	 0.000 
9.7600	 383	 0.000 
9.7650	 387	 0.000 
9.7700	 388	 0.000 
9.7750	 388	 0.000 
9.7800	 387	 0.000 
9.7850	 384	 0.000 
9.7900	 386	 0.000 
9.7950	 386	 0.000 
9.8060	 387	 0.000 
9.8060	 385	 0.000 
9.8100	 387	 0.000 
9.8150	 384	 0.000 
9.8200	 384	 0.000 
9.8250	 385	 0.000 
9.8300	 387	 0.000 
9.8350	 388	 0.000 
9.8400	 387	 0.000 
9.8450	 384	 0.000 
9.8500	 386	 0.000 
9.8550	 386	 0.000 
9.8600	 387	 0.000 
9.8650	 387	 0.000 
9.8700	 388	 0.000 
9.8750	 386	 0.000 
9.8800	 387	 0.000 
9.8850	 387	 0.000 
9.8900	 387	 0.000 
9.8950	 385	 0.000 
9.9070	 387	 0.000 
9.9070	 386	 0.000 
9.9100	 385	 0.000 
9.9150	 386	 0.000 
9.9200	 386	 0.000 
9.9250	 386	 0.000 
9.9300	 386	 0.000 
9.9350	 387	 0.000 
9.9400	 388	 0.000 
9.9450	 387	 0.000 
9.9500	 387	 0.000 
9.9550	 387	 0.000 
9.9600	 387	 0.000 
9.9650	 386	 0.000 
9.9700	 387	 0.000 
9.9750	 385	 0.000 
9.9800	 385	 0.000 
9.9850	 384	 0.000 
9.9900	 387	 0.000 
9.9950	 384	 0.000 
