0.0050
0.0010	 385	 0.000 
0.0080	 394	 0.000 
0.0100	 385	 0.000 
0.0150	 394	 0.000 
0.0200	 381	 0.000 
0.0270	 383	 0.000 
0.0300	 385	 0.000 
0.0360	 384	 0.000 
0.0400	 394	 0.000 
0.0450	 377	 0.000 
0.0500	 392	 0.000 
0.0550	 388	 0.000 
0.0600	 383	 0.000 
0.0650	 393	 0.000 
0.0700	 378	 0.000 
0.0750	 392	 0.000 
0.0800	 388	 0.000 
0.0850	 383	 0.000 
0.0900	 394	 0.000 
0.0950	 380	 0.000 
0.1010	 389	 0.000 
0.1050	 384	 0.000 
0.1100	 384	 0.000 
0.1150	 394	 0.000 
0.1200	 383	 0.000 
0.1250	 392	 0.000 
0.1300	 387	 0.000 
0.1350	 381	 0.000 
0.1400	 393	 0.000 
0.1450	 379	 0.000 
0.1500	 388	 0.000 
0.1550	 388	 0.000 
0.1600	 383	 0.000 
0.1650	 391	 0.000 
0.1700	 379	 0.000 
0.1750	 393	 0.000 
0.1800	 388	 0.000 
0.1850	 384	 0.000 
0.1900	 396	 0.000 
0.1950	 378	 0.000 
0.2010	 387	 0.000 
0.2050	 386	 0.000 
0.2100	 383	 0.000 
0.2150	 395	 0.000 
0.2200	 378	 0.000 
0.2250	 392	 0.000 
0.2300	 387	 0.000 
0.2350	 380	 0.000 
0.2400	 391	 0.000 
0.2460	 380	 0.000 
0.2500	 392	 0.000 
0.2550	 384	 0.000 
0.2600	 387	 0.000 
0.2650	 394	 0.000 
0.2700	 382	 0.000 
0.2750	 388	 0.000 
0.2800	 384	 0.000 
0.2850	 385	 0.000 
0.2900	 395	 0.000 
0.2950	 383	 0.000 
0.3040	 379	 0.000 
0.3050	 388	 0.000 
0.3100	 384	 0.000 
0.3150	 395	 0.000 
0.3200	 382	 0.000 
0.3250	 391	 0.000 
0.3300	 385	 0.000 
0.3350	 386	 0.000 
0.3400	 396	 0.000 
0.3450	 379	 0.000 
0.3500	 394	 0.000 
0.3550	 387	 0.000 
0.3600	 385	 0.000 
0.3650	 394	 0.000 
0.3700	 379	 0.000 
0.3750	 394	 0.000 
0.3800	 386	 0.000 
0.3850	 387	 0.000 
0.3900	 390	 0.000 
0.3950	 384	 0.000 
0.4010	 388	 0.000 
0.4050	 386	 0.000 
0.4100	 383	 0.000 
0.4150	 394	 0.000 
0.4200	 384	 0.000 
0.4250	 392	 0.000 
0.4300	 383	 0.000 
0.4350	 387	 0.000 
0.4400	 391	 0.000 
0.4450	 379	 0.000 
0.4500	 388	 0.000 
0.4550	 388	 0.000 
0.4600	 387	 0.000 
0.4650	 390	 0.000 
0.4710	 383	 0.000 
0.4750	 393	 0.000 
0.4800	 386	 0.000 
0.4850	 385	 0.000 
0.4900	 391	 0.000 
0.4950	 377	 0.000 
0.5010	 391	 0.000 
0.5050	 387	 0.000 
0.5100	 387	 0.000 
0.5150	 393	 0.000 
0.5200	 383	 0.000 
0.5250	 394	 0.000 
0.5300	 387	 0.000 
0.5350	 387	 0.000 
0.5400	 394	 0.000 
0.5450	 382	 0.000 
0.5500	 391	 0.000 
0.5550	 384	 0.000 
0.5600	 384	 0.000 
0.5650	 394	 0.000 
0.5700	 383	 0.000 
0.5750	 387	 0.000 
0.5800	 385	 0.000 
0.5850	 387	 0.000 
0.5900	 395	 0.000 
0.5950	 382	 0.000 
0.6010	 390	 0.000 
0.6050	 387	 0.000 
0.6100	 385	 0.000 
0.6150	 392	 0.000 
0.6200	 381	 0.000 
0.6250	 393	 0.000 
0.6300	 385	 0.000 
0.6350	 384	 0.000 
0.6400	 391	 0.000 
0.6450	 379	 0.000 
0.6500	 394	 0.000 
0.6550	 383	 0.000 
0.6600	 387	 0.000 
0.6650	 389	 0.000 
0.6700	 379	 0.000 
0.6750	 394	 0.000 
0.6800	 383	 0.000 
0.6850	 381	 0.000 
0.6900	 393	 0.000 
0.6950	 380	 0.000 
0.7010	 384	 0.000 
0.7050	 386	 0.000 
0.7100	 384	 0.000 
0.7150	 390	 0.000 
0.7200	 382	 0.000 
0.7250	 394	 0.000 
0.7300	 385	 0.000 
0.7350	 381	 0.000 
0.7400	 392	 0.000 
0.7450	 383	 0.000 
0.7500	 390	 0.000 
0.7550	 387	 0.000 
0.7600	 386	 0.000 
0.7650	 395	 0.000 
0.7700	 382	 0.000 
0.7750	 392	 0.000 
0.7800	 386	 0.000 
0.7850	 384	 0.000 
0.7900	 391	 0.000 
0.7950	 379	 0.000 
0.8010	 389	 0.000 
0.8050	 386	 0.000 
0.8100	 383	 0.000 
0.8150	 395	 0.000 
0.8200	 382	 0.000 
0.8250	 394	 0.000 
0.8300	 384	 0.000 
0.8350	 388	 0.000 
0.8400	 391	 0.000 
0.8450	 377	 0.000 
0.8500	 393	 0.000 
0.8550	 387	 0.000 
0.8600	 381	 0.000 
0.8650	 389	 0.000 
0.8700	 381	 0.000 
0.8750	 393	 0.000 
0.8800	 386	 0.000 
0.8850	 382	 0.000 
0.8900	 393	 0.000 
0.8950	 377	 0.000 
0.9000	 392	 0.000 
0.9050	 385	 0.000 
0.9100	 385	 0.000 
0.9150	 388	 0.000 
0.9200	 380	 0.000 
0.9250	 389	 0.000 
0.9300	 383	 0.000 
0.9350	 381	 0.000 
0.9400	 391	 0.000 
0.9450	 381	 0.000 
0.9500	 394	 0.000 
0.9550	 381	 0.000 
0.9600	 384	 0.000 
0.9650	 392	 0.000 
0.9700	 381	 0.000 
0.9750	 391	 0.000 
0.9800	 383	 0.000 
0.9850	 383	 0.000 
0.9900	 391	 0.000 
0.9950	 382	 0.000 
1.0010	 389	 0.000 
1.0060	 391	 0.000 
1.0100	 383	 0.000 
1.0150	 392	 0.000 
1.0200	 382	 0.000 
1.0250	 389	 0.000 
1.0300	 384	 0.000 
1.0350	 384	 0.000 
1.0400	 387	 0.000 
1.0450	 377	 0.000 
1.0500	 388	 0.000 
1.0550	 375	 0.000 
1.0600	 381	 0.000 
1.0650	 387	 0.000 
1.0700	 373	 0.000 
1.0750	 400	 0.000 
1.0800	 405	 0.000 
1.0850	 423	 0.000 
1.0900	 446	 0.000 
1.0950	 436	 0.000 
1.1020	 455	 0.000 
1.1050	 456	 0.000 
1.1100	 467	 0.000 
1.1150	 481	 0.000 
1.1200	 461	 0.000 
1.1250	 469	 0.000 
1.1300	 432	 0.000 
1.1350	 412	 0.000 
1.1400	 403	 0.000 
1.1450	 379	 0.000 
1.1500	 387	 0.000 
1.1550	 380	 0.000 
1.1600	 377	 0.000 
1.1650	 384	 0.000 
1.1700	 380	 0.000 
1.1750	 406	 0.000 
1.1800	 427	 0.000 
1.1850	 461	 0.000 
1.1900	 486	 0.000 
1.1950	 477	 0.000 
1.2010	 500	 0.000 
1.2050	 493	 0.000 
1.2100	 490	 0.000 
1.2150	 493	 0.000 
1.2200	 444	 0.000 
1.2250	 427	 0.000 
1.2300	 404	 0.000 
1.2350	 397	 0.000 
1.2400	 399	 0.000 
1.2450	 382	 0.000 
1.2500	 391	 0.000 
1.2550	 378	 0.000 
1.2600	 394	 0.000 
1.2650	 427	 0.000 
1.2700	 423	 0.000 
1.2750	 456	 0.000 
1.2800	 452	 0.000 
1.2850	 454	 0.000 
1.2900	 472	 0.000 
1.2950	 456	 0.000 
1.3010	 459	 0.000 
1.3050	 426	 0.000 
1.3100	 407	 0.000 
1.3150	 399	 0.000 
1.3200	 383	 0.000 
1.3250	 388	 0.000 
1.3300	 380	 0.000 
1.3350	 377	 0.000 
1.3400	 390	 0.000 
1.3450	 394	 0.000 
1.3500	 432	 0.000 
1.3550	 455	 0.000 
1.3600	 469	 0.000 
1.3650	 488	 0.000 
1.3700	 478	 0.000 
1.3750	 502	 0.000 
1.3800	 490	 0.000 
1.3850	 479	 0.000 
1.3900	 459	 0.000 
1.3950	 413	 0.000 
1.4010	 404	 0.000 
1.4050	 395	 0.000 
1.4100	 386	 0.000 
1.4150	 392	 0.000 
1.4200	 376	 0.000 
1.4250	 394	 0.000 
1.4300	 395	 0.000 
1.4350	 415	 0.000 
1.4400	 442	 0.000 
1.4450	 438	 0.000 
1.4500	 463	 0.000 
1.4550	 459	 0.000 
1.4600	 468	 0.000 
1.4650	 477	 0.000 
1.4700	 448	 0.000 
1.4750	 431	 0.000 
1.4800	 398	 0.000 
1.4850	 388	 0.000 
1.4900	 387	 0.000 
1.4950	 376	 0.000 
1.5080	 390	 5.882 
1.5080	 388	 5.882 
1.5100	 385	 5.882 
1.5150	 407	 5.882 
1.5200	 423	 5.882 
1.5250	 467	 5.882 
1.5300	 466	 5.882 
1.5350	 485	 5.882 
1.5400	 500	 5.882 
1.5450	 484	 5.882 
1.5500	 501	 5.882 
1.5550	 473	 5.882 
1.5600	 448	 5.882 
1.5650	 417	 5.882 
1.5700	 400	 5.882 
1.5750	 403	 5.882 
1.5800	 385	 5.882 
1.5850	 382	 5.882 
1.5900	 387	 5.882 
1.5950	 380	 5.882 
1.6070	 435	 5.882 
1.6070	 434	 5.882 
1.6100	 436	 5.882 
1.6150	 457	 5.882 
1.6200	 443	 5.882 
1.6250	 470	 5.882 
1.6300	 460	 5.882 
1.6350	 465	 5.882 
1.6400	 460	 5.882 
1.6450	 419	 5.882 
1.6500	 411	 5.882 
1.6550	 387	 5.882 
1.6600	 383	 5.882 
1.6650	 384	 5.882 
1.6700	 376	 5.882 
1.6750	 386	 5.882 
1.6800	 383	 5.882 
1.6850	 401	 5.882 
1.6900	 441	 5.882 
1.6950	 455	 5.882 
1.7060	 488	 6.061 
1.7070	 495	 6.061 
1.7100	 493	 6.061 
1.7150	 499	 6.061 
1.7200	 483	 6.061 
1.7250	 487	 6.061 
1.7300	 435	 6.061 
1.7350	 417	 6.061 
1.7400	 405	 6.061 
1.7450	 387	 6.061 
1.7500	 394	 6.061 
1.7550	 382	 6.061 
1.7600	 384	 6.061 
1.7650	 393	 6.061 
1.7700	 395	 6.061 
1.7750	 435	 6.061 
1.7800	 430	 6.061 
1.7850	 451	 6.061 
1.7900	 464	 6.061 
1.7950	 450	 6.061 
1.8060	 465	 5.882 
1.8070	 469	 5.882 
1.8100	 447	 5.882 
1.8150	 423	 5.882 
1.8200	 391	 5.882 
1.8250	 392	 5.882 
1.8300	 377	 5.882 
1.8350	 384	 5.882 
1.8400	 383	 5.882 
1.8450	 374	 5.882 
1.8500	 389	 5.882 
1.8550	 403	 5.882 
1.8600	 439	 5.882 
1.8650	 469	 5.882 
1.8700	 462	 5.882 
1.8750	 496	 5.882 
1.8800	 481	 5.882 
1.8850	 491	 5.882 
1.8900	 491	 5.882 
1.8950	 459	 5.882 
1.9070	 413	 5.882 
1.9070	 409	 5.882 
1.9100	 397	 5.882 
1.9150	 398	 5.882 
1.9200	 383	 5.882 
1.9250	 391	 5.882 
1.9300	 374	 5.882 
1.9350	 388	 5.882 
1.9400	 410	 5.882 
1.9450	 416	 5.882 
1.9500	 449	 5.882 
1.9550	 442	 5.882 
1.9600	 455	 5.882 
1.9650	 465	 5.882 
1.9700	 453	 5.882 
1.9750	 476	 5.882 
1.9800	 439	 5.882 
1.9850	 415	 5.882 
1.9900	 397	 5.882 
1.9950	 380	 5.882 
2.0070	 383	 5.882 
2.0070	 385	 5.882 
2.0100	 381	 5.882 
2.0150	 383	 5.882 
2.0200	 379	 5.882 
2.0250	 415	 5.882 
2.0300	 432	 5.882 
2.0350	 462	 5.882 
2.0400	 480	 5.882 
2.0450	 474	 5.882 
2.0500	 501	 5.882 
2.0550	 479	 5.882 
2.0600	 485	 5.882 
2.0650	 466	 5.882 
2.0700	 423	 5.882 
2.0750	 414	 5.882 
2.0800	 394	 5.882 
2.0850	 391	 5.882 
2.0900	 386	 5.882 
2.0950	 376	 5.882 
2.1060	 396	 6.135 
2.1070	 398	 6.135 
2.1100	 407	 6.135 
2.1150	 431	 6.135 
2.1200	 430	 6.135 
2.1250	 461	 6.135 
2.1300	 443	 6.135 
2.1350	 464	 6.135 
2.1400	 465	 6.135 
2.1450	 448	 6.135 
2.1500	 444	 6.135 
2.1550	 408	 6.135 
2.1600	 396	 6.135 
2.1650	 389	 6.135 
2.1700	 379	 6.135 
2.1750	 383	 6.135 
2.1800	 374	 6.135 
2.1850	 381	 6.135 
2.1900	 394	 6.135 
2.1950	 406	 6.135 
2.2060	 467	 5.882 
2.2070	 470	 5.882 
2.2100	 482	 5.882 
2.2150	 484	 5.882 
2.2200	 476	 5.882 
2.2250	 504	 5.882 
2.2300	 471	 5.882 
2.2350	 453	 5.882 
2.2400	 429	 5.882 
2.2450	 397	 5.882 
2.2500	 404	 5.882 
2.2550	 383	 5.882 
2.2600	 384	 5.882 
2.2650	 386	 5.882 
2.2700	 375	 5.882 
2.2750	 395	 5.882 
2.2800	 398	 5.882 
2.2850	 426	 5.882 
2.2900	 447	 5.882 
2.2950	 441	 5.882 
2.3070	 467	 6.061 
2.3070	 463	 6.061 
2.3100	 461	 6.061 
2.3150	 464	 6.061 
2.3200	 427	 6.061 
2.3250	 412	 6.061 
2.3300	 386	 6.061 
2.3350	 386	 6.061 
2.3400	 383	 6.061 
2.3450	 372	 6.061 
2.3500	 383	 6.061 
2.3550	 377	 6.061 
2.3600	 396	 6.061 
2.3650	 421	 6.061 
2.3700	 442	 6.061 
2.3750	 479	 6.061 
2.3800	 464	 6.061 
2.3850	 488	 6.061 
2.3900	 492	 6.061 
2.3950	 479	 6.061 
2.4090	 433	 6.098 
2.4090	 436	 6.098 
2.4100	 420	 6.098 
2.4150	 408	 6.098 
2.4200	 386	 6.098 
2.4250	 398	 6.098 
2.4300	 380	 6.098 
2.4350	 383	 6.098 
2.4400	 381	 6.098 
2.4450	 385	 6.098 
2.4500	 423	 6.098 
2.4550	 423	 6.098 
2.4600	 441	 6.098 
2.4650	 451	 6.098 
2.4700	 448	 6.098 
2.4750	 480	 6.098 
2.4800	 452	 6.098 
2.4850	 460	 6.098 
2.4900	 434	 6.098 
2.4950	 397	 6.098 
2.5060	 383	 5.882 
2.5070	 384	 5.882 
2.5100	 380	 5.882 
2.5150	 382	 5.882 
2.5200	 372	 5.882 
2.5250	 389	 5.882 
2.5300	 392	 5.882 
2.5350	 421	 5.882 
2.5400	 453	 5.882 
2.5450	 464	 5.882 
2.5500	 491	 5.882 
2.5550	 476	 5.882 
2.5600	 496	 5.882 
2.5650	 495	 5.882 
2.5700	 474	 5.882 
2.5750	 464	 5.882 
2.5800	 416	 5.882 
2.5850	 403	 5.882 
2.5900	 398	 5.882 
2.5950	 383	 5.882 
2.6060	 379	 5.848 
2.6070	 380	 5.848 
2.6100	 381	 5.848 
2.6150	 398	 5.848 
2.6200	 407	 5.848 
2.6250	 445	 5.848 
2.6300	 438	 5.848 
2.6350	 453	 5.848 
2.6400	 466	 5.848 
2.6450	 461	 5.848 
2.6500	 477	 5.848 
2.6550	 450	 5.848 
2.6600	 431	 5.848 
2.6650	 403	 5.848 
2.6700	 385	 5.848 
2.6750	 392	 5.848 
2.6800	 380	 5.848 
2.6850	 381	 5.848 
2.6900	 383	 5.848 
2.6950	 375	 5.848 
2.7060	 440	 12.500 
2.7070	 440	 12.500 
2.7100	 456	 12.500 
2.7150	 476	 12.500 
2.7200	 477	 12.500 
2.7250	 501	 12.500 
2.7300	 480	 12.500 
2.7350	 496	 12.500 
2.7400	 484	 12.500 
2.7450	 444	 12.500 
2.7500	 430	 12.500 
2.7550	 395	 12.500 
2.7600	 400	 12.500 
2.7650	 393	 12.500 
2.7700	 375	 12.500 
2.7750	 388	 12.500 
2.7800	 378	 12.500 
2.7850	 389	 12.500 
2.7900	 402	 12.500 
2.7950	 410	 12.500 
2.8080	 463	 8.333 
2.8080	 466	 8.333 
2.8100	 455	 8.333 
2.8150	 457	 8.333 
2.8200	 459	 8.333 
2.8250	 481	 8.333 
2.8300	 458	 8.333 
2.8350	 469	 8.333 
2.8400	 447	 8.333 
2.8450	 411	 8.333 
2.8500	 406	 8.333 
2.8550	 387	 8.333 
2.8600	 384	 8.333 
2.8650	 383	 8.333 
2.8700	 375	 8.333 
2.8750	 385	 8.333 
2.8800	 377	 8.333 
2.8850	 386	 8.333 
2.8900	 396	 8.333 
2.8950	 419	 8.333 
2.9070	 474	 5.405 
2.9070	 473	 5.405 
2.9100	 481	 5.405 
2.9150	 496	 5.405 
2.9200	 482	 5.405 
2.9250	 511	 5.405 
2.9300	 484	 5.405 
2.9350	 493	 5.405 
2.9400	 461	 5.405 
2.9450	 421	 5.405 
2.9500	 420	 5.405 
2.9550	 391	 5.405 
2.9600	 391	 5.405 
2.9650	 386	 5.405 
2.9700	 379	 5.405 
2.9750	 391	 5.405 
2.9800	 380	 5.405 
2.9850	 398	 5.405 
2.9900	 426	 5.405 
2.9950	 431	 5.405 
3.0060	 452	 5.128 
3.0070	 455	 5.128 
3.0100	 467	 5.128 
3.0150	 472	 5.128 
3.0200	 462	 5.128 
3.0250	 466	 5.128 
3.0300	 422	 5.128 
3.0350	 408	 5.128 
3.0400	 389	 5.128 
3.0450	 382	 5.128 
3.0500	 389	 5.128 
3.0550	 375	 5.128 
3.0600	 377	 5.128 
3.0650	 384	 5.128 
3.0700	 393	 5.128 
3.0750	 436	 5.128 
3.0800	 448	 5.128 
3.0850	 474	 5.128 
3.0900	 481	 5.128 
3.0950	 483	 5.128 
3.1060	 492	 5.780 
3.1070	 493	 5.780 
3.1100	 487	 5.780 
3.1150	 449	 5.780 
3.1200	 411	 5.780 
3.1250	 409	 5.780 
3.1300	 385	 5.780 
3.1350	 388	 5.780 
3.1400	 388	 5.780 
3.1450	 376	 5.780 
3.1500	 390	 5.780 
3.1550	 384	 5.780 
3.1600	 420	 5.780 
3.1650	 436	 5.780 
3.1700	 439	 5.780 
3.1750	 467	 5.780 
3.1800	 451	 5.780 
3.1850	 471	 5.780 
3.1900	 472	 5.780 
3.1950	 450	 5.780 
3.2080	 403	 5.917 
3.2080	 403	 5.917 
3.2100	 395	 5.917 
3.2150	 389	 5.917 
3.2200	 373	 5.917 
3.2250	 384	 5.917 
3.2300	 374	 5.917 
3.2350	 388	 5.917 
3.2400	 399	 5.917 
3.2450	 419	 5.917 
3.2500	 463	 5.917 
3.2550	 463	 5.917 
3.2600	 488	 5.917 
3.2650	 488	 5.917 
3.2700	 487	 5.917 
3.2750	 499	 5.917 
3.2800	 465	 5.917 
3.2850	 450	 5.917 
3.2900	 420	 5.917 
3.2950	 401	 5.917 
3.3070	 389	 5.882 
3.3070	 390	 5.882 
3.3100	 384	 5.882 
3.3150	 379	 5.882 
3.3200	 380	 5.882 
3.3250	 406	 5.882 
3.3300	 403	 5.882 
3.3350	 433	 5.882 
3.3400	 448	 5.882 
3.3450	 442	 5.882 
3.3500	 475	 5.882 
3.3550	 454	 5.882 
3.3600	 474	 5.882 
3.3650	 455	 5.882 
3.3700	 421	 5.882 
3.3750	 412	 5.882 
3.3800	 390	 5.882 
3.3850	 384	 5.882 
3.3900	 384	 5.882 
3.3950	 377	 5.882 
3.4070	 387	 6.173 
3.4070	 386	 6.173 
3.4100	 402	 6.173 
3.4150	 425	 6.173 
3.4200	 451	 6.173 
3.4250	 483	 6.173 
3.4300	 475	 6.173 
3.4350	 492	 6.173 
3.4400	 496	 6.173 
3.4450	 491	 6.173 
3.4500	 491	 6.173 
3.4550	 440	 6.173 
3.4600	 424	 6.173 
3.4650	 404	 6.173 
3.4700	 387	 6.173 
3.4750	 400	 6.173 
3.4800	 376	 6.173 
3.4850	 386	 6.173 
3.4900	 384	 6.173 
3.4950	 386	 6.173 
3.5070	 439	 6.061 
3.5070	 439	 6.061 
3.5100	 455	 6.061 
3.5150	 455	 6.061 
3.5200	 457	 6.061 
3.5250	 486	 6.061 
3.5300	 455	 6.061 
3.5350	 470	 6.061 
3.5400	 436	 6.061 
3.5450	 408	 6.061 
3.5500	 403	 6.061 
3.5550	 378	 6.061 
3.5600	 384	 6.061 
3.5650	 384	 6.061 
3.5700	 380	 6.061 
3.5750	 387	 6.061 
3.5800	 388	 6.061 
3.5850	 427	 6.061 
3.5900	 458	 6.061 
3.5950	 465	 6.061 
3.6080	 504	 5.882 
3.6080	 504	 5.882 
3.6100	 506	 5.882 
3.6150	 500	 5.882 
3.6200	 487	 5.882 
3.6250	 471	 5.882 
3.6300	 420	 5.882 
3.6350	 416	 5.882 
3.6400	 400	 5.882 
3.6450	 387	 5.882 
3.6500	 393	 5.882 
3.6550	 375	 5.882 
3.6600	 387	 5.882 
3.6650	 394	 5.882 
3.6700	 403	 5.882 
3.6750	 444	 5.882 
3.6800	 437	 5.882 
3.6850	 464	 5.882 
3.6900	 464	 5.882 
3.6950	 463	 5.882 
3.7070	 464	 10.526 
3.7070	 461	 10.526 
3.7100	 443	 10.526 
3.7150	 416	 10.526 
3.7200	 391	 10.526 
3.7250	 394	 10.526 
3.7300	 381	 10.526 
3.7350	 383	 10.526 
3.7400	 377	 10.526 
3.7450	 375	 10.526 
3.7500	 394	 10.526 
3.7550	 404	 10.526 
3.7600	 448	 10.526 
3.7650	 464	 10.526 
3.7700	 476	 10.526 
3.7750	 500	 10.526 
3.7800	 483	 10.526 
3.7850	 505	 10.526 
3.7900	 499	 10.526 
3.7950	 490	 10.526 
3.8070	 435	 11.765 
3.8080	 439	 11.765 
3.8100	 428	 11.765 
3.8150	 408	 11.765 
3.8200	 395	 11.765 
3.8250	 396	 11.765 
3.8300	 378	 11.765 
3.8350	 388	 11.765 
3.8400	 380	 11.765 
3.8450	 374	 11.765 
3.8500	 392	 11.765 
3.8550	 381	 11.765 
3.8600	 409	 11.765 
3.8650	 422	 11.765 
3.8700	 432	 11.765 
3.8750	 458	 11.765 
3.8800	 445	 11.765 
3.8850	 467	 11.765 
3.8900	 462	 11.765 
3.8950	 462	 11.765 
3.9060	 471	 5.263 
3.9070	 472	 5.263 
3.9100	 479	 5.263 
3.9150	 459	 5.263 
3.9200	 434	 5.263 
3.9250	 428	 5.263 
3.9300	 398	 5.263 
3.9350	 399	 5.263 
3.9400	 387	 5.263 
3.9450	 382	 5.263 
3.9500	 387	 5.263 
3.9550	 376	 5.263 
3.9600	 383	 5.263 
3.9650	 379	 5.263 
3.9700	 380	 5.263 
3.9750	 392	 5.263 
3.9800	 398	 5.263 
3.9850	 440	 5.263 
3.9900	 461	 5.263 
3.9950	 476	 5.263 
4.0080	 505	 4.348 
4.0080	 508	 4.348 
4.0100	 502	 4.348 
4.0150	 494	 4.348 
4.0200	 484	 4.348 
4.0250	 480	 4.348 
4.0300	 430	 4.348 
4.0350	 419	 4.348 
4.0400	 397	 4.348 
4.0450	 387	 4.348 
4.0500	 397	 4.348 
4.0550	 375	 4.348 
4.0600	 387	 4.348 
4.0650	 381	 4.348 
4.0700	 392	 4.348 
4.0750	 432	 4.348 
4.0800	 428	 4.348 
4.0850	 459	 4.348 
4.0900	 449	 4.348 
4.0950	 456	 4.348 
4.1080	 469	 4.762 
4.1080	 471	 4.762 
4.1100	 464	 4.762 
4.1150	 427	 4.762 
4.1200	 404	 4.762 
4.1250	 397	 4.762 
4.1300	 378	 4.762 
4.1350	 386	 4.762 
4.1400	 379	 4.762 
4.1450	 380	 4.762 
4.1500	 390	 4.762 
4.1550	 394	 4.762 
4.1600	 430	 4.762 
4.1650	 485	 4.762 
4.1700	 471	 4.762 
4.1750	 495	 4.762 
4.1800	 482	 4.762 
4.1850	 506	 4.762 
4.1900	 495	 4.762 
4.1950	 479	 4.762 
4.2060	 413	 5.714 
4.2070	 416	 5.714 
4.2100	 407	 5.714 
4.2150	 397	 5.714 
4.2200	 387	 5.714 
4.2250	 390	 5.714 
4.2300	 371	 5.714 
4.2350	 386	 5.714 
4.2400	 396	 5.714 
4.2450	 414	 5.714 
4.2500	 443	 5.714 
4.2550	 432	 5.714 
4.2600	 464	 5.714 
4.2650	 462	 5.714 
4.2700	 467	 5.714 
4.2750	 477	 5.714 
4.2800	 451	 5.714 
4.2850	 440	 5.714 
4.2900	 407	 5.714 
4.2950	 388	 5.714 
4.3060	 381	 12.658 
4.3070	 382	 12.658 
4.3100	 385	 12.658 
4.3150	 379	 12.658 
4.3200	 376	 12.658 
4.3250	 400	 12.658 
4.3300	 415	 12.658 
4.3350	 466	 12.658 
4.3400	 474	 12.658 
4.3450	 478	 12.658 
4.3500	 500	 12.658 
4.3550	 485	 12.658 
4.3600	 501	 12.658 
4.3650	 482	 12.658 
4.3700	 460	 12.658 
4.3750	 443	 12.658 
4.3800	 408	 12.658 
4.3850	 408	 12.658 
4.3900	 391	 12.658 
4.3950	 390	 12.658 
4.4070	 377	 8.000 
4.4070	 377	 8.000 
4.4100	 385	 8.000 
4.4150	 383	 8.000 
4.4200	 391	 8.000 
4.4250	 419	 8.000 
4.4300	 414	 8.000 
4.4350	 448	 8.000 
4.4400	 445	 8.000 
4.4450	 455	 8.000 
4.4500	 471	 8.000 
4.4550	 464	 8.000 
4.4600	 479	 8.000 
4.4650	 469	 8.000 
4.4700	 450	 8.000 
4.4750	 439	 8.000 
4.4800	 404	 8.000 
4.4850	 399	 8.000 
4.4900	 385	 8.000 
4.4950	 381	 8.000 
4.5070	 380	 5.405 
4.5070	 381	 5.405 
4.5100	 384	 5.405 
4.5150	 377	 5.405 
4.5200	 388	 5.405 
4.5250	 408	 5.405 
4.5300	 423	 5.405 
4.5350	 468	 5.405 
4.5400	 472	 5.405 
4.5450	 486	 5.405 
4.5500	 503	 5.405 
4.5550	 487	 5.405 
4.5600	 502	 5.405 
4.5650	 491	 5.405 
4.5700	 475	 5.405 
4.5750	 452	 5.405 
4.5800	 414	 5.405 
4.5850	 411	 5.405 
4.5900	 391	 5.405 
4.5950	 384	 5.405 
4.6070	 379	 5.000 
4.6070	 379	 5.000 
4.6100	 385	 5.000 
4.6150	 385	 5.000 
4.6200	 403	 5.000 
4.6250	 440	 5.000 
4.6300	 434	 5.000 
4.6350	 463	 5.000 
4.6400	 453	 5.000 
4.6450	 462	 5.000 
4.6500	 480	 5.000 
4.6550	 460	 5.000 
4.6600	 458	 5.000 
4.6650	 421	 5.000 
4.6700	 400	 5.000 
4.6750	 396	 5.000 
4.6800	 380	 5.000 
4.6850	 384	 5.000 
4.6900	 380	 5.000 
4.6950	 379	 5.000 
4.7070	 412	 11.765 
4.7070	 415	 11.765 
4.7100	 441	 11.765 
4.7150	 464	 11.765 
4.7200	 478	 11.765 
4.7250	 500	 11.765 
4.7300	 477	 11.765 
4.7350	 506	 11.765 
4.7400	 490	 11.765 
4.7450	 469	 11.765 
4.7500	 456	 11.765 
4.7550	 412	 11.765 
4.7600	 412	 11.765 
4.7650	 396	 11.765 
4.7700	 387	 11.765 
4.7750	 389	 11.765 
4.7800	 376	 11.765 
4.7850	 388	 11.765 
4.7900	 382	 11.765 
4.7950	 390	 11.765 
4.8060	 428	 8.000 
4.8070	 428	 8.000 
4.8100	 451	 8.000 
4.8150	 447	 8.000 
4.8200	 455	 8.000 
4.8250	 474	 8.000 
4.8300	 455	 8.000 
4.8350	 478	 8.000 
4.8400	 467	 8.000 
4.8450	 460	 8.000 
4.8500	 447	 8.000 
4.8550	 408	 8.000 
4.8600	 404	 8.000 
4.8650	 385	 8.000 
4.8700	 380	 8.000 
4.8750	 386	 8.000 
4.8800	 376	 8.000 
4.8850	 383	 8.000 
4.8900	 379	 8.000 
4.8950	 382	 8.000 
4.9080	 447	 5.263 
4.9090	 447	 5.263 
4.9100	 459	 5.263 
4.9150	 463	 5.263 
4.9200	 480	 5.263 
4.9250	 500	 5.263 
4.9300	 483	 5.263 
4.9350	 506	 5.263 
4.9400	 489	 5.263 
4.9450	 489	 5.263 
4.9500	 488	 5.263 
4.9550	 436	 5.263 
4.9600	 421	 5.263 
4.9650	 399	 5.263 
4.9700	 391	 5.263 
4.9750	 396	 5.263 
4.9800	 378	 5.263 
4.9850	 390	 5.263 
4.9900	 379	 5.263 
4.9950	 383	 5.263 
5.0060	 422	 5.000 
5.0070	 423	 5.000 
5.0100	 452	 5.000 
5.0150	 448	 5.000 
5.0200	 452	 5.000 
5.0250	 475	 5.000 
5.0300	 461	 5.000 
5.0350	 475	 5.000 
5.0400	 451	 5.000 
5.0450	 429	 5.000 
5.0500	 411	 5.000 
5.0550	 390	 5.000 
5.0600	 391	 5.000 
5.0650	 382	 5.000 
5.0700	 379	 5.000 
5.0750	 382	 5.000 
5.0800	 375	 5.000 
5.0850	 400	 5.000 
5.0900	 421	 5.000 
5.0950	 454	 5.000 
5.1060	 479	 5.348 
5.1070	 479	 5.348 
5.1100	 496	 5.348 
5.1150	 490	 5.348 
5.1200	 494	 5.348 
5.1250	 491	 5.348 
5.1300	 446	 5.348 
5.1350	 434	 5.348 
5.1400	 401	 5.348 
5.1450	 396	 5.348 
5.1500	 397	 5.348 
5.1550	 376	 5.348 
5.1600	 387	 5.348 
5.1650	 377	 5.348 
5.1700	 387	 5.348 
5.1750	 418	 5.348 
5.1800	 420	 5.348 
5.1850	 453	 5.348 
5.1900	 449	 5.348 
5.1950	 464	 5.348 
5.2060	 461	 5.714 
5.2070	 460	 5.714 
5.2100	 476	 5.714 
5.2150	 444	 5.714 
5.2200	 417	 5.714 
5.2250	 406	 5.714 
5.2300	 384	 5.714 
5.2350	 390	 5.714 
5.2400	 381	 5.714 
5.2450	 377	 5.714 
5.2500	 382	 5.714 
5.2550	 382	 5.714 
5.2600	 410	 5.714 
5.2650	 437	 5.714 
5.2700	 465	 5.714 
5.2750	 488	 5.714 
5.2800	 480	 5.714 
5.2850	 505	 5.714 
5.2900	 491	 5.714 
5.2950	 492	 5.714 
5.3080	 431	 5.714 
5.3080	 428	 5.714 
5.3100	 425	 5.714 
5.3150	 400	 5.714 
5.3200	 394	 5.714 
5.3250	 395	 5.714 
5.3300	 375	 5.714 
5.3350	 386	 5.714 
5.3400	 377	 5.714 
5.3450	 392	 5.714 
5.3500	 427	 5.714 
5.3550	 428	 5.714 
5.3600	 456	 5.714 
5.3650	 454	 5.714 
5.3700	 464	 5.714 
5.3750	 475	 5.714 
5.3800	 459	 5.714 
5.3850	 470	 5.714 
5.3900	 434	 5.714 
5.3950	 409	 5.714 
5.4060	 383	 5.882 
5.4070	 378	 5.882 
5.4100	 386	 5.882 
5.4150	 375	 5.882 
5.4200	 380	 5.882 
5.4250	 387	 5.882 
5.4300	 385	 5.882 
5.4350	 420	 5.882 
5.4400	 444	 5.882 
5.4450	 471	 5.882 
5.4500	 487	 5.882 
5.4550	 473	 5.882 
5.4600	 502	 5.882 
5.4650	 485	 5.882 
5.4700	 485	 5.882 
5.4750	 477	 5.882 
5.4800	 432	 5.882 
5.4850	 416	 5.882 
5.4900	 394	 5.882 
5.4950	 392	 5.882 
5.5060	 373	 5.814 
5.5070	 376	 5.814 
5.5100	 387	 5.814 
5.5150	 376	 5.814 
5.5200	 398	 5.814 
5.5250	 430	 5.814 
5.5300	 426	 5.814 
5.5350	 462	 5.814 
5.5400	 451	 5.814 
5.5450	 466	 5.814 
5.5500	 479	 5.814 
5.5550	 459	 5.814 
5.5600	 465	 5.814 
5.5650	 426	 5.814 
5.5700	 408	 5.814 
5.5750	 394	 5.814 
5.5800	 380	 5.814 
5.5850	 389	 5.814 
5.5900	 378	 5.814 
5.5950	 380	 5.814 
5.6060	 394	 0.000 
5.6060	 396	 0.000 
5.6100	 427	 0.000 
5.6150	 447	 0.000 
5.6200	 473	 0.000 
5.6250	 489	 0.000 
5.6300	 475	 0.000 
5.6350	 509	 0.000 
5.6400	 490	 0.000 
5.6450	 492	 0.000 
5.6500	 471	 0.000 
5.6550	 428	 0.000 
5.6600	 424	 0.000 
5.6650	 397	 0.000 
5.6700	 389	 0.000 
5.6750	 391	 0.000 
5.6800	 377	 0.000 
5.6850	 389	 0.000 
5.6900	 378	 0.000 
5.6950	 379	 0.000 
5.7070	 412	 0.000 
5.7070	 414	 0.000 
5.7100	 436	 0.000 
5.7150	 432	 0.000 
5.7200	 452	 0.000 
5.7250	 468	 0.000 
5.7300	 453	 0.000 
5.7350	 477	 0.000 
5.7400	 463	 0.000 
5.7450	 470	 0.000 
5.7500	 474	 0.000 
5.7550	 450	 0.000 
5.7600	 442	 0.000 
5.7650	 412	 0.000 
5.7700	 396	 0.000 
5.7750	 392	 0.000 
5.7800	 380	 0.000 
5.7850	 388	 0.000 
5.7900	 378	 0.000 
5.7950	 380	 0.000 
5.8060	 376	 0.000 
5.8070	 373	 0.000 
5.8100	 384	 0.000 
5.8150	 379	 0.000 
5.8200	 391	 0.000 
5.8250	 408	 0.000 
5.8300	 416	 0.000 
5.8350	 459	 0.000 
5.8400	 461	 0.000 
5.8450	 474	 0.000 
5.8500	 489	 0.000 
5.8550	 481	 0.000 
5.8600	 505	 0.000 
5.8650	 486	 0.000 
5.8700	 494	 0.000 
5.8750	 504	 0.000 
5.8800	 487	 0.000 
5.8850	 511	 0.000 
5.8900	 490	 0.000 
5.8950	 494	 0.000 
5.9060	 453	 0.000 
5.9060	 448	 0.000 
5.9100	 459	 0.000 
5.9150	 426	 0.000 
5.9200	 416	 0.000 
5.9250	 407	 0.000 
5.9300	 391	 0.000 
5.9350	 399	 0.000 
5.9400	 385	 0.000 
5.9450	 388	 0.000 
5.9500	 391	 0.000 
5.9550	 375	 0.000 
5.9600	 390	 0.000 
5.9650	 373	 0.000 
5.9700	 382	 0.000 
5.9750	 383	 0.000 
5.9800	 372	 0.000 
5.9850	 383	 0.000 
5.9900	 368	 0.000 
5.9950	 379	 0.000 
6.0060	 368	 0.000 
6.0060	 373	 0.000 
6.0100	 385	 0.000 
6.0150	 377	 0.000 
6.0200	 386	 0.000 
6.0250	 397	 0.000 
6.0300	 391	 0.000 
6.0350	 420	 0.000 
6.0400	 411	 0.000 
6.0450	 421	 0.000 
6.0500	 436	 0.000 
6.0550	 421	 0.000 
6.0600	 448	 0.000 
6.0650	 434	 0.000 
6.0700	 448	 0.000 
6.0750	 459	 0.000 
6.0800	 444	 0.000 
6.0850	 470	 0.000 
6.0900	 453	 0.000 
6.0950	 463	 0.000 
6.1070	 459	 0.000 
6.1080	 460	 0.000 
6.1100	 474	 0.000 
6.1150	 456	 0.000 
6.1200	 467	 0.000 
6.1250	 476	 0.000 
6.1300	 460	 0.000 
6.1350	 485	 0.000 
6.1400	 463	 0.000 
6.1450	 476	 0.000 
6.1500	 473	 0.000 
6.1550	 461	 0.000 
6.1600	 485	 0.000 
6.1650	 461	 0.000 
6.1700	 476	 0.000 
6.1750	 479	 0.000 
6.1800	 457	 0.000 
6.1850	 482	 0.000 
6.1900	 464	 0.000 
6.1950	 474	 0.000 
6.2080	 474	 0.000 
6.2080	 471	 0.000 
6.2100	 482	 0.000 
6.2150	 465	 0.000 
6.2200	 471	 0.000 
6.2250	 480	 0.000 
6.2300	 464	 0.000 
6.2350	 486	 0.000 
6.2400	 463	 0.000 
6.2450	 468	 0.000 
6.2500	 476	 0.000 
6.2550	 464	 0.000 
6.2600	 481	 0.000 
6.2650	 463	 0.000 
6.2700	 473	 0.000 
6.2750	 480	 0.000 
6.2800	 463	 0.000 
6.2850	 487	 0.000 
6.2900	 463	 0.000 
6.2950	 477	 0.000 
6.3060	 458	 0.000 
6.3060	 464	 0.000 
6.3100	 480	 0.000 
6.3150	 463	 0.000 
6.3200	 478	 0.000 
6.3250	 479	 0.000 
6.3300	 460	 0.000 
6.3350	 488	 0.000 
6.3400	 463	 0.000 
6.3450	 469	 0.000 
6.3500	 481	 0.000 
6.3550	 462	 0.000 
6.3600	 488	 0.000 
6.3650	 469	 0.000 
6.3700	 479	 0.000 
6.3750	 481	 0.000 
6.3800	 464	 0.000 
6.3850	 488	 0.000 
6.3900	 467	 0.000 
6.3950	 478	 0.000 
6.4060	 459	 0.000 
6.4060	 464	 0.000 
6.4100	 487	 0.000 
6.4150	 463	 0.000 
6.4200	 473	 0.000 
6.4250	 476	 0.000 
6.4300	 462	 0.000 
6.4350	 490	 0.000 
6.4400	 464	 0.000 
6.4450	 475	 0.000 
6.4500	 479	 0.000 
6.4550	 461	 0.000 
6.4600	 484	 0.000 
6.4650	 464	 0.000 
6.4700	 475	 0.000 
6.4750	 480	 0.000 
6.4800	 468	 0.000 
6.4850	 484	 0.000 
6.4900	 467	 0.000 
6.4950	 480	 0.000 
6.5060	 465	 0.000 
6.5070	 466	 0.000 
6.5100	 483	 0.000 
6.5150	 463	 0.000 
6.5200	 475	 0.000 
6.5250	 477	 0.000 
6.5300	 466	 0.000 
6.5350	 489	 0.000 
6.5400	 464	 0.000 
6.5450	 475	 0.000 
6.5500	 479	 0.000 
6.5550	 463	 0.000 
6.5600	 490	 0.000 
6.5650	 464	 0.000 
6.5700	 480	 0.000 
6.5750	 481	 0.000 
6.5800	 468	 0.000 
6.5850	 491	 0.000 
6.5900	 465	 0.000 
6.5950	 473	 0.000 
6.6090	 484	 0.000 
6.6090	 482	 0.000 
6.6100	 492	 0.000 
6.6150	 467	 0.000 
6.6200	 474	 0.000 
6.6250	 481	 0.000 
6.6300	 468	 0.000 
6.6350	 491	 0.000 
6.6400	 466	 0.000 
6.6450	 474	 0.000 
6.6500	 477	 0.000 
6.6550	 464	 0.000 
6.6600	 489	 0.000 
6.6650	 468	 0.000 
6.6700	 475	 0.000 
6.6750	 484	 0.000 
6.6800	 470	 0.000 
6.6850	 492	 0.000 
6.6900	 468	 0.000 
6.6950	 479	 0.000 
6.7060	 467	 0.000 
6.7060	 463	 0.000 
6.7100	 487	 0.000 
6.7150	 466	 0.000 
6.7200	 481	 0.000 
6.7250	 479	 0.000 
6.7300	 469	 0.000 
6.7350	 488	 0.000 
6.7400	 466	 0.000 
6.7450	 480	 0.000 
6.7500	 480	 0.000 
6.7550	 470	 0.000 
6.7600	 491	 0.000 
6.7650	 470	 0.000 
6.7700	 484	 0.000 
6.7750	 481	 0.000 
6.7800	 465	 0.000 
6.7850	 490	 0.000 
6.7900	 466	 0.000 
6.7950	 475	 0.000 
6.8060	 463	 0.000 
6.8060	 460	 0.000 
6.8100	 490	 0.000 
6.8150	 468	 0.000 
6.8200	 479	 0.000 
6.8250	 482	 0.000 
6.8300	 465	 0.000 
6.8350	 489	 0.000 
6.8400	 465	 0.000 
6.8450	 476	 0.000 
6.8500	 480	 0.000 
6.8550	 472	 0.000 
6.8600	 490	 0.000 
6.8650	 470	 0.000 
6.8700	 479	 0.000 
6.8750	 478	 0.000 
6.8800	 467	 0.000 
6.8850	 490	 0.000 
6.8900	 470	 0.000 
6.8950	 481	 0.000 
6.9060	 467	 0.000 
6.9060	 467	 0.000 
6.9100	 491	 0.000 
6.9150	 467	 0.000 
6.9200	 477	 0.000 
6.9250	 476	 0.000 
6.9300	 466	 0.000 
6.9350	 491	 0.000 
6.9400	 464	 0.000 
6.9450	 482	 0.000 
6.9500	 479	 0.000 
6.9550	 465	 0.000 
6.9600	 492	 0.000 
6.9650	 469	 0.000 
6.9700	 483	 0.000 
6.9750	 475	 0.000 
6.9800	 469	 0.000 
6.9850	 485	 0.000 
6.9900	 464	 0.000 
6.9950	 476	 0.000 
7.0080	 480	 0.000 
7.0090	 480	 0.000 
7.0100	 487	 0.000 
7.0150	 468	 0.000 
7.0200	 477	 0.000 
7.0250	 476	 0.000 
7.0300	 467	 0.000 
7.0350	 488	 0.000 
7.0400	 468	 0.000 
7.0450	 484	 0.000 
7.0500	 479	 0.000 
7.0550	 469	 0.000 
7.0600	 491	 0.000 
7.0650	 463	 0.000 
7.0700	 479	 0.000 
7.0750	 480	 0.000 
7.0800	 470	 0.000 
7.0850	 490	 0.000 
7.0900	 468	 0.000 
7.0950	 479	 0.000 
7.1060	 467	 0.000 
7.1060	 461	 0.000 
7.1100	 490	 0.000 
7.1150	 463	 0.000 
7.1200	 477	 0.000 
7.1250	 482	 0.000 
7.1300	 464	 0.000 
7.1350	 485	 0.000 
7.1400	 462	 0.000 
7.1450	 480	 0.000 
7.1500	 480	 0.000 
7.1550	 470	 0.000 
7.1600	 491	 0.000 
7.1650	 466	 0.000 
7.1700	 477	 0.000 
7.1750	 475	 0.000 
7.1800	 468	 0.000 
7.1850	 489	 0.000 
7.1900	 463	 0.000 
7.1950	 479	 0.000 
7.2060	 464	 0.000 
7.2060	 466	 0.000 
7.2100	 484	 0.000 
7.2150	 464	 0.000 
7.2200	 481	 0.000 
7.2250	 478	 0.000 
7.2300	 469	 0.000 
7.2350	 490	 0.000 
7.2400	 465	 0.000 
7.2450	 479	 0.000 
7.2500	 475	 0.000 
7.2550	 467	 0.000 
7.2600	 487	 0.000 
7.2650	 463	 0.000 
7.2700	 475	 0.000 
7.2750	 471	 0.000 
7.2800	 467	 0.000 
7.2850	 484	 0.000 
7.2900	 464	 0.000 
7.2950	 480	 0.000 
7.3060	 464	 0.000 
7.3060	 464	 0.000 
7.3100	 488	 0.000 
7.3150	 466	 0.000 
7.3200	 479	 0.000 
7.3250	 474	 0.000 
7.3300	 461	 0.000 
7.3350	 483	 0.000 
7.3400	 466	 0.000 
7.3450	 480	 0.000 
7.3500	 473	 0.000 
7.3550	 465	 0.000 
7.3600	 489	 0.000 
7.3650	 463	 0.000 
7.3700	 479	 0.000 
7.3750	 469	 0.000 
7.3800	 462	 0.000 
7.3850	 485	 0.000 
7.3900	 458	 0.000 
7.3950	 479	 0.000 
7.4090	 476	 0.000 
7.4090	 480	 0.000 
7.4100	 482	 0.000 
7.4150	 463	 0.000 
7.4200	 479	 0.000 
7.4250	 475	 0.000 
7.4300	 465	 0.000 
7.4350	 487	 0.000 
7.4400	 459	 0.000 
7.4450	 476	 0.000 
7.4500	 475	 0.000 
7.4550	 468	 0.000 
7.4600	 485	 0.000 
7.4650	 462	 0.000 
7.4700	 477	 0.000 
7.4750	 476	 0.000 
7.4800	 468	 0.000 
7.4850	 489	 0.000 
7.4900	 466	 0.000 
7.4950	 479	 0.000 
7.5060	 457	 0.000 
7.5070	 458	 0.000 
7.5100	 487	 0.000 
7.5150	 465	 0.000 
7.5200	 478	 0.000 
7.5250	 476	 0.000 
7.5300	 470	 0.000 
7.5350	 490	 0.000 
7.5400	 463	 0.000 
7.5450	 479	 0.000 
7.5500	 474	 0.000 
7.5550	 464	 0.000 
7.5600	 482	 0.000 
7.5650	 463	 0.000 
7.5700	 478	 0.000 
7.5750	 476	 0.000 
7.5800	 463	 0.000 
7.5850	 488	 0.000 
7.5900	 463	 0.000 
7.5950	 479	 0.000 
7.6060	 458	 0.000 
7.6060	 460	 0.000 
7.6100	 483	 0.000 
7.6150	 458	 0.000 
7.6200	 479	 0.000 
7.6250	 476	 0.000 
7.6300	 469	 0.000 
7.6350	 484	 0.000 
7.6400	 462	 0.000 
7.6450	 480	 0.000 
7.6500	 476	 0.000 
7.6550	 470	 0.000 
7.6600	 490	 0.000 
7.6650	 462	 0.000 
7.6700	 483	 0.000 
7.6750	 476	 0.000 
7.6800	 469	 0.000 
7.6850	 485	 0.000 
7.6900	 462	 0.000 
7.6950	 485	 0.000 
7.7060	 466	 0.000 
7.7060	 467	 0.000 
7.7100	 485	 0.000 
7.7150	 461	 0.000 
7.7200	 481	 0.000 
7.7250	 473	 0.000 
7.7300	 469	 0.000 
7.7350	 486	 0.000 
7.7400	 464	 0.000 
7.7450	 485	 0.000 
7.7500	 480	 0.000 
7.7550	 471	 0.000 
7.7600	 490	 0.000 
7.7650	 463	 0.000 
7.7700	 481	 0.000 
7.7750	 472	 0.000 
7.7800	 468	 0.000 
7.7850	 488	 0.000 
7.7900	 462	 0.000 
7.7950	 485	 0.000 
7.8070	 463	 0.000 
7.8080	 465	 0.000 
7.8100	 482	 0.000 
7.8150	 461	 0.000 
7.8200	 482	 0.000 
7.8250	 476	 0.000 
7.8300	 471	 0.000 
7.8350	 487	 0.000 
7.8400	 463	 0.000 
7.8450	 479	 0.000 
7.8500	 476	 0.000 
7.8550	 468	 0.000 
7.8600	 483	 0.000 
7.8650	 462	 0.000 
7.8700	 480	 0.000 
7.8750	 474	 0.000 
7.8800	 468	 0.000 
7.8850	 488	 0.000 
7.8900	 463	 0.000 
7.8950	 479	 0.000 
7.9060	 457	 0.000 
7.9070	 462	 0.000 
7.9100	 482	 0.000 
7.9150	 460	 0.000 
7.9200	 480	 0.000 
7.9250	 470	 0.000 
7.9300	 468	 0.000 
7.9350	 483	 0.000 
7.9400	 459	 0.000 
7.9450	 478	 0.000 
7.9500	 472	 0.000 
7.9550	 468	 0.000 
7.9600	 486	 0.000 
7.9650	 459	 0.000 
7.9700	 480	 0.000 
7.9750	 475	 0.000 
7.9800	 469	 0.000 
7.9850	 487	 0.000 
7.9900	 460	 0.000 
7.9950	 478	 0.000 
8.0060	 463	 0.000 
8.0060	 458	 0.000 
8.0100	 484	 0.000 
8.0150	 460	 0.000 
8.0200	 481	 0.000 
8.0250	 474	 0.000 
8.0300	 472	 0.000 
8.0350	 488	 0.000 
8.0400	 463	 0.000 
8.0450	 483	 0.000 
8.0500	 471	 0.000 
8.0550	 471	 0.000 
8.0600	 483	 0.000 
8.0650	 462	 0.000 
8.0700	 484	 0.000 
8.0750	 471	 0.000 
8.0800	 471	 0.000 
8.0850	 490	 0.000 
8.0900	 464	 0.000 
8.0950	 487	 0.000 
8.1060	 468	 0.000 
8.1060	 467	 0.000 
8.1100	 485	 0.000 
8.1150	 461	 0.000 
8.1200	 482	 0.000 
8.1250	 480	 0.000 
8.1300	 472	 0.000 
8.1350	 492	 0.000 
8.1400	 464	 0.000 
8.1450	 484	 0.000 
8.1500	 477	 0.000 
8.1550	 471	 0.000 
8.1600	 487	 0.000 
8.1650	 463	 0.000 
8.1700	 480	 0.000 
8.1750	 471	 0.000 
8.1800	 471	 0.000 
8.1850	 484	 0.000 
8.1900	 468	 0.000 
8.1950	 486	 0.000 
8.2080	 471	 0.000 
8.2080	 471	 0.000 
8.2100	 487	 0.000 
8.2150	 463	 0.000 
8.2200	 483	 0.000 
8.2250	 470	 0.000 
8.2300	 466	 0.000 
8.2350	 484	 0.000 
8.2400	 460	 0.000 
8.2450	 480	 0.000 
8.2500	 471	 0.000 
8.2550	 467	 0.000 
8.2600	 486	 0.000 
8.2650	 460	 0.000 
8.2700	 481	 0.000 
8.2750	 473	 0.000 
8.2800	 467	 0.000 
8.2850	 484	 0.000 
8.2900	 460	 0.000 
8.2950	 480	 0.000 
8.3070	 463	 0.000 
8.3070	 464	 0.000 
8.3100	 490	 0.000 
8.3150	 461	 0.000 
8.3200	 484	 0.000 
8.3250	 474	 0.000 
8.3300	 472	 0.000 
8.3350	 489	 0.000 
8.3400	 463	 0.000 
8.3450	 482	 0.000 
8.3500	 476	 0.000 
8.3550	 467	 0.000 
8.3600	 483	 0.000 
8.3650	 464	 0.000 
8.3700	 483	 0.000 
8.3750	 469	 0.000 
8.3800	 472	 0.000 
8.3850	 487	 0.000 
8.3900	 463	 0.000 
8.3950	 483	 0.000 
8.4060	 466	 0.000 
8.4060	 459	 0.000 
8.4100	 481	 0.000 
8.4150	 463	 0.000 
8.4200	 481	 0.000 
8.4250	 468	 0.000 
8.4300	 472	 0.000 
8.4350	 486	 0.000 
8.4400	 464	 0.000 
8.4450	 486	 0.000 
8.4500	 471	 0.000 
8.4550	 465	 0.000 
8.4600	 481	 0.000 
8.4650	 460	 0.000 
8.4700	 480	 0.000 
8.4750	 469	 0.000 
8.4800	 473	 0.000 
8.4850	 488	 0.000 
8.4900	 465	 0.000 
8.4950	 480	 0.000 
8.5060	 460	 0.000 
8.5060	 464	 0.000 
8.5100	 487	 0.000 
8.5150	 463	 0.000 
8.5200	 479	 0.000 
8.5250	 471	 0.000 
8.5300	 469	 0.000 
8.5350	 485	 0.000 
8.5400	 465	 0.000 
8.5450	 486	 0.000 
8.5500	 468	 0.000 
8.5550	 466	 0.000 
8.5600	 486	 0.000 
8.5650	 459	 0.000 
8.5700	 481	 0.000 
8.5750	 471	 0.000 
8.5800	 472	 0.000 
8.5850	 486	 0.000 
8.5900	 464	 0.000 
8.5950	 484	 0.000 
8.6060	 464	 0.000 
8.6060	 463	 0.000 
8.6100	 484	 0.000 
8.6150	 463	 0.000 
8.6200	 479	 0.000 
8.6250	 465	 0.000 
8.6300	 466	 0.000 
8.6350	 484	 0.000 
8.6400	 461	 0.000 
8.6450	 484	 0.000 
8.6500	 468	 0.000 
8.6550	 467	 0.000 
8.6600	 483	 0.000 
8.6650	 463	 0.000 
8.6700	 481	 0.000 
8.6750	 464	 0.000 
8.6800	 466	 0.000 
8.6850	 484	 0.000 
8.6900	 463	 0.000 
8.6950	 483	 0.000 
8.7070	 459	 0.000 
8.7080	 459	 0.000 
8.7100	 484	 0.000 
8.7150	 458	 0.000 
8.7200	 480	 0.000 
8.7250	 470	 0.000 
8.7300	 471	 0.000 
8.7350	 486	 0.000 
8.7400	 459	 0.000 
8.7450	 480	 0.000 
8.7500	 468	 0.000 
8.7550	 472	 0.000 
8.7600	 486	 0.000 
8.7650	 461	 0.000 
8.7700	 479	 0.000 
8.7750	 471	 0.000 
8.7800	 471	 0.000 
8.7850	 478	 0.000 
8.7900	 460	 0.000 
8.7950	 484	 0.000 
8.8060	 463	 0.000 
8.8060	 463	 0.000 
8.8100	 483	 0.000 
8.8150	 463	 0.000 
8.8200	 484	 0.000 
8.8250	 467	 0.000 
8.8300	 470	 0.000 
8.8350	 483	 0.000 
8.8400	 459	 0.000 
8.8450	 480	 0.000 
8.8500	 468	 0.000 
8.8550	 472	 0.000 
8.8600	 485	 0.000 
8.8650	 457	 0.000 
8.8700	 479	 0.000 
8.8750	 465	 0.000 
8.8800	 472	 0.000 
8.8850	 480	 0.000 
8.8900	 459	 0.000 
8.8950	 480	 0.000 
8.9060	 466	 0.000 
8.9060	 463	 0.000 
8.9100	 484	 0.000 
8.9150	 456	 0.000 
8.9200	 484	 0.000 
8.9250	 469	 0.000 
8.9300	 467	 0.000 
8.9350	 484	 0.000 
8.9400	 457	 0.000 
8.9450	 480	 0.000 
8.9500	 470	 0.000 
8.9550	 471	 0.000 
8.9600	 485	 0.000 
8.9650	 458	 0.000 
8.9700	 484	 0.000 
8.9750	 465	 0.000 
8.9800	 472	 0.000 
8.9850	 484	 0.000 
8.9900	 464	 0.000 
8.9950	 484	 0.000 
9.0060	 467	 0.000 
9.0060	 463	 0.000 
9.0100	 486	 0.000 
9.0150	 466	 0.000 
9.0200	 487	 0.000 
9.0250	 468	 0.000 
9.0300	 474	 0.000 
9.0350	 488	 0.000 
9.0400	 462	 0.000 
9.0450	 484	 0.000 
9.0500	 471	 0.000 
9.0550	 471	 0.000 
9.0600	 483	 0.000 
9.0650	 467	 0.000 
9.0700	 485	 0.000 
9.0750	 467	 0.000 
9.0800	 471	 0.000 
9.0850	 486	 0.000 
9.0900	 465	 0.000 
9.0950	 488	 0.000 
9.1080	 466	 0.000 
9.1080	 463	 0.000 
9.1100	 487	 0.000 
9.1150	 459	 0.000 
9.1200	 485	 0.000 
9.1250	 471	 0.000 
9.1300	 467	 0.000 
9.1350	 480	 0.000 
9.1400	 460	 0.000 
9.1450	 486	 0.000 
9.1500	 465	 0.000 
9.1550	 473	 0.000 
9.1600	 479	 0.000 
9.1650	 455	 0.000 
9.1700	 478	 0.000 
9.1750	 467	 0.000 
9.1800	 467	 0.000 
9.1850	 478	 0.000 
9.1900	 460	 0.000 
9.1950	 483	 0.000 
9.2060	 459	 0.000 
9.2060	 457	 0.000 
9.2100	 476	 0.000 
9.2150	 460	 0.000 
9.2200	 480	 0.000 
9.2250	 465	 0.000 
9.2300	 466	 0.000 
9.2350	 479	 0.000 
9.2400	 455	 0.000 
9.2450	 480	 0.000 
9.2500	 464	 0.000 
9.2550	 470	 0.000 
9.2600	 481	 0.000 
9.2650	 460	 0.000 
9.2700	 481	 0.000 
9.2750	 464	 0.000 
9.2800	 467	 0.000 
9.2850	 477	 0.000 
9.2900	 463	 0.000 
9.2950	 483	 0.000 
9.3060	 463	 0.000 
9.3060	 460	 0.000 
9.3100	 478	 0.000 
9.3150	 464	 0.000 
9.3200	 488	 0.000 
9.3250	 464	 0.000 
9.3300	 472	 0.000 
9.3350	 484	 0.000 
9.3400	 464	 0.000 
9.3450	 485	 0.000 
9.3500	 464	 0.000 
9.3550	 475	 0.000 
9.3600	 483	 0.000 
9.3650	 457	 0.000 
9.3700	 481	 0.000 
9.3750	 468	 0.000 
9.3800	 470	 0.000 
9.3850	 477	 0.000 
9.3900	 463	 0.000 
9.3950	 486	 0.000 
9.4060	 463	 0.000 
9.4060	 463	 0.000 
9.4100	 477	 0.000 
9.4150	 460	 0.000 
9.4200	 484	 0.000 
9.4250	 467	 0.000 
9.4300	 467	 0.000 
9.4350	 480	 0.000 
9.4400	 463	 0.000 
9.4450	 487	 0.000 
9.4500	 465	 0.000 
9.4550	 471	 0.000 
9.4600	 482	 0.000 
9.4650	 463	 0.000 
9.4700	 480	 0.000 
9.4750	 468	 0.000 
9.4800	 469	 0.000 
9.4850	 483	 0.000 
9.4900	 462	 0.000 
9.4950	 485	 0.000 
9.5080	 463	 0.000 
9.5080	 461	 0.000 
9.5100	 484	 0.000 
9.5150	 457	 0.000 
9.5200	 480	 0.000 
9.5250	 468	 0.000 
9.5300	 476	 0.000 
9.5350	 483	 0.000 
9.5400	 463	 0.000 
9.5450	 483	 0.000 
9.5500	 464	 0.000 
9.5550	 475	 0.000 
9.5600	 478	 0.000 
9.5650	 459	 0.000 
9.5700	 482	 0.000 
9.5750	 468	 0.000 
9.5800	 472	 0.000 
9.5850	 484	 0.000 
9.5900	 463	 0.000 
9.5950	 481	 0.000 
9.6060	 467	 0.000 
9.6060	 463	 0.000 
9.6100	 483	 0.000 
9.6150	 464	 0.000 
9.6200	 487	 0.000 
9.6250	 465	 0.000 
9.6300	 474	 0.000 
9.6350	 482	 0.000 
9.6400	 464	 0.000 
9.6450	 487	 0.000 
9.6500	 464	 0.000 
9.6550	 474	 0.000 
9.6600	 481	 0.000 
9.6650	 461	 0.000 
9.6700	 483	 0.000 
9.6750	 466	 0.000 
9.6800	 474	 0.000 
9.6850	 480	 0.000 
9.6900	 464	 0.000 
9.6950	 487	 0.000 
9.7060	 464	 0.000 
9.7060	 467	 0.000 
9.7100	 484	 0.000 
9.7150	 466	 0.000 
9.7200	 486	 0.000 
9.7250	 472	 0.000 
9.7300	 475	 0.000 
9.7350	 486	 0.000 
9.7400	 464	 0.000 
9.7450	 483	 0.000 
9.7500	 468	 0.000 
9.7550	 478	 0.000 
9.7600	 485	 0.000 
9.7650	 460	 0.000 
9.7700	 485	 0.000 
9.7750	 468	 0.000 
9.7800	 474	 0.000 
9.7850	 485	 0.000 
9.7900	 465	 0.000 
9.7950	 485	 0.000 
9.8060	 464	 0.000 
9.8060	 467	 0.000 
9.8100	 479	 0.000 
9.8150	 461	 0.000 
9.8200	 484	 0.000 
9.8250	 468	 0.000 
9.8300	 475	 0.000 
9.8350	 483	 0.000 
9.8400	 460	 0.000 
9.8450	 489	 0.000 
9.8500	 465	 0.000 
9.8550	 474	 0.000 
9.8600	 474	 0.000 
9.8650	 464	 0.000 
9.8700	 486	 0.000 
9.8750	 463	 0.000 
9.8800	 471	 0.000 
9.8850	 478	 0.000 
9.8900	 462	 0.000 
9.8950	 486	 0.000 
9.9080	 456	 0.000 
9.9080	 456	 0.000 
9.9100	 474	 0.000 
9.9150	 458	 0.000 
9.9200	 482	 0.000 
9.9250	 466	 0.000 
9.9300	 475	 0.000 
9.9350	 473	 0.000 
9.9400	 457	 0.000 
9.9450	 484	 0.000 
9.9500	 461	 0.000 
9.9550	 469	 0.000 
9.9600	 480	 0.000 
9.9650	 461	 0.000 
9.9700	 485	 0.000 
9.9750	 461	 0.000 
9.9800	 474	 0.000 
9.9850	 474	 0.000 
9.9900	 458	 0.000 
9.9950	 488	 0.000 
10.0060	 458	 0.000 
10.0070	 458	 0.000 
10.0100	 480	 0.000 
10.0150	 457	 0.000 
10.0200	 486	 0.000 
10.0250	 463	 0.000 
10.0300	 469	 0.000 
10.0350	 480	 0.000 
10.0400	 460	 0.000 
10.0450	 485	 0.000 
10.0500	 463	 0.000 
10.0550	 468	 0.000 
10.0600	 473	 0.000 
10.0650	 459	 0.000 
10.0700	 479	 0.000 
10.0750	 464	 0.000 
10.0800	 474	 0.000 
10.0850	 480	 0.000 
10.0900	 462	 0.000 
10.0950	 485	 0.000 
10.1060	 463	 0.000 
10.1060	 458	 0.000 
10.1100	 471	 0.000 
10.1150	 457	 0.000 
10.1200	 485	 0.000 
10.1250	 460	 0.000 
10.1300	 472	 0.000 
10.1350	 474	 0.000 
10.1400	 457	 0.000 
10.1450	 482	 0.000 
10.1500	 458	 0.000 
10.1550	 469	 0.000 
10.1600	 472	 0.000 
10.1650	 460	 0.000 
10.1700	 485	 0.000 
10.1750	 464	 0.000 
10.1800	 472	 0.000 
10.1850	 476	 0.000 
10.1900	 457	 0.000 
10.1950	 486	 0.000 
10.2060	 464	 0.000 
10.2060	 463	 0.000 
10.2100	 471	 0.000 
10.2150	 455	 0.000 
10.2200	 480	 0.000 
10.2250	 461	 0.000 
10.2300	 469	 0.000 
10.2350	 478	 0.000 
10.2400	 456	 0.000 
10.2450	 484	 0.000 
10.2500	 462	 0.000 
10.2550	 471	 0.000 
10.2600	 478	 0.000 
10.2650	 459	 0.000 
10.2700	 480	 0.000 
10.2750	 458	 0.000 
10.2800	 469	 0.000 
10.2850	 473	 0.000 
10.2900	 459	 0.000 
10.2950	 484	 0.000 
10.3080	 455	 0.000 
10.3080	 455	 0.000 
10.3100	 480	 0.000 
10.3150	 464	 0.000 
10.3200	 485	 0.000 
10.3250	 466	 0.000 
10.3300	 475	 0.000 
10.3350	 475	 0.000 
10.3400	 463	 0.000 
10.3450	 487	 0.000 
10.3500	 462	 0.000 
10.3550	 473	 0.000 
10.3600	 475	 0.000 
10.3650	 459	 0.000 
10.3700	 486	 0.000 
10.3750	 465	 0.000 
10.3800	 473	 0.000 
10.3850	 480	 0.000 
10.3900	 464	 0.000 
10.3950	 487	 0.000 
10.4070	 464	 0.000 
10.4070	 459	 0.000 
10.4100	 481	 0.000 
10.4150	 463	 0.000 
10.4200	 488	 0.000 
10.4250	 464	 0.000 
10.4300	 473	 0.000 
10.4350	 476	 0.000 
10.4400	 463	 0.000 
10.4450	 482	 0.000 
10.4500	 464	 0.000 
10.4550	 474	 0.000 
10.4600	 479	 0.000 
10.4650	 468	 0.000 
10.4700	 488	 0.000 
10.4750	 464	 0.000 
10.4800	 480	 0.000 
10.4850	 479	 0.000 
10.4900	 463	 0.000 
10.4950	 483	 0.000 
10.5060	 466	 0.000 
10.5060	 467	 0.000 
10.5100	 476	 0.000 
10.5150	 463	 0.000 
10.5200	 490	 0.000 
10.5250	 465	 0.000 
10.5300	 480	 0.000 
10.5350	 477	 0.000 
10.5400	 468	 0.000 
10.5450	 491	 0.000 
10.5500	 471	 0.000 
10.5550	 479	 0.000 
10.5600	 483	 0.000 
10.5650	 469	 0.000 
10.5700	 491	 0.000 
10.5750	 472	 0.000 
10.5800	 479	 0.000 
10.5850	 480	 0.000 
10.5900	 466	 0.000 
10.5950	 489	 0.000 
10.6060	 476	 0.000 
10.6060	 475	 0.000 
10.6100	 487	 0.000 
10.6150	 471	 0.000 
10.6200	 491	 0.000 
10.6250	 465	 0.000 
10.6300	 483	 0.000 
10.6350	 485	 0.000 
10.6400	 468	 0.000 
10.6450	 493	 0.000 
10.6500	 470	 0.000 
10.6550	 484	 0.000 
10.6600	 486	 0.000 
10.6650	 472	 0.000 
10.6700	 495	 0.000 
10.6750	 474	 0.000 
10.6800	 486	 0.000 
10.6850	 488	 0.000 
10.6900	 471	 0.000 
10.6950	 496	 0.000 
10.7070	 476	 0.000 
10.7070	 475	 0.000 
10.7100	 487	 0.000 
10.7150	 471	 0.000 
10.7200	 495	 0.000 
10.7250	 468	 0.000 
10.7300	 480	 0.000 
10.7350	 482	 0.000 
10.7400	 471	 0.000 
10.7450	 491	 0.000 
10.7500	 475	 0.000 
10.7550	 484	 0.000 
10.7600	 485	 0.000 
10.7650	 472	 0.000 
10.7700	 496	 0.000 
10.7750	 476	 0.000 
10.7800	 489	 0.000 
10.7850	 487	 0.000 
10.7900	 471	 0.000 
10.7950	 495	 0.000 
10.8070	 478	 0.000 
10.8070	 471	 0.000 
10.8100	 492	 0.000 
10.8150	 477	 0.000 
10.8200	 493	 0.000 
10.8250	 472	 0.000 
10.8300	 485	 0.000 
10.8350	 489	 0.000 
10.8400	 476	 0.000 
10.8450	 494	 0.000 
10.8500	 474	 0.000 
10.8550	 483	 0.000 
10.8600	 488	 0.000 
10.8650	 471	 0.000 
10.8700	 500	 0.000 
10.8750	 472	 0.000 
10.8800	 488	 0.000 
10.8850	 488	 0.000 
10.8900	 478	 0.000 
10.8950	 499	 0.000 
10.9060	 484	 0.000 
10.9060	 479	 0.000 
10.9100	 490	 0.000 
10.9150	 473	 0.000 
10.9200	 493	 0.000 
10.9250	 477	 0.000 
10.9300	 488	 0.000 
10.9350	 483	 0.000 
10.9400	 472	 0.000 
10.9450	 490	 0.000 
10.9500	 470	 0.000 
10.9550	 483	 0.000 
10.9600	 484	 0.000 
10.9650	 476	 0.000 
10.9700	 494	 0.000 
10.9750	 478	 0.000 
10.9800	 486	 0.000 
10.9850	 486	 0.000 
10.9900	 478	 0.000 
10.9950	 492	 0.000 
11.0060	 479	 0.000 
11.0060	 475	 0.000 
11.0100	 484	 0.000 
11.0150	 480	 0.000 
11.0200	 500	 0.000 
11.0250	 476	 0.000 
11.0300	 485	 0.000 
11.0350	 489	 0.000 
11.0400	 479	 0.000 
11.0450	 495	 0.000 
11.0500	 476	 0.000 
11.0550	 492	 0.000 
11.0600	 488	 0.000 
11.0650	 480	 0.000 
11.0700	 500	 0.000 
11.0750	 478	 0.000 
11.0800	 492	 0.000 
11.0850	 490	 0.000 
11.0900	 479	 0.000 
11.0950	 495	 0.000 
11.1060	 484	 0.000 
11.1060	 484	 0.000 
11.1100	 487	 0.000 
11.1150	 476	 0.000 
11.1200	 500	 0.000 
11.1250	 480	 0.000 
11.1300	 492	 0.000 
11.1350	 490	 0.000 
11.1400	 476	 0.000 
11.1450	 502	 0.000 
11.1500	 475	 0.000 
11.1550	 494	 0.000 
11.1600	 485	 0.000 
11.1650	 482	 0.000 
11.1700	 502	 0.000 
11.1750	 479	 0.000 
11.1800	 491	 0.000 
11.1850	 483	 0.000 
11.1900	 474	 0.000 
11.1950	 493	 0.000 
11.2070	 476	 0.000 
11.2080	 471	 0.000 
11.2100	 489	 0.000 
11.2150	 476	 0.000 
11.2200	 495	 0.000 
11.2250	 475	 0.000 
11.2300	 484	 0.000 
11.2350	 482	 0.000 
11.2400	 473	 0.000 
11.2450	 496	 0.000 
11.2500	 474	 0.000 
11.2550	 485	 0.000 
11.2600	 488	 0.000 
11.2650	 476	 0.000 
11.2700	 492	 0.000 
11.2750	 474	 0.000 
11.2800	 490	 0.000 
11.2850	 487	 0.000 
11.2900	 478	 0.000 
11.2950	 498	 0.000 
11.3060	 482	 0.000 
11.3060	 475	 0.000 
11.3100	 484	 0.000 
11.3150	 475	 0.000 
11.3200	 494	 0.000 
11.3250	 467	 0.000 
11.3300	 489	 0.000 
11.3350	 481	 0.000 
11.3400	 471	 0.000 
11.3450	 491	 0.000 
11.3500	 472	 0.000 
11.3550	 481	 0.000 
11.3600	 480	 0.000 
11.3650	 471	 0.000 
11.3700	 489	 0.000 
11.3750	 471	 0.000 
11.3800	 487	 0.000 
11.3850	 480	 0.000 
11.3900	 476	 0.000 
11.3950	 494	 0.000 
11.4060	 479	 0.000 
11.4060	 475	 0.000 
11.4100	 485	 0.000 
11.4150	 475	 0.000 
11.4200	 493	 0.000 
11.4250	 472	 0.000 
11.4300	 486	 0.000 
11.4350	 479	 0.000 
11.4400	 476	 0.000 
11.4450	 489	 0.000 
11.4500	 469	 0.000 
11.4550	 488	 0.000 
11.4600	 480	 0.000 
11.4650	 476	 0.000 
11.4700	 496	 0.000 
11.4750	 468	 0.000 
11.4800	 488	 0.000 
11.4850	 481	 0.000 
11.4900	 479	 0.000 
11.4950	 494	 0.000 
11.5060	 477	 0.000 
11.5060	 475	 0.000 
11.5100	 481	 0.000 
11.5150	 476	 0.000 
11.5200	 496	 0.000 
11.5250	 474	 0.000 
11.5300	 490	 0.000 
11.5350	 488	 0.000 
11.5400	 480	 0.000 
11.5450	 496	 0.000 
11.5500	 475	 0.000 
11.5550	 485	 0.000 
11.5600	 485	 0.000 
11.5650	 472	 0.000 
11.5700	 490	 0.000 
11.5750	 469	 0.000 
11.5800	 485	 0.000 
11.5850	 484	 0.000 
11.5900	 479	 0.000 
11.5950	 495	 0.000 
11.6080	 472	 0.000 
11.6080	 472	 0.000 
11.6100	 480	 0.000 
11.6150	 478	 0.000 
11.6200	 494	 0.000 
11.6250	 474	 0.000 
11.6300	 487	 0.000 
11.6350	 478	 0.000 
11.6400	 476	 0.000 
11.6450	 495	 0.000 
11.6500	 474	 0.000 
11.6550	 484	 0.000 
11.6600	 483	 0.000 
11.6650	 476	 0.000 
11.6700	 492	 0.000 
11.6750	 471	 0.000 
11.6800	 481	 0.000 
11.6850	 478	 0.000 
11.6900	 475	 0.000 
11.6950	 493	 0.000 
11.7060	 476	 0.000 
11.7060	 476	 0.000 
11.7100	 477	 0.000 
11.7150	 471	 0.000 
11.7200	 493	 0.000 
11.7250	 471	 0.000 
11.7300	 488	 0.000 
11.7350	 479	 0.000 
11.7400	 475	 0.000 
11.7450	 488	 0.000 
11.7500	 469	 0.000 
11.7550	 488	 0.000 
11.7600	 484	 0.000 
11.7650	 478	 0.000 
11.7700	 493	 0.000 
11.7750	 468	 0.000 
11.7800	 488	 0.000 
11.7850	 479	 0.000 
11.7900	 476	 0.000 
11.7950	 495	 0.000 
11.8010	 470	 0.000 
11.8050	 485	 0.000 
11.8100	 480	 0.000 
11.8150	 476	 0.000 
11.8200	 496	 0.000 
11.8250	 470	 0.000 
11.8300	 489	 0.000 
11.8350	 483	 0.000 
11.8400	 475	 0.000 
11.8450	 496	 0.000 
11.8500	 475	 0.000 
11.8550	 487	 0.000 
11.8600	 477	 0.000 
11.8650	 474	 0.000 
11.8700	 493	 0.000 
11.8750	 474	 0.000 
11.8800	 488	 0.000 
11.8850	 480	 0.000 
11.8900	 480	 0.000 
11.8950	 495	 0.000 
11.9010	 472	 0.000 
11.9050	 489	 0.000 
11.9100	 483	 0.000 
11.9150	 475	 0.000 
11.9200	 489	 0.000 
11.9250	 469	 0.000 
11.9300	 489	 0.000 
11.9350	 484	 0.000 
11.9400	 473	 0.000 
11.9450	 492	 0.000 
11.9500	 473	 0.000 
11.9550	 489	 0.000 
11.9600	 484	 0.000 
11.9650	 478	 0.000 
11.9700	 495	 0.000 
11.9750	 474	 0.000 
11.9800	 491	 0.000 
11.9850	 483	 0.000 
11.9900	 482	 0.000 
11.9950	 492	 0.000 
12.0020	 480	 0.000 
12.0050	 488	 0.000 
12.0100	 486	 0.000 
12.0150	 480	 0.000 
12.0200	 496	 0.000 
12.0250	 476	 0.000 
12.0300	 492	 0.000 
12.0350	 487	 0.000 
12.0400	 479	 0.000 
12.0450	 493	 0.000 
12.0500	 477	 0.000 
12.0550	 496	 0.000 
12.0600	 488	 0.000 
12.0650	 479	 0.000 
12.0700	 496	 0.000 
12.0750	 476	 0.000 
12.0800	 496	 0.000 
12.0850	 488	 0.000 
12.0900	 484	 0.000 
12.0950	 500	 0.000 
12.1010	 480	 0.000 
12.1050	 496	 0.000 
12.1100	 482	 0.000 
12.1150	 484	 0.000 
12.1200	 495	 0.000 
12.1250	 476	 0.000 
12.1300	 496	 0.000 
12.1350	 488	 0.000 
12.1400	 484	 0.000 
12.1450	 498	 0.000 
12.1500	 479	 0.000 
12.1550	 491	 0.000 
12.1600	 487	 0.000 
12.1650	 477	 0.000 
12.1700	 491	 0.000 
12.1750	 478	 0.000 
12.1800	 493	 0.000 
12.1850	 483	 0.000 
12.1900	 481	 0.000 
12.1950	 493	 0.000 
12.2010	 479	 0.000 
12.2050	 490	 0.000 
12.2100	 488	 0.000 
12.2150	 482	 0.000 
12.2200	 496	 0.000 
12.2250	 473	 0.000 
12.2300	 495	 0.000 
12.2350	 486	 0.000 
12.2400	 483	 0.000 
12.2450	 495	 0.000 
12.2500	 477	 0.000 
12.2550	 489	 0.000 
12.2600	 481	 0.000 
12.2650	 480	 0.000 
12.2700	 496	 0.000 
12.2750	 474	 0.000 
12.2800	 498	 0.000 
12.2850	 490	 0.000 
12.2900	 485	 0.000 
12.2950	 500	 0.000 
12.3010	 479	 0.000 
12.3050	 495	 0.000 
12.3100	 481	 0.000 
12.3150	 477	 0.000 
12.3200	 496	 0.000 
12.3250	 475	 0.000 
12.3300	 492	 0.000 
12.3350	 487	 0.000 
12.3400	 483	 0.000 
12.3450	 500	 0.000 
12.3500	 474	 0.000 
12.3550	 498	 0.000 
12.3600	 490	 0.000 
12.3650	 485	 0.000 
12.3700	 502	 0.000 
12.3750	 479	 0.000 
12.3800	 495	 0.000 
12.3850	 487	 0.000 
12.3900	 487	 0.000 
12.3950	 497	 0.000 
12.4010	 485	 0.000 
12.4050	 498	 0.000 
12.4100	 485	 0.000 
12.4150	 484	 0.000 
12.4200	 502	 0.000 
12.4250	 483	 0.000 
12.4300	 500	 0.000 
12.4350	 493	 0.000 
12.4400	 490	 0.000 
12.4450	 504	 0.000 
12.4500	 480	 0.000 
12.4550	 500	 0.000 
12.4600	 487	 0.000 
12.4650	 492	 0.000 
12.4700	 501	 0.000 
12.4750	 484	 0.000 
12.4800	 496	 0.000 
12.4850	 487	 0.000 
12.4900	 484	 0.000 
12.4950	 498	 0.000 
12.5010	 490	 0.000 
12.5050	 497	 0.000 
12.5100	 488	 0.000 
12.5150	 488	 0.000 
12.5200	 506	 0.000 
12.5250	 480	 0.000 
12.5300	 496	 0.000 
12.5350	 487	 0.000 
12.5400	 486	 0.000 
12.5450	 503	 0.000 
12.5500	 480	 0.000 
12.5550	 500	 0.000 
12.5600	 488	 0.000 
12.5650	 492	 0.000 
12.5700	 505	 0.000 
12.5750	 481	 0.000 
12.5800	 504	 0.000 
12.5850	 498	 0.000 
12.5900	 494	 0.000 
12.5950	 508	 0.000 
12.6010	 487	 0.000 
12.6050	 507	 0.000 
12.6100	 495	 0.000 
12.6150	 495	 0.000 
12.6200	 503	 0.000 
12.6250	 483	 0.000 
12.6300	 508	 0.000 
12.6350	 499	 0.000 
12.6400	 491	 0.000 
12.6450	 509	 0.000 
12.6500	 487	 0.000 
12.6550	 503	 0.000 
12.6600	 495	 0.000 
12.6650	 495	 0.000 
12.6700	 502	 0.000 
12.6750	 501	 0.000 
12.6800	 504	 0.000 
12.6850	 497	 0.000 
12.6900	 491	 0.000 
12.6950	 508	 0.000 
12.7010	 485	 0.000 
12.7050	 504	 0.000 
12.7100	 498	 0.000 
12.7150	 496	 0.000 
12.7200	 510	 0.000 
12.7250	 492	 0.000 
12.7300	 507	 0.000 
12.7350	 501	 0.000 
12.7400	 495	 0.000 
12.7450	 511	 0.000 
12.7500	 492	 0.000 
12.7550	 509	 0.000 
12.7600	 499	 0.000 
12.7650	 499	 0.000 
12.7700	 511	 0.000 
12.7750	 489	 0.000 
12.7800	 502	 0.000 
12.7850	 501	 0.000 
12.7900	 499	 0.000 
12.7950	 510	 0.000 
12.8040	 511	 0.000 
12.8050	 505	 0.000 
12.8100	 492	 0.000 
12.8150	 496	 0.000 
12.8200	 508	 0.000 
12.8250	 496	 0.000 
12.8300	 510	 0.000 
12.8350	 500	 0.000 
12.8400	 501	 0.000 
12.8450	 510	 0.000 
12.8500	 494	 0.000 
12.8550	 511	 0.000 
12.8600	 501	 0.000 
12.8650	 493	 0.000 
12.8700	 508	 0.000 
12.8750	 490	 0.000 
12.8800	 509	 0.000 
12.8850	 498	 0.000 
12.8900	 498	 0.000 
12.8950	 510	 0.000 
12.9010	 496	 0.000 
12.9050	 506	 0.000 
12.9100	 500	 0.000 
12.9150	 501	 0.000 
12.9200	 505	 0.000 
12.9250	 488	 0.000 
12.9300	 510	 0.000 
12.9350	 495	 0.000 
12.9400	 495	 0.000 
12.9450	 511	 0.000 
12.9500	 491	 0.000 
12.9550	 511	 0.000 
12.9600	 498	 0.000 
12.9650	 497	 0.000 
12.9700	 507	 0.000 
12.9750	 487	 0.000 
12.9800	 504	 0.000 
12.9850	 495	 0.000 
12.9900	 493	 0.000 
12.9950	 504	 0.000 
13.0010	 488	 0.000 
13.0050	 504	 0.000 
13.0100	 492	 0.000 
13.0150	 495	 0.000 
13.0200	 511	 0.000 
13.0250	 488	 0.000 
13.0300	 510	 0.000 
13.0350	 492	 0.000 
13.0400	 500	 0.000 
13.0450	 511	 0.000 
13.0500	 491	 0.000 
13.0550	 507	 0.000 
13.0600	 493	 0.000 
13.0650	 494	 0.000 
13.0700	 506	 0.000 
13.0750	 491	 0.000 
13.0800	 503	 0.000 
13.0850	 495	 0.000 
13.0900	 495	 0.000 
13.0950	 505	 0.000 
13.1010	 492	 0.000 
13.1050	 510	 0.000 
13.1100	 500	 0.000 
13.1150	 499	 0.000 
13.1200	 508	 0.000 
13.1250	 491	 0.000 
13.1300	 510	 0.000 
13.1350	 495	 0.000 
13.1400	 499	 0.000 
13.1450	 511	 0.000 
13.1500	 487	 0.000 
13.1550	 511	 0.000 
13.1600	 492	 0.000 
13.1650	 493	 0.000 
13.1700	 504	 0.000 
13.1750	 488	 0.000 
13.1800	 509	 0.000 
13.1850	 497	 0.000 
13.1900	 494	 0.000 
13.1950	 503	 0.000 
13.2020	 504	 0.000 
13.2050	 507	 0.000 
13.2100	 499	 0.000 
13.2150	 500	 0.000 
13.2200	 511	 0.000 
13.2250	 494	 0.000 
13.2300	 511	 0.000 
13.2350	 499	 0.000 
13.2400	 502	 0.000 
13.2450	 508	 0.000 
13.2500	 487	 0.000 
13.2550	 511	 0.000 
13.2600	 499	 0.000 
13.2650	 500	 0.000 
13.2700	 509	 0.000 
13.2750	 490	 0.000 
13.2800	 507	 0.000 
13.2850	 495	 0.000 
13.2900	 494	 0.000 
13.2950	 504	 0.000 
13.3010	 494	 0.000 
13.3050	 511	 0.000 
13.3100	 495	 0.000 
13.3150	 495	 0.000 
13.3200	 511	 0.000 
13.3250	 488	 0.000 
13.3300	 507	 0.000 
13.3350	 493	 0.000 
13.3400	 494	 0.000 
13.3470	 512	 0.000 
13.3500	 486	 0.000 
13.3550	 506	 0.000 
13.3600	 495	 0.000 
13.3650	 500	 0.000 
13.3700	 510	 0.000 
13.3750	 491	 0.000 
13.3800	 508	 0.000 
13.3850	 500	 0.000 
13.3900	 496	 0.000 
13.3950	 511	 0.000 
13.4010	 495	 0.000 
13.4050	 511	 0.000 
13.4100	 502	 0.000 
13.4150	 495	 0.000 
13.4200	 510	 0.000 
13.4250	 488	 0.000 
13.4300	 508	 0.000 
13.4350	 498	 0.000 
13.4400	 501	 0.000 
13.4450	 507	 0.000 
13.4500	 487	 0.000 
13.4550	 506	 0.000 
13.4600	 494	 0.000 
13.4650	 498	 0.000 
13.4700	 504	 0.000 
13.4750	 495	 0.000 
13.4800	 507	 0.000 
13.4850	 495	 0.000 
13.4900	 500	 0.000 
13.4950	 511	 0.000 
13.5010	 488	 0.000 
13.5050	 504	 0.000 
13.5100	 493	 0.000 
13.5150	 497	 0.000 
13.5200	 507	 0.000 
13.5250	 488	 0.000 
13.5300	 511	 0.000 
13.5350	 492	 0.000 
13.5400	 495	 0.000 
13.5450	 509	 0.000 
13.5500	 491	 0.000 
13.5550	 511	 0.000 
13.5600	 496	 0.000 
13.5650	 500	 0.000 
13.5700	 511	 0.000 
13.5750	 495	 0.000 
13.5800	 511	 0.000 
13.5850	 495	 0.000 
13.5900	 502	 0.000 
13.5950	 507	 0.000 
13.6020	 494	 0.000 
13.6050	 511	 0.000 
13.6100	 498	 0.000 
13.6150	 503	 0.000 
13.6200	 509	 0.000 
13.6250	 491	 0.000 
13.6300	 511	 0.000 
13.6350	 493	 0.000 
13.6400	 496	 0.000 
13.6450	 511	 0.000 
13.6500	 496	 0.000 
13.6550	 511	 0.000 
13.6600	 494	 0.000 
13.6650	 496	 0.000 
13.6700	 511	 0.000 
13.6750	 495	 0.000 
13.6800	 511	 0.000 
13.6850	 499	 0.000 
13.6900	 503	 0.000 
13.6950	 510	 0.000 
13.7010	 489	 0.000 
13.7050	 510	 0.000 
13.7100	 496	 0.000 
13.7150	 499	 0.000 
13.7200	 511	 0.000 
13.7250	 489	 0.000 
13.7300	 509	 0.000 
13.7350	 494	 0.000 
13.7400	 498	 0.000 
13.7450	 506	 0.000 
13.7500	 490	 0.000 
13.7550	 508	 0.000 
13.7600	 495	 0.000 
13.7650	 497	 0.000 
13.7700	 510	 0.000 
13.7750	 491	 0.000 
13.7800	 512	 0.000 
13.7850	 497	 0.000 
13.7900	 504	 0.000 
13.7950	 508	 0.000 
13.8010	 493	 0.000 
13.8050	 511	 0.000 
13.8100	 500	 0.000 
13.8150	 496	 0.000 
13.8200	 508	 0.000 
13.8250	 489	 0.000 
13.8300	 505	 0.000 
13.8350	 493	 0.000 
13.8400	 502	 0.000 
13.8450	 508	 0.000 
13.8500	 496	 0.000 
13.8550	 511	 0.000 
13.8600	 500	 0.000 
13.8650	 503	 0.000 
13.8700	 510	 0.000 
13.8750	 494	 0.000 
13.8800	 511	 0.000 
13.8850	 500	 0.000 
13.8900	 499	 0.000 
13.8950	 511	 0.000 
13.9010	 493	 0.000 
13.9050	 511	 0.000 
13.9100	 500	 0.000 
13.9150	 506	 0.000 
13.9200	 509	 0.000 
13.9250	 494	 0.000 
13.9300	 511	 0.000 
13.9350	 500	 0.000 
13.9400	 500	 0.000 
13.9450	 507	 0.000 
13.9500	 495	 0.000 
13.9550	 512	 0.000 
13.9600	 498	 0.000 
13.9650	 500	 0.000 
13.9700	 503	 0.000 
13.9750	 489	 0.000 
13.9800	 512	 0.000 
13.9850	 500	 0.000 
13.9900	 504	 0.000 
13.9950	 511	 0.000 
14.0020	 500	 0.000 
14.0050	 511	 0.000 
14.0100	 498	 0.000 
14.0150	 504	 0.000 
14.0200	 510	 0.000 
14.0250	 496	 0.000 
14.0300	 516	 0.000 
14.0350	 501	 0.000 
14.0400	 506	 0.000 
14.0450	 511	 0.000 
14.0500	 492	 0.000 
14.0550	 516	 0.000 
14.0600	 502	 0.000 
14.0650	 501	 0.000 
14.0700	 506	 0.000 
14.0750	 493	 0.000 
14.0800	 512	 0.000 
14.0850	 495	 0.000 
14.0900	 501	 0.000 
14.0950	 508	 0.000 
14.1010	 496	 0.000 
14.1050	 512	 0.000 
14.1100	 502	 0.000 
14.1150	 507	 0.000 
14.1200	 506	 0.000 
14.1250	 492	 0.000 
14.1300	 512	 0.000 
14.1350	 496	 0.000 
14.1400	 502	 0.000 
14.1450	 511	 0.000 
14.1500	 500	 0.000 
14.1550	 516	 0.000 
14.1600	 497	 0.000 
14.1650	 508	 0.000 
14.1700	 508	 0.000 
14.1750	 495	 0.000 
14.1800	 512	 0.000 
14.1850	 500	 0.000 
14.1900	 508	 0.000 
14.1950	 511	 0.000 
14.2010	 495	 0.000 
14.2050	 518	 0.000 
14.2100	 504	 0.000 
14.2150	 507	 0.000 
14.2200	 511	 0.000 
14.2250	 494	 0.000 
14.2300	 513	 0.000 
14.2350	 503	 0.000 
14.2400	 507	 0.000 
14.2450	 511	 0.000 
14.2500	 497	 0.000 
14.2550	 515	 0.000 
14.2600	 499	 0.000 
14.2650	 501	 0.000 
14.2700	 509	 0.000 
14.2750	 496	 0.000 
14.2800	 518	 0.000 
14.2850	 500	 0.000 
14.2900	 501	 0.000 
14.2950	 511	 0.000 
14.3010	 495	 0.000 
14.3050	 516	 0.000 
14.3100	 502	 0.000 
14.3150	 509	 0.000 
14.3200	 511	 0.000 
14.3250	 499	 0.000 
14.3300	 516	 0.000 
14.3350	 497	 0.000 
14.3400	 508	 0.000 
14.3470	 516	 0.000 
14.3500	 493	 0.000 
14.3550	 513	 0.000 
14.3600	 500	 0.000 
14.3650	 507	 0.000 
14.3700	 511	 0.000 
14.3750	 499	 0.000 
14.3800	 515	 0.000 
14.3850	 502	 0.000 
14.3900	 502	 0.000 
14.3950	 507	 0.000 
14.4010	 495	 0.000 
14.4050	 512	 0.000 
14.4100	 498	 0.000 
14.4150	 507	 0.000 
14.4200	 511	 0.000 
14.4250	 500	 0.000 
14.4300	 516	 0.000 
14.4350	 502	 0.000 
14.4400	 508	 0.000 
14.4450	 506	 0.000 
14.4500	 500	 0.000 
14.4550	 509	 0.000 
14.4600	 500	 0.000 
14.4650	 504	 0.000 
14.4700	 509	 0.000 
14.4750	 496	 0.000 
14.4800	 516	 0.000 
14.4850	 497	 0.000 
14.4900	 506	 0.000 
14.4950	 507	 0.000 
14.5010	 491	 0.000 
14.5050	 514	 0.000 
14.5100	 500	 0.000 
14.5150	 500	 0.000 
14.5200	 510	 0.000 
14.5250	 498	 0.000 
14.5300	 516	 0.000 
14.5350	 499	 0.000 
14.5400	 506	 0.000 
14.5450	 508	 0.000 
14.5500	 496	 0.000 
14.5550	 513	 0.000 
14.5600	 492	 0.000 
14.5650	 499	 0.000 
14.5700	 508	 0.000 
14.5750	 493	 0.000 
14.5800	 511	 0.000 
14.5850	 489	 0.000 
14.5900	 503	 0.000 
14.5950	 507	 0.000 
14.6010	 491	 0.000 
14.6050	 511	 0.000 
14.6100	 492	 0.000 
14.6150	 503	 0.000 
14.6200	 505	 0.000 
14.6250	 488	 0.000 
14.6300	 507	 0.000 
14.6350	 496	 0.000 
14.6400	 502	 0.000 
14.6450	 506	 0.000 
14.6500	 492	 0.000 
14.6550	 510	 0.000 
14.6600	 491	 0.000 
14.6650	 496	 0.000 
14.6700	 503	 0.000 
14.6750	 493	 0.000 
14.6800	 511	 0.000 
14.6850	 494	 0.000 
14.6900	 499	 0.000 
14.6950	 499	 0.000 
14.7010	 489	 0.000 
14.7050	 506	 0.000 
14.7100	 496	 0.000 
14.7150	 504	 0.000 
14.7200	 508	 0.000 
14.7250	 494	 0.000 
14.7300	 512	 0.000 
14.7350	 492	 0.000 
14.7400	 499	 0.000 
14.7450	 508	 0.000 
14.7500	 495	 0.000 
14.7550	 511	 0.000 
14.7600	 489	 0.000 
14.7650	 501	 0.000 
14.7700	 505	 0.000 
14.7750	 495	 0.000 
14.7800	 515	 0.000 
14.7850	 494	 0.000 
14.7900	 508	 0.000 
14.7950	 503	 0.000 
14.8010	 489	 0.000 
14.8050	 511	 0.000 
14.8100	 495	 0.000 
14.8150	 501	 0.000 
14.8200	 504	 0.000 
14.8250	 493	 0.000 
14.8300	 513	 0.000 
14.8350	 498	 0.000 
14.8400	 502	 0.000 
14.8450	 504	 0.000 
14.8500	 492	 0.000 
14.8550	 509	 0.000 
14.8600	 496	 0.000 
14.8650	 503	 0.000 
14.8700	 501	 0.000 
14.8750	 492	 0.000 
14.8800	 513	 0.000 
14.8850	 498	 0.000 
14.8900	 503	 0.000 
14.8950	 507	 0.000 
14.9080	 498	 0.000 
14.9080	 495	 0.000 
14.9100	 496	 0.000 
14.9150	 506	 0.000 
14.9200	 503	 0.000 
14.9250	 489	 0.000 
14.9300	 512	 0.000 
14.9350	 496	 0.000 
14.9400	 506	 0.000 
14.9450	 507	 0.000 
14.9500	 495	 0.000 
14.9550	 511	 0.000 
14.9600	 495	 0.000 
14.9650	 502	 0.000 
14.9700	 504	 0.000 
14.9750	 491	 0.000 
14.9800	 513	 0.000 
14.9850	 494	 0.000 
14.9900	 502	 0.000 
14.9950	 506	 0.000 
15.0060	 511	 0.000 
15.0070	 511	 0.000 
15.0100	 498	 0.000 
15.0150	 504	 0.000 
15.0200	 506	 0.000 
15.0250	 494	 0.000 
15.0300	 516	 0.000 
15.0350	 495	 0.000 
15.0400	 503	 0.000 
15.0450	 503	 0.000 
15.0500	 496	 0.000 
15.0550	 516	 0.000 
15.0600	 495	 0.000 
15.0650	 509	 0.000 
15.0700	 510	 0.000 
15.0750	 495	 0.000 
15.0800	 517	 0.000 
15.0850	 498	 0.000 
15.0900	 507	 0.000 
15.0950	 503	 0.000 
15.1060	 511	 0.000 
15.1060	 505	 0.000 
15.1100	 499	 0.000 
15.1150	 505	 0.000 
15.1200	 503	 0.000 
15.1250	 495	 0.000 
15.1300	 511	 0.000 
15.1350	 493	 0.000 
15.1400	 508	 0.000 
15.1450	 503	 0.000 
15.1500	 494	 0.000 
15.1550	 516	 0.000 
15.1600	 501	 0.000 
15.1650	 507	 0.000 
15.1700	 504	 0.000 
15.1750	 496	 0.000 
15.1800	 512	 0.000 
15.1850	 499	 0.000 
15.1900	 510	 0.000 
15.1950	 509	 0.000 
15.2060	 512	 0.000 
15.2060	 508	 0.000 
15.2100	 498	 0.000 
15.2150	 511	 0.000 
15.2200	 507	 0.000 
15.2250	 492	 0.000 
15.2300	 512	 0.000 
15.2350	 496	 0.000 
15.2400	 510	 0.000 
15.2450	 511	 0.000 
15.2500	 499	 0.000 
15.2550	 519	 0.000 
15.2600	 495	 0.000 
15.2650	 509	 0.000 
15.2700	 510	 0.000 
15.2750	 501	 0.000 
15.2800	 519	 0.000 
15.2850	 501	 0.000 
15.2900	 507	 0.000 
15.2950	 511	 0.000 
15.3080	 504	 0.000 
15.3080	 503	 0.000 
15.3100	 504	 0.000 
15.3150	 511	 0.000 
15.3200	 511	 0.000 
15.3250	 496	 0.000 
15.3300	 513	 0.000 
15.3350	 497	 0.000 
15.3400	 511	 0.000 
15.3460	 512	 0.000 
15.3500	 503	 0.000 
15.3550	 516	 0.000 
15.3600	 503	 0.000 
15.3650	 511	 0.000 
15.3700	 508	 0.000 
15.3750	 502	 0.000 
15.3800	 521	 0.000 
15.3850	 501	 0.000 
15.3900	 511	 0.000 
15.3950	 507	 0.000 
15.4010	 499	 0.000 
15.4050	 520	 0.000 
15.4100	 496	 0.000 
15.4150	 510	 0.000 
15.4200	 511	 0.000 
15.4250	 499	 0.000 
15.4300	 516	 0.000 
15.4350	 499	 0.000 
15.4400	 510	 0.000 
15.4450	 510	 0.000 
15.4500	 501	 0.000 
15.4550	 518	 0.000 
15.4600	 501	 0.000 
15.4650	 510	 0.000 
15.4700	 505	 0.000 
15.4750	 500	 0.000 
15.4800	 518	 0.000 
15.4850	 491	 0.000 
15.4900	 504	 0.000 
15.4950	 504	 0.000 
15.5010	 496	 0.000 
15.5050	 516	 0.000 
15.5100	 495	 0.000 
15.5150	 502	 0.000 
15.5200	 501	 0.000 
15.5250	 495	 0.000 
15.5300	 512	 0.000 
15.5350	 494	 0.000 
15.5400	 507	 0.000 
15.5450	 501	 0.000 
15.5500	 496	 0.000 
15.5550	 513	 0.000 
15.5600	 496	 0.000 
15.5650	 509	 0.000 
15.5700	 505	 0.000 
15.5750	 495	 0.000 
15.5800	 516	 0.000 
15.5850	 496	 0.000 
15.5900	 507	 0.000 
15.5950	 506	 0.000 
15.6010	 491	 0.000 
15.6050	 515	 0.000 
15.6100	 492	 0.000 
15.6150	 509	 0.000 
15.6200	 508	 0.000 
15.6250	 499	 0.000 
15.6300	 515	 0.000 
15.6350	 496	 0.000 
15.6400	 504	 0.000 
15.6450	 508	 0.000 
15.6500	 494	 0.000 
15.6550	 516	 0.000 
15.6600	 500	 0.000 
15.6650	 509	 0.000 
15.6700	 502	 0.000 
15.6750	 496	 0.000 
15.6800	 515	 0.000 
15.6850	 499	 0.000 
15.6900	 510	 0.000 
15.6950	 507	 0.000 
15.7020	 492	 0.000 
15.7050	 517	 0.000 
15.7100	 496	 0.000 
15.7150	 509	 0.000 
15.7200	 507	 0.000 
15.7250	 495	 0.000 
15.7300	 512	 0.000 
15.7350	 493	 0.000 
15.7400	 509	 0.000 
15.7450	 506	 0.000 
15.7500	 495	 0.000 
15.7550	 514	 0.000 
15.7600	 492	 0.000 
15.7650	 509	 0.000 
15.7700	 504	 0.000 
15.7750	 497	 0.000 
15.7800	 516	 0.000 
15.7850	 493	 0.000 
15.7900	 503	 0.000 
15.7950	 500	 0.000 
15.8010	 495	 0.000 
15.8050	 511	 0.000 
15.8100	 496	 0.000 
15.8150	 507	 0.000 
15.8200	 504	 0.000 
15.8250	 495	 0.000 
15.8300	 511	 0.000 
15.8350	 495	 0.000 
15.8400	 506	 0.000 
15.8450	 499	 0.000 
15.8500	 493	 0.000 
15.8550	 511	 0.000 
15.8600	 496	 0.000 
15.8650	 508	 0.000 
15.8700	 505	 0.000 
15.8750	 497	 0.000 
15.8800	 515	 0.000 
15.8850	 489	 0.000 
15.8900	 504	 0.000 
15.8950	 504	 0.000 
15.9010	 496	 0.000 
15.9050	 511	 0.000 
15.9100	 495	 0.000 
15.9150	 507	 0.000 
15.9200	 502	 0.000 
15.9250	 492	 0.000 
15.9300	 513	 0.000 
15.9350	 488	 0.000 
15.9400	 509	 0.000 
15.9450	 503	 0.000 
15.9500	 489	 0.000 
15.9550	 508	 0.000 
15.9600	 490	 0.000 
15.9650	 506	 0.000 
15.9700	 504	 0.000 
15.9750	 491	 0.000 
15.9800	 506	 0.000 
15.9850	 487	 0.000 
15.9900	 504	 0.000 
15.9950	 494	 0.000 
16.0010	 487	 0.000 
16.0050	 510	 0.000 
16.0100	 490	 0.000 
16.0150	 501	 0.000 
16.0200	 494	 0.000 
16.0250	 488	 0.000 
16.0300	 505	 0.000 
16.0350	 488	 0.000 
16.0400	 502	 0.000 
16.0450	 498	 0.000 
16.0500	 488	 0.000 
16.0550	 509	 0.000 
16.0600	 487	 0.000 
16.0650	 495	 0.000 
16.0700	 492	 0.000 
16.0750	 486	 0.000 
16.0800	 505	 0.000 
16.0850	 481	 0.000 
16.0900	 498	 0.000 
16.0950	 493	 0.000 
16.1020	 487	 0.000 
16.1050	 508	 0.000 
16.1100	 486	 0.000 
16.1150	 500	 0.000 
16.1200	 498	 0.000 
16.1250	 487	 0.000 
16.1300	 501	 0.000 
16.1350	 482	 0.000 
16.1400	 500	 0.000 
16.1450	 496	 0.000 
16.1500	 487	 0.000 
16.1550	 504	 0.000 
16.1600	 488	 0.000 
16.1650	 499	 0.000 
16.1700	 495	 0.000 
16.1750	 490	 0.000 
16.1800	 507	 0.000 
16.1850	 483	 0.000 
16.1900	 497	 0.000 
16.1950	 492	 0.000 
16.2070	 498	 0.000 
16.2070	 502	 0.000 
16.2100	 490	 0.000 
16.2150	 503	 0.000 
16.2200	 499	 0.000 
16.2250	 489	 0.000 
16.2300	 504	 0.000 
16.2350	 488	 0.000 
16.2400	 504	 0.000 
16.2450	 502	 0.000 
16.2500	 495	 0.000 
16.2550	 510	 0.000 
16.2600	 485	 0.000 
16.2650	 499	 0.000 
16.2700	 500	 0.000 
16.2750	 492	 0.000 
16.2800	 507	 0.000 
16.2850	 483	 0.000 
16.2900	 499	 0.000 
16.2950	 495	 0.000 
16.3060	 508	 0.000 
16.3060	 507	 0.000 
16.3100	 485	 0.000 
16.3150	 503	 0.000 
16.3200	 497	 0.000 
16.3250	 487	 0.000 
16.3300	 509	 0.000 
16.3350	 481	 0.000 
16.3400	 500	 0.000 
16.3450	 494	 0.000 
16.3500	 483	 0.000 
16.3550	 508	 0.000 
16.3600	 484	 0.000 
16.3650	 502	 0.000 
16.3700	 494	 0.000 
16.3750	 483	 0.000 
16.3800	 503	 0.000 
16.3850	 480	 0.000 
16.3900	 502	 0.000 
16.3950	 491	 0.000 
16.4060	 503	 0.000 
16.4060	 498	 0.000 
16.4100	 486	 0.000 
16.4150	 501	 0.000 
16.4200	 495	 0.000 
16.4250	 489	 0.000 
16.4300	 501	 0.000 
16.4350	 488	 0.000 
16.4400	 495	 0.000 
16.4450	 490	 0.000 
16.4500	 488	 0.000 
16.4550	 506	 0.000 
16.4600	 484	 0.000 
16.4650	 500	 0.000 
16.4700	 494	 0.000 
16.4750	 489	 0.000 
16.4800	 504	 0.000 
16.4850	 484	 0.000 
16.4900	 495	 0.000 
16.4950	 491	 0.000 
16.5060	 498	 0.000 
16.5070	 500	 0.000 
16.5100	 483	 0.000 
16.5150	 500	 0.000 
16.5200	 493	 0.000 
16.5250	 489	 0.000 
16.5300	 505	 0.000 
16.5350	 486	 0.000 
16.5400	 500	 0.000 
16.5450	 495	 0.000 
16.5500	 485	 0.000 
16.5550	 501	 0.000 
16.5600	 484	 0.000 
16.5650	 493	 0.000 
16.5700	 486	 0.000 
16.5750	 485	 0.000 
16.5800	 506	 0.000 
16.5850	 485	 0.000 
16.5900	 499	 0.000 
16.5950	 494	 0.000 
16.6080	 492	 0.000 
16.6080	 488	 0.000 
16.6100	 482	 0.000 
16.6150	 500	 0.000 
16.6200	 489	 0.000 
16.6250	 485	 0.000 
16.6300	 499	 0.000 
16.6350	 478	 0.000 
16.6400	 494	 0.000 
16.6450	 488	 0.000 
16.6500	 482	 0.000 
16.6550	 505	 0.000 
16.6600	 480	 0.000 
16.6650	 497	 0.000 
16.6700	 494	 0.000 
16.6750	 489	 0.000 
16.6800	 498	 0.000 
16.6850	 478	 0.000 
16.6900	 496	 0.000 
16.6950	 490	 0.000 
16.7060	 504	 0.000 
16.7060	 506	 0.000 
16.7100	 486	 0.000 
16.7150	 500	 0.000 
16.7200	 495	 0.000 
16.7250	 488	 0.000 
16.7300	 503	 0.000 
16.7350	 479	 0.000 
16.7400	 501	 0.000 
16.7450	 495	 0.000 
16.7500	 489	 0.000 
16.7550	 503	 0.000 
16.7600	 479	 0.000 
16.7650	 497	 0.000 
16.7700	 496	 0.000 
16.7750	 488	 0.000 
16.7800	 508	 0.000 
16.7850	 481	 0.000 
16.7900	 504	 0.000 
16.7950	 496	 0.000 
16.8060	 506	 0.000 
16.8060	 508	 0.000 
16.8100	 487	 0.000 
16.8150	 503	 0.000 
16.8200	 491	 0.000 
16.8250	 491	 0.000 
16.8300	 502	 0.000 
16.8350	 484	 0.000 
16.8400	 500	 0.000 
16.8450	 495	 0.000 
16.8500	 486	 0.000 
16.8550	 499	 0.000 
16.8600	 480	 0.000 
16.8650	 498	 0.000 
16.8700	 490	 0.000 
16.8750	 488	 0.000 
16.8800	 501	 0.000 
16.8850	 485	 0.000 
16.8900	 499	 0.000 
16.8950	 487	 0.000 
16.9060	 505	 0.000 
16.9060	 504	 0.000 
16.9100	 484	 0.000 
16.9150	 500	 0.000 
16.9200	 489	 0.000 
16.9250	 486	 0.000 
16.9300	 504	 0.000 
16.9350	 481	 0.000 
16.9400	 497	 0.000 
16.9450	 485	 0.000 
16.9500	 485	 0.000 
16.9550	 504	 0.000 
16.9600	 475	 0.000 
16.9650	 492	 0.000 
16.9700	 484	 0.000 
16.9750	 481	 0.000 
16.9800	 501	 0.000 
16.9850	 475	 0.000 
16.9900	 497	 0.000 
16.9950	 483	 0.000 
17.0080	 488	 0.000 
17.0090	 481	 0.000 
17.0100	 479	 0.000 
17.0150	 493	 0.000 
17.0200	 489	 0.000 
17.0250	 488	 0.000 
17.0300	 502	 0.000 
17.0350	 482	 0.000 
17.0400	 501	 0.000 
17.0450	 490	 0.000 
17.0500	 489	 0.000 
17.0550	 504	 0.000 
17.0600	 476	 0.000 
17.0650	 500	 0.000 
17.0700	 485	 0.000 
17.0750	 488	 0.000 
17.0800	 504	 0.000 
17.0850	 484	 0.000 
17.0900	 502	 0.000 
17.0950	 494	 0.000 
17.1060	 504	 0.000 
17.1060	 504	 0.000 
17.1100	 481	 0.000 
17.1150	 503	 0.000 
17.1200	 494	 0.000 
17.1250	 489	 0.000 
17.1300	 503	 0.000 
17.1350	 483	 0.000 
17.1400	 501	 0.000 
17.1450	 491	 0.000 
17.1500	 487	 0.000 
17.1550	 499	 0.000 
17.1600	 476	 0.000 
17.1650	 499	 0.000 
17.1700	 488	 0.000 
17.1750	 489	 0.000 
17.1800	 503	 0.000 
17.1850	 481	 0.000 
17.1900	 500	 0.000 
17.1950	 492	 0.000 
17.2060	 498	 0.000 
17.2060	 502	 0.000 
17.2100	 482	 0.000 
17.2150	 499	 0.000 
17.2200	 488	 0.000 
17.2250	 486	 0.000 
17.2300	 500	 0.000 
17.2350	 480	 0.000 
17.2400	 500	 0.000 
17.2450	 487	 0.000 
17.2500	 485	 0.000 
17.2550	 501	 0.000 
17.2600	 479	 0.000 
17.2650	 499	 0.000 
17.2700	 488	 0.000 
17.2750	 486	 0.000 
17.2800	 497	 0.000 
17.2850	 475	 0.000 
17.2900	 493	 0.000 
17.2950	 488	 0.000 
17.3060	 502	 0.000 
17.3060	 499	 0.000 
17.3100	 475	 0.000 
17.3150	 491	 0.000 
17.3200	 480	 0.000 
17.3250	 481	 0.000 
17.3300	 496	 0.000 
17.3350	 473	 0.000 
17.3400	 496	 0.000 
17.3450	 488	 0.000 
17.3500	 484	 0.000 
17.3550	 495	 0.000 
17.3600	 474	 0.000 
17.3650	 496	 0.000 
17.3700	 488	 0.000 
17.3750	 484	 0.000 
17.3800	 500	 0.000 
17.3850	 478	 0.000 
17.3900	 498	 0.000 
17.3950	 481	 0.000 
17.4080	 491	 0.000 
17.4080	 490	 0.000 
17.4100	 475	 0.000 
17.4150	 493	 0.000 
17.4200	 483	 0.000 
17.4250	 479	 0.000 
17.4300	 491	 0.000 
17.4350	 468	 0.000 
17.4400	 487	 0.000 
17.4450	 475	 0.000 
17.4500	 475	 0.000 
17.4550	 494	 0.000 
17.4600	 468	 0.000 
17.4650	 492	 0.000 
17.4700	 475	 0.000 
17.4750	 474	 0.000 
17.4800	 491	 0.000 
17.4850	 465	 0.000 
17.4900	 488	 0.000 
17.4950	 480	 0.000 
17.5060	 490	 0.000 
17.5070	 487	 0.000 
17.5100	 470	 0.000 
17.5150	 490	 0.000 
17.5200	 477	 0.000 
17.5250	 479	 0.000 
17.5300	 489	 0.000 
17.5350	 470	 0.000 
17.5400	 492	 0.000 
17.5450	 480	 0.000 
17.5500	 480	 0.000 
17.5550	 493	 0.000 
17.5600	 472	 0.000 
17.5650	 491	 0.000 
17.5700	 479	 0.000 
17.5750	 478	 0.000 
17.5800	 490	 0.000 
17.5850	 475	 0.000 
17.5900	 494	 0.000 
17.5950	 482	 0.000 
17.6060	 495	 0.000 
17.6060	 493	 0.000 
17.6100	 473	 0.000 
17.6150	 495	 0.000 
17.6200	 483	 0.000 
17.6250	 482	 0.000 
17.6300	 496	 0.000 
17.6350	 476	 0.000 
17.6400	 495	 0.000 
17.6450	 479	 0.000 
17.6500	 479	 0.000 
17.6550	 495	 0.000 
17.6600	 469	 0.000 
17.6650	 488	 0.000 
17.6700	 476	 0.000 
17.6750	 475	 0.000 
17.6800	 496	 0.000 
17.6850	 472	 0.000 
17.6900	 493	 0.000 
17.6950	 473	 0.000 
17.7060	 495	 0.000 
17.7060	 496	 0.000 
17.7100	 472	 0.000 
17.7150	 490	 0.000 
17.7200	 478	 0.000 
17.7250	 480	 0.000 
17.7300	 490	 0.000 
17.7350	 465	 0.000 
17.7400	 494	 0.000 
17.7450	 480	 0.000 
17.7500	 472	 0.000 
17.7550	 492	 0.000 
17.7600	 466	 0.000 
17.7650	 486	 0.000 
17.7700	 476	 0.000 
17.7750	 480	 0.000 
17.7800	 492	 0.000 
17.7850	 468	 0.000 
17.7900	 488	 0.000 
17.7950	 478	 0.000 
17.8020	 468	 0.000 
17.8050	 494	 0.000 
17.8100	 468	 0.000 
17.8150	 491	 0.000 
17.8200	 478	 0.000 
17.8250	 478	 0.000 
17.8300	 487	 0.000 
17.8350	 467	 0.000 
17.8400	 487	 0.000 
17.8450	 475	 0.000 
17.8500	 480	 0.000 
17.8550	 491	 0.000 
17.8600	 464	 0.000 
17.8650	 490	 0.000 
17.8700	 478	 0.000 
17.8750	 479	 0.000 
17.8800	 491	 0.000 
17.8850	 470	 0.000 
17.8900	 491	 0.000 
17.8950	 475	 0.000 
17.9060	 491	 0.000 
17.9070	 491	 0.000 
17.9100	 469	 0.000 
17.9150	 489	 0.000 
17.9200	 475	 0.000 
17.9250	 475	 0.000 
17.9300	 483	 0.000 
17.9350	 462	 0.000 
17.9400	 485	 0.000 
17.9450	 469	 0.000 
17.9500	 473	 0.000 
17.9550	 486	 0.000 
17.9600	 462	 0.000 
17.9650	 488	 0.000 
17.9700	 474	 0.000 
17.9750	 478	 0.000 
17.9800	 484	 0.000 
17.9850	 461	 0.000 
17.9900	 490	 0.000 
17.9950	 475	 0.000 
18.0060	 492	 0.000 
18.0060	 491	 0.000 
18.0100	 461	 0.000 
18.0150	 487	 0.000 
18.0200	 473	 0.000 
18.0250	 476	 0.000 
18.0300	 488	 0.000 
18.0350	 461	 0.000 
18.0400	 488	 0.000 
18.0450	 470	 0.000 
18.0500	 473	 0.000 
18.0550	 484	 0.000 
18.0600	 464	 0.000 
18.0650	 488	 0.000 
18.0700	 472	 0.000 
18.0750	 473	 0.000 
18.0800	 483	 0.000 
18.0850	 459	 0.000 
18.0900	 488	 0.000 
18.0950	 471	 0.000 
18.1060	 492	 0.000 
18.1060	 491	 0.000 
18.1100	 463	 0.000 
18.1150	 487	 0.000 
18.1200	 465	 0.000 
18.1250	 469	 0.000 
18.1300	 487	 0.000 
18.1350	 460	 0.000 
18.1400	 488	 0.000 
18.1450	 468	 0.000 
18.1500	 475	 0.000 
18.1550	 480	 0.000 
18.1600	 459	 0.000 
18.1650	 483	 0.000 
18.1700	 466	 0.000 
18.1750	 471	 0.000 
18.1800	 481	 0.000 
18.1850	 463	 0.000 
18.1900	 488	 0.000 
18.1950	 470	 0.000 
18.2070	 487	 0.000 
18.2080	 487	 0.000 
18.2100	 459	 0.000 
18.2150	 484	 0.000 
18.2200	 467	 0.000 
18.2250	 471	 0.000 
18.2300	 485	 0.000 
18.2350	 463	 0.000 
18.2400	 487	 0.000 
18.2450	 474	 0.000 
18.2500	 471	 0.000 
18.2550	 481	 0.000 
18.2600	 466	 0.000 
18.2650	 487	 0.000 
18.2700	 472	 0.000 
18.2750	 478	 0.000 
18.2800	 487	 0.000 
18.2850	 463	 0.000 
18.2900	 487	 0.000 
18.2950	 471	 0.000 
18.3070	 483	 0.000 
18.3070	 488	 0.000 
18.3100	 468	 0.000 
18.3150	 490	 0.000 
18.3200	 472	 0.000 
18.3250	 471	 0.000 
18.3300	 482	 0.000 
18.3350	 464	 0.000 
18.3400	 485	 0.000 
18.3450	 470	 0.000 
18.3500	 479	 0.000 
18.3550	 487	 0.000 
18.3600	 464	 0.000 
18.3650	 490	 0.000 
18.3700	 476	 0.000 
18.3750	 475	 0.000 
18.3800	 487	 0.000 
18.3850	 468	 0.000 
18.3900	 490	 0.000 
18.3950	 475	 0.000 
18.4060	 494	 0.000 
18.4060	 494	 0.000 
18.4100	 469	 0.000 
18.4150	 489	 0.000 
18.4200	 478	 0.000 
18.4250	 475	 0.000 
18.4300	 486	 0.000 
18.4350	 473	 0.000 
18.4400	 493	 0.000 
18.4450	 477	 0.000 
18.4500	 481	 0.000 
18.4550	 493	 0.000 
18.4600	 475	 0.000 
18.4650	 495	 0.000 
18.4700	 480	 0.000 
18.4750	 485	 0.000 
18.4800	 495	 0.000 
18.4850	 472	 0.000 
18.4900	 500	 0.000 
18.4950	 479	 0.000 
18.5060	 498	 0.000 
18.5060	 497	 0.000 
18.5100	 478	 0.000 
18.5150	 502	 0.000 
18.5200	 488	 0.000 
18.5250	 493	 0.000 
18.5300	 496	 0.000 
18.5350	 487	 0.000 
18.5400	 503	 0.000 
18.5450	 492	 0.000 
18.5500	 493	 0.000 
18.5550	 500	 0.000 
18.5600	 484	 0.000 
18.5650	 505	 0.000 
18.5700	 489	 0.000 
18.5750	 496	 0.000 
18.5800	 506	 0.000 
18.5850	 487	 0.000 
18.5900	 507	 0.000 
18.5950	 493	 0.000 
18.6060	 507	 0.000 
18.6060	 504	 0.000 
18.6100	 487	 0.000 
18.6150	 509	 0.000 
18.6200	 487	 0.000 
18.6250	 491	 0.000 
18.6300	 499	 0.000 
18.6350	 479	 0.000 
18.6400	 503	 0.000 
18.6450	 484	 0.000 
18.6500	 490	 0.000 
18.6550	 498	 0.000 
18.6600	 470	 0.000 
18.6650	 496	 0.000 
18.6700	 480	 0.000 
18.6750	 484	 0.000 
18.6800	 489	 0.000 
18.6850	 472	 0.000 
18.6900	 495	 0.000 
18.6950	 475	 0.000 
18.7080	 481	 0.000 
18.7080	 483	 0.000 
18.7100	 464	 0.000 
18.7150	 492	 0.000 
18.7200	 471	 0.000 
18.7250	 477	 0.000 
18.7300	 486	 0.000 
18.7350	 463	 0.000 
18.7400	 487	 0.000 
18.7450	 467	 0.000 
18.7500	 471	 0.000 
18.7550	 483	 0.000 
18.7600	 461	 0.000 
18.7650	 487	 0.000 
18.7700	 467	 0.000 
18.7750	 473	 0.000 
18.7800	 481	 0.000 
18.7850	 467	 0.000 
18.7900	 489	 0.000 
18.7950	 472	 0.000 
18.8060	 492	 0.000 
18.8060	 493	 0.000 
18.8100	 468	 0.000 
18.8150	 488	 0.000 
18.8200	 471	 0.000 
18.8250	 480	 0.000 
18.8300	 488	 0.000 
18.8350	 469	 0.000 
18.8400	 491	 0.000 
18.8450	 471	 0.000 
18.8500	 479	 0.000 
18.8550	 483	 0.000 
18.8600	 467	 0.000 
18.8650	 489	 0.000 
18.8700	 475	 0.000 
18.8750	 482	 0.000 
18.8800	 493	 0.000 
18.8850	 467	 0.000 
18.8900	 496	 0.000 
18.8950	 475	 0.000 
18.9060	 493	 0.000 
18.9060	 488	 0.000 
18.9100	 471	 0.000 
18.9150	 495	 0.000 
18.9200	 474	 0.000 
18.9250	 479	 0.000 
18.9300	 488	 0.000 
18.9350	 467	 0.000 
18.9400	 487	 0.000 
18.9450	 472	 0.000 
18.9500	 478	 0.000 
18.9550	 480	 0.000 
18.9600	 462	 0.000 
18.9650	 486	 0.000 
18.9700	 468	 0.000 
18.9750	 479	 0.000 
18.9800	 485	 0.000 
18.9850	 466	 0.000 
18.9900	 487	 0.000 
18.9950	 466	 0.000 
19.0060	 492	 0.000 
19.0060	 491	 0.000 
19.0100	 467	 0.000 
19.0150	 491	 0.000 
19.0200	 471	 0.000 
19.0250	 473	 0.000 
19.0300	 482	 0.000 
19.0350	 469	 0.000 
19.0400	 488	 0.000 
19.0450	 475	 0.000 
19.0500	 479	 0.000 
19.0550	 488	 0.000 
19.0600	 466	 0.000 
19.0650	 492	 0.000 
19.0700	 476	 0.000 
19.0750	 487	 0.000 
19.0800	 491	 0.000 
19.0850	 470	 0.000 
19.0900	 491	 0.000 
19.0950	 474	 0.000 
19.1080	 494	 0.000 
19.1080	 491	 0.000 
19.1100	 472	 0.000 
19.1150	 500	 0.000 
19.1200	 473	 0.000 
19.1250	 480	 0.000 
19.1300	 492	 0.000 
19.1350	 476	 0.000 
19.1400	 495	 0.000 
19.1450	 478	 0.000 
19.1500	 487	 0.000 
19.1550	 490	 0.000 
19.1600	 474	 0.000 
19.1650	 490	 0.000 
19.1700	 469	 0.000 
19.1750	 482	 0.000 
19.1800	 492	 0.000 
19.1850	 472	 0.000 
19.1900	 494	 0.000 
19.1950	 472	 0.000 
19.2060	 488	 0.000 
19.2060	 494	 0.000 
19.2100	 468	 0.000 
19.2150	 487	 0.000 
19.2200	 467	 0.000 
19.2250	 479	 0.000 
19.2300	 481	 0.000 
19.2350	 468	 0.000 
19.2400	 492	 0.000 
19.2450	 471	 0.000 
19.2500	 479	 0.000 
19.2550	 479	 0.000 
19.2600	 464	 0.000 
19.2650	 486	 0.000 
19.2700	 474	 0.000 
19.2750	 477	 0.000 
19.2800	 483	 0.000 
19.2850	 472	 0.000 
19.2900	 488	 0.000 
19.2950	 470	 0.000 
19.3060	 495	 0.000 
19.3060	 491	 0.000 
19.3100	 472	 0.000 
19.3150	 495	 0.000 
19.3200	 478	 0.000 
19.3250	 485	 0.000 
19.3300	 487	 0.000 
19.3350	 478	 0.000 
19.3400	 492	 0.000 
19.3450	 480	 0.000 
19.3500	 488	 0.000 
19.3550	 487	 0.000 
19.3600	 476	 0.000 
19.3650	 500	 0.000 
19.3700	 483	 0.000 
19.3750	 487	 0.000 
19.3800	 492	 0.000 
19.3850	 480	 0.000 
19.3900	 504	 0.000 
19.3950	 477	 0.000 
19.4060	 500	 0.000 
19.4060	 502	 0.000 
19.4100	 479	 0.000 
19.4150	 502	 0.000 
19.4200	 479	 0.000 
19.4250	 487	 0.000 
19.4300	 492	 0.000 
19.4350	 476	 0.000 
19.4400	 502	 0.000 
19.4450	 482	 0.000 
19.4500	 487	 0.000 
19.4550	 490	 0.000 
19.4600	 480	 0.000 
19.4650	 503	 0.000 
19.4700	 479	 0.000 
19.4750	 491	 0.000 
19.4800	 495	 0.000 
19.4850	 480	 0.000 
19.4900	 501	 0.000 
19.4950	 474	 0.000 
19.5080	 491	 0.000 
19.5080	 491	 0.000 
19.5100	 475	 0.000 
19.5150	 495	 0.000 
19.5200	 471	 0.000 
19.5250	 481	 0.000 
19.5300	 485	 0.000 
19.5350	 469	 0.000 
19.5400	 492	 0.000 
19.5450	 472	 0.000 
19.5500	 487	 0.000 
19.5550	 486	 0.000 
19.5600	 474	 0.000 
19.5650	 494	 0.000 
19.5700	 473	 0.000 
19.5750	 488	 0.000 
19.5800	 490	 0.000 
19.5850	 476	 0.000 
19.5900	 500	 0.000 
19.5950	 480	 0.000 
19.6060	 496	 0.000 
19.6060	 498	 0.000 
19.6100	 479	 0.000 
19.6150	 498	 0.000 
19.6200	 480	 0.000 
19.6250	 487	 0.000 
19.6300	 489	 0.000 
19.6350	 474	 0.000 
19.6400	 494	 0.000 
19.6450	 479	 0.000 
19.6500	 487	 0.000 
19.6550	 491	 0.000 
19.6600	 475	 0.000 
19.6650	 501	 0.000 
19.6700	 482	 0.000 
19.6750	 492	 0.000 
19.6800	 489	 0.000 
19.6850	 481	 0.000 
19.6900	 502	 0.000 
19.6950	 479	 0.000 
19.7060	 496	 0.000 
19.7060	 500	 0.000 
19.7100	 475	 0.000 
19.7150	 497	 0.000 
19.7200	 475	 0.000 
19.7250	 487	 0.000 
19.7300	 496	 0.000 
19.7350	 480	 0.000 
19.7400	 495	 0.000 
19.7450	 475	 0.000 
19.7500	 484	 0.000 
19.7550	 486	 0.000 
19.7600	 474	 0.000 
19.7650	 496	 0.000 
19.7700	 474	 0.000 
19.7750	 484	 0.000 
19.7800	 491	 0.000 
19.7850	 479	 0.000 
19.7900	 495	 0.000 
19.7950	 474	 0.000 
19.8060	 492	 0.000 
19.8060	 497	 0.000 
19.8100	 478	 0.000 
19.8150	 501	 0.000 
19.8200	 479	 0.000 
19.8250	 490	 0.000 
19.8300	 492	 0.000 
19.8350	 478	 0.000 
19.8400	 499	 0.000 
19.8450	 478	 0.000 
19.8500	 489	 0.000 
19.8550	 491	 0.000 
19.8600	 479	 0.000 
19.8650	 499	 0.000 
19.8700	 475	 0.000 
19.8750	 491	 0.000 
19.8800	 487	 0.000 
19.8850	 476	 0.000 
19.8900	 499	 0.000 
19.8950	 482	 0.000 
19.9070	 499	 0.000 
19.9080	 498	 0.000 
19.9100	 483	 0.000 
19.9150	 504	 0.000 
19.9200	 484	 0.000 
19.9250	 496	 0.000 
19.9300	 498	 0.000 
19.9350	 488	 0.000 
19.9400	 506	 0.000 
19.9450	 485	 0.000 
19.9500	 495	 0.000 
19.9550	 504	 0.000 
19.9600	 493	 0.000 
19.9650	 507	 0.000 
19.9700	 494	 0.000 
19.9750	 506	 0.000 
19.9800	 505	 0.000 
19.9850	 493	 0.000 
19.9900	 514	 0.000 
19.9950	 498	 0.000 
