0.0050
0.0000	 484	 0.000 
0.0050	 487	 0.000 
0.0100	 492	 0.000 
0.0150	 481	 0.000 
0.0200	 495	 0.000 
0.0250	 483	 0.000 
0.0300	 487	 0.000 
0.0350	 492	 0.000 
0.0400	 480	 0.000 
0.0450	 495	 0.000 
0.0500	 482	 0.000 
0.0550	 487	 0.000 
0.0600	 491	 0.000 
0.0650	 479	 0.000 
0.0700	 494	 0.000 
0.0750	 483	 0.000 
0.0800	 486	 0.000 
0.0850	 491	 0.000 
0.0900	 479	 0.000 
0.0950	 493	 0.000 
0.1000	 482	 0.000 
0.1050	 486	 0.000 
0.1100	 491	 0.000 
0.1150	 479	 0.000 
0.1200	 494	 0.000 
0.1250	 482	 0.000 
0.1300	 486	 0.000 
0.1350	 491	 0.000 
0.1400	 479	 0.000 
0.1450	 494	 0.000 
0.1500	 482	 0.000 
0.1550	 486	 0.000 
0.1600	 491	 0.000 
0.1650	 479	 0.000 
0.1700	 494	 0.000 
0.1750	 482	 0.000 
0.1800	 486	 0.000 
0.1850	 491	 0.000 
0.1900	 479	 0.000 
0.1950	 494	 0.000 
0.2000	 482	 0.000 
0.2050	 486	 0.000 
0.2100	 492	 0.000 
0.2150	 480	 0.000 
0.2200	 496	 0.000 
0.2250	 482	 0.000 
0.2300	 487	 0.000 
0.2350	 492	 0.000 
0.2400	 479	 0.000 
0.2450	 494	 0.000 
0.2500	 483	 0.000 
0.2550	 486	 0.000 
0.2600	 492	 0.000 
0.2650	 479	 0.000 
0.2700	 494	 0.000 
0.2750	 483	 0.000 
0.2800	 486	 0.000 
0.2850	 492	 0.000 
0.2900	 480	 0.000 
0.2950	 494	 0.000 
0.3000	 482	 0.000 
0.3050	 486	 0.000 
0.3100	 491	 0.000 
0.3150	 479	 0.000 
0.3200	 494	 0.000 
0.3250	 482	 0.000 
0.3300	 485	 0.000 
0.3350	 491	 0.000 
0.3400	 479	 0.000 
0.3450	 494	 0.000 
0.3500	 482	 0.000 
0.3550	 486	 0.000 
0.3600	 491	 0.000 
0.3650	 480	 0.000 
0.3700	 494	 0.000 
0.3750	 482	 0.000 
0.3800	 486	 0.000 
0.3850	 492	 0.000 
0.3900	 479	 0.000 
0.3950	 494	 0.000 
0.4000	 483	 0.000 
0.4050	 487	 0.000 
0.4100	 493	 0.000 
0.4150	 480	 0.000 
0.4200	 494	 0.000 
0.4250	 484	 0.000 
0.4300	 487	 0.000 
0.4350	 493	 0.000 
0.4400	 481	 0.000 
0.4450	 495	 0.000 
0.4500	 484	 0.000 
0.4550	 487	 0.000 
0.4600	 493	 0.000 
0.4650	 481	 0.000 
0.4700	 495	 0.000 
0.4750	 484	 0.000 
0.4800	 487	 0.000 
0.4850	 493	 0.000 
0.4900	 481	 0.000 
0.4950	 495	 0.000 
0.5000	 484	 0.000 
0.5050	 487	 0.000 
0.5100	 493	 0.000 
0.5150	 481	 0.000 
0.5200	 495	 0.000 
0.5250	 484	 0.000 
0.5300	 487	 0.000 
0.5350	 493	 0.000 
0.5400	 481	 0.000 
0.5450	 495	 0.000 
0.5500	 484	 0.000 
0.5550	 487	 0.000 
0.5600	 492	 0.000 
0.5650	 480	 0.000 
0.5700	 495	 0.000 
0.5750	 484	 0.000 
0.5800	 487	 0.000 
0.5850	 493	 0.000 
0.5900	 480	 0.000 
0.5950	 495	 0.000 
0.6000	 484	 0.000 
0.6050	 486	 0.000 
0.6100	 493	 0.000 
0.6150	 480	 0.000 
0.6200	 495	 0.000 
0.6250	 484	 0.000 
0.6300	 487	 0.000 
0.6350	 494	 0.000 
0.6400	 480	 0.000 
0.6450	 495	 0.000 
0.6500	 485	 0.000 
0.6550	 487	 0.000 
0.6600	 493	 0.000 
0.6650	 481	 0.000 
0.6700	 494	 0.000 
0.6750	 484	 0.000 
0.6800	 487	 0.000 
0.6850	 493	 0.000 
0.6900	 481	 0.000 
0.6950	 495	 0.000 
0.7000	 485	 0.000 
0.7050	 487	 0.000 
0.7100	 493	 0.000 
0.7150	 481	 0.000 
0.7200	 495	 0.000 
0.7250	 484	 0.000 
0.7300	 486	 0.000 
0.7350	 493	 0.000 
0.7400	 480	 0.000 
0.7450	 495	 0.000 
0.7500	 484	 0.000 
0.7550	 486	 0.000 
0.7600	 493	 0.000 
0.7650	 481	 0.000 
0.7700	 495	 0.000 
0.7750	 485	 0.000 
0.7800	 487	 0.000 
0.7850	 493	 0.000 
0.7900	 480	 0.000 
0.7950	 494	 0.000 
0.8000	 485	 0.000 
0.8050	 487	 0.000 
0.8100	 493	 0.000 
0.8150	 480	 0.000 
0.8200	 494	 0.000 
0.8250	 485	 0.000 
0.8300	 487	 0.000 
0.8350	 494	 0.000 
0.8400	 481	 0.000 
0.8450	 496	 0.000 
0.8500	 485	 0.000 
0.8550	 487	 0.000 
0.8600	 494	 0.000 
0.8650	 481	 0.000 
0.8700	 495	 0.000 
0.8750	 485	 0.000 
0.8800	 487	 0.000 
0.8850	 494	 0.000 
0.8900	 481	 0.000 
0.8950	 495	 0.000 
0.9000	 485	 0.000 
0.9050	 487	 0.000 
0.9100	 494	 0.000 
0.9150	 480	 0.000 
0.9200	 494	 0.000 
0.9250	 485	 0.000 
0.9300	 486	 0.000 
0.9350	 493	 0.000 
0.9400	 481	 0.000 
0.9450	 495	 0.000 
0.9500	 484	 0.000 
0.9550	 486	 0.000 
0.9600	 493	 0.000 
0.9650	 479	 0.000 
0.9700	 494	 0.000 
0.9750	 483	 0.000 
0.9800	 485	 0.000 
0.9850	 493	 0.000 
0.9900	 479	 0.000 
0.9950	 493	 0.000 
1.0050	 482	 0.000 
1.0050	 483	 0.000 
1.0100	 493	 0.000 
1.0150	 479	 0.000 
1.0200	 494	 0.000 
1.0250	 485	 0.000 
1.0300	 487	 0.000 
1.0350	 496	 0.000 
1.0400	 482	 0.000 
1.0450	 496	 0.000 
1.0500	 487	 0.000 
1.0550	 489	 0.000 
1.0600	 498	 0.000 
1.0650	 487	 0.000 
1.0700	 504	 0.000 
1.0750	 497	 0.000 
1.0800	 496	 0.000 
1.0850	 499	 0.000 
1.0900	 481	 0.000 
1.0950	 481	 0.000 
1.1000	 456	 0.000 
1.1050	 435	 0.000 
1.1100	 421	 0.000 
1.1150	 403	 0.000 
1.1200	 400	 0.000 
1.1250	 392	 0.000 
1.1300	 389	 0.000 
1.1350	 391	 0.000 
1.1400	 385	 0.000 
1.1450	 390	 0.000 
1.1500	 386	 0.000 
1.1550	 386	 0.000 
1.1600	 392	 0.000 
1.1650	 393	 0.000 
1.1700	 416	 0.000 
1.1750	 435	 0.000 
1.1800	 462	 0.000 
1.1850	 490	 0.000 
1.1900	 487	 0.000 
1.1950	 506	 0.000 
1.2000	 501	 0.000 
1.2050	 504	 0.000 
1.2100	 514	 0.000 
1.2150	 497	 0.000 
1.2200	 505	 0.000 
1.2250	 481	 0.000 
1.2300	 458	 0.000 
1.2350	 437	 0.000 
1.2400	 410	 0.000 
1.2450	 409	 0.000 
1.2500	 398	 0.000 
1.2550	 394	 0.000 
1.2600	 397	 0.000 
1.2650	 387	 0.000 
1.2700	 393	 0.000 
1.2750	 391	 0.000 
1.2800	 398	 0.000 
1.2850	 421	 0.000 
1.2900	 431	 0.000 
1.2950	 461	 0.000 
1.3000	 464	 0.000 
1.3050	 472	 0.000 
1.3100	 485	 0.000 
1.3150	 476	 0.000 
1.3200	 495	 0.000 
1.3250	 486	 0.000 
1.3300	 479	 0.000 
1.3350	 463	 0.000 
1.3400	 427	 0.000 
1.3450	 413	 0.000 
1.3500	 398	 0.000 
1.3550	 392	 0.000 
1.3600	 392	 0.000 
1.3650	 385	 0.000 
1.3700	 389	 0.000 
1.3750	 386	 0.000 
1.3800	 387	 0.000 
1.3850	 402	 0.000 
1.3900	 416	 0.000 
1.3950	 455	 0.000 
1.4000	 475	 0.000 
1.4050	 487	 0.000 
1.4100	 503	 0.000 
1.4150	 493	 0.000 
1.4200	 510	 0.000 
1.4250	 500	 0.000 
1.4300	 495	 0.000 
1.4350	 490	 0.000 
1.4400	 451	 0.000 
1.4450	 433	 0.000 
1.4500	 411	 0.000 
1.4550	 402	 0.000 
1.4600	 402	 0.000 
1.4650	 390	 0.000 
1.4700	 395	 0.000 
1.4750	 389	 0.000 
1.4800	 389	 0.000 
1.4850	 402	 0.000 
1.4900	 408	 0.000 
1.4950	 442	 0.000 
1.5060	 464	 4.762 
1.5060	 461	 4.762 
1.5100	 482	 4.762 
1.5150	 472	 4.762 
1.5200	 491	 4.762 
1.5250	 488	 4.762 
1.5300	 484	 4.762 
1.5350	 480	 4.762 
1.5400	 444	 4.762 
1.5450	 425	 4.762 
1.5500	 404	 4.762 
1.5550	 394	 4.762 
1.5600	 394	 4.762 
1.5650	 386	 4.762 
1.5700	 389	 4.762 
1.5750	 386	 4.762 
1.5800	 386	 4.762 
1.5850	 397	 4.762 
1.5900	 408	 4.762 
1.5950	 443	 4.762 
1.6060	 482	 5.000 
1.6060	 480	 5.000 
1.6100	 502	 5.000 
1.6150	 492	 5.000 
1.6200	 509	 5.000 
1.6250	 502	 5.000 
1.6300	 497	 5.000 
1.6350	 495	 5.000 
1.6400	 457	 5.000 
1.6450	 438	 5.000 
1.6500	 414	 5.000 
1.6550	 403	 5.000 
1.6600	 402	 5.000 
1.6650	 390	 5.000 
1.6700	 395	 5.000 
1.6750	 389	 5.000 
1.6800	 388	 5.000 
1.6850	 401	 5.000 
1.6900	 407	 5.000 
1.6950	 439	 5.000 
1.7060	 462	 5.000 
1.7060	 461	 5.000 
1.7100	 480	 5.000 
1.7150	 471	 5.000 
1.7200	 490	 5.000 
1.7250	 488	 5.000 
1.7300	 483	 5.000 
1.7350	 481	 5.000 
1.7400	 444	 5.000 
1.7450	 424	 5.000 
1.7500	 404	 5.000 
1.7550	 394	 5.000 
1.7600	 394	 5.000 
1.7650	 386	 5.000 
1.7700	 389	 5.000 
1.7750	 386	 5.000 
1.7800	 386	 5.000 
1.7850	 399	 5.000 
1.7900	 408	 5.000 
1.7950	 445	 5.000 
1.8060	 483	 5.000 
1.8060	 482	 5.000 
1.8100	 502	 5.000 
1.8150	 493	 5.000 
1.8200	 508	 5.000 
1.8250	 502	 5.000 
1.8300	 496	 5.000 
1.8350	 493	 5.000 
1.8400	 454	 5.000 
1.8450	 435	 5.000 
1.8500	 413	 5.000 
1.8550	 400	 5.000 
1.8600	 402	 5.000 
1.8650	 389	 5.000 
1.8700	 393	 5.000 
1.8750	 388	 5.000 
1.8800	 386	 5.000 
1.8850	 400	 5.000 
1.8900	 405	 5.000 
1.8950	 438	 5.000 
1.9060	 460	 5.000 
1.9060	 460	 5.000 
1.9100	 480	 5.000 
1.9150	 469	 5.000 
1.9200	 488	 5.000 
1.9250	 487	 5.000 
1.9300	 482	 5.000 
1.9350	 479	 5.000 
1.9400	 443	 5.000 
1.9450	 423	 5.000 
1.9500	 404	 5.000 
1.9550	 394	 5.000 
1.9600	 394	 5.000 
1.9650	 386	 5.000 
1.9700	 389	 5.000 
1.9750	 387	 5.000 
1.9800	 386	 5.000 
1.9850	 398	 5.000 
1.9900	 409	 5.000 
1.9950	 445	 5.000 
2.0060	 481	 5.000 
2.0060	 485	 5.000 
2.0100	 502	 5.000 
2.0150	 492	 5.000 
2.0200	 508	 5.000 
2.0250	 503	 5.000 
2.0300	 497	 5.000 
2.0350	 495	 5.000 
2.0400	 456	 5.000 
2.0450	 436	 5.000 
2.0500	 413	 5.000 
2.0550	 401	 5.000 
2.0600	 402	 5.000 
2.0650	 390	 5.000 
2.0700	 394	 5.000 
2.0750	 389	 5.000 
2.0800	 388	 5.000 
2.0850	 402	 5.000 
2.0900	 407	 5.000 
2.0950	 440	 5.000 
2.1060	 461	 5.000 
2.1060	 460	 5.000 
2.1100	 483	 5.000 
2.1150	 472	 5.000 
2.1200	 490	 5.000 
2.1250	 490	 5.000 
2.1300	 483	 5.000 
2.1350	 481	 5.000 
2.1400	 444	 5.000 
2.1450	 423	 5.000 
2.1500	 404	 5.000 
2.1550	 394	 5.000 
2.1600	 394	 5.000 
2.1650	 386	 5.000 
2.1700	 389	 5.000 
2.1750	 386	 5.000 
2.1800	 386	 5.000 
2.1850	 398	 5.000 
2.1900	 409	 5.000 
2.1950	 445	 5.000 
2.2060	 482	 5.000 
2.2060	 487	 5.000 
2.2100	 502	 5.000 
2.2150	 491	 5.000 
2.2200	 508	 5.000 
2.2250	 503	 5.000 
2.2300	 495	 5.000 
2.2350	 493	 5.000 
2.2400	 454	 5.000 
2.2450	 433	 5.000 
2.2500	 412	 5.000 
2.2550	 399	 5.000 
2.2600	 401	 5.000 
2.2650	 389	 5.000 
2.2700	 393	 5.000 
2.2750	 388	 5.000 
2.2800	 386	 5.000 
2.2850	 401	 5.000 
2.2900	 406	 5.000 
2.2950	 438	 5.000 
2.3060	 460	 5.000 
2.3060	 461	 5.000 
2.3100	 481	 5.000 
2.3150	 470	 5.000 
2.3200	 488	 5.000 
2.3250	 489	 5.000 
2.3300	 482	 5.000 
2.3350	 480	 5.000 
2.3400	 444	 5.000 
2.3450	 423	 5.000 
2.3500	 405	 5.000 
2.3550	 394	 5.000 
2.3600	 394	 5.000 
2.3650	 387	 5.000 
2.3700	 389	 5.000 
2.3750	 387	 5.000 
2.3800	 386	 5.000 
2.3850	 399	 5.000 
2.3900	 409	 5.000 
2.3950	 444	 5.000 
2.4060	 483	 5.000 
2.4060	 482	 5.000 
2.4100	 503	 5.000 
2.4150	 494	 5.000 
2.4200	 508	 5.000 
2.4250	 504	 5.000 
2.4300	 496	 5.000 
2.4350	 496	 5.000 
2.4400	 457	 5.000 
2.4450	 435	 5.000 
2.4500	 414	 5.000 
2.4550	 401	 5.000 
2.4600	 403	 5.000 
2.4650	 390	 5.000 
2.4700	 394	 5.000 
2.4750	 390	 5.000 
2.4800	 387	 5.000 
2.4850	 401	 5.000 
2.4900	 406	 5.000 
2.4950	 438	 5.000 
2.5060	 461	 5.000 
2.5060	 461	 5.000 
2.5100	 482	 5.000 
2.5150	 470	 5.000 
2.5200	 488	 5.000 
2.5250	 489	 5.000 
2.5300	 482	 5.000 
2.5350	 482	 5.000 
2.5400	 445	 5.000 
2.5450	 424	 5.000 
2.5500	 405	 5.000 
2.5550	 394	 5.000 
2.5600	 395	 5.000 
2.5650	 386	 5.000 
2.5700	 389	 5.000 
2.5750	 387	 5.000 
2.5800	 386	 5.000 
2.5850	 398	 5.000 
2.5900	 408	 5.000 
2.5950	 442	 5.000 
2.6060	 482	 5.000 
2.6060	 482	 5.000 
2.6100	 503	 5.000 
2.6150	 492	 5.000 
2.6200	 506	 5.000 
2.6250	 503	 5.000 
2.6300	 494	 5.000 
2.6350	 495	 5.000 
2.6400	 456	 5.000 
2.6450	 435	 5.000 
2.6500	 414	 5.000 
2.6550	 399	 5.000 
2.6600	 402	 5.000 
2.6650	 389	 5.000 
2.6700	 392	 5.000 
2.6750	 389	 5.000 
2.6800	 385	 5.000 
2.6850	 400	 5.000 
2.6900	 404	 5.000 
2.6950	 436	 5.000 
2.7060	 459	 5.000 
2.7060	 458	 5.000 
2.7100	 480	 5.000 
2.7150	 470	 5.000 
2.7200	 486	 5.000 
2.7250	 489	 5.000 
2.7300	 482	 5.000 
2.7350	 481	 5.000 
2.7400	 444	 5.000 
2.7450	 422	 5.000 
2.7500	 405	 5.000 
2.7550	 393	 5.000 
2.7600	 395	 5.000 
2.7650	 386	 5.000 
2.7700	 388	 5.000 
2.7750	 387	 5.000 
2.7800	 386	 5.000 
2.7850	 397	 5.000 
2.7900	 408	 5.000 
2.7950	 444	 5.000 
2.8060	 482	 5.000 
2.8060	 480	 5.000 
2.8100	 502	 5.000 
2.8150	 495	 5.000 
2.8200	 508	 5.000 
2.8250	 505	 5.000 
2.8300	 494	 5.000 
2.8350	 495	 5.000 
2.8400	 456	 5.000 
2.8450	 435	 5.000 
2.8500	 414	 5.000 
2.8550	 400	 5.000 
2.8600	 402	 5.000 
2.8650	 389	 5.000 
2.8700	 393	 5.000 
2.8750	 389	 5.000 
2.8800	 385	 5.000 
2.8850	 400	 5.000 
2.8900	 406	 5.000 
2.8950	 436	 5.000 
2.9060	 457	 5.000 
2.9060	 460	 5.000 
2.9100	 480	 5.000 
2.9150	 469	 5.000 
2.9200	 485	 5.000 
2.9250	 488	 5.000 
2.9300	 480	 5.000 
2.9350	 481	 5.000 
2.9400	 443	 5.000 
2.9450	 422	 5.000 
2.9500	 405	 5.000 
2.9550	 393	 5.000 
2.9600	 394	 5.000 
2.9650	 386	 5.000 
2.9700	 388	 5.000 
2.9750	 387	 5.000 
2.9800	 385	 5.000 
2.9850	 398	 5.000 
2.9900	 408	 5.000 
2.9950	 442	 5.000 
3.0050	 480	 5.000 
3.0060	 481	 5.000 
3.0100	 503	 5.000 
3.0150	 493	 5.000 
3.0200	 505	 5.000 
3.0250	 502	 5.000 
3.0300	 493	 5.000 
3.0350	 495	 5.000 
3.0400	 456	 5.000 
3.0450	 434	 5.000 
3.0500	 414	 5.000 
3.0550	 399	 5.000 
3.0600	 402	 5.000 
3.0650	 390	 5.000 
3.0700	 392	 5.000 
3.0750	 390	 5.000 
3.0800	 384	 5.000 
3.0850	 400	 5.000 
3.0900	 406	 5.000 
3.0950	 436	 5.000 
3.1060	 458	 5.000 
3.1060	 459	 5.000 
3.1100	 482	 5.000 
3.1150	 471	 5.000 
3.1200	 487	 5.000 
3.1250	 490	 5.000 
3.1300	 482	 5.000 
3.1350	 482	 5.000 
3.1400	 446	 5.000 
3.1450	 423	 5.000 
3.1500	 405	 5.000 
3.1550	 394	 5.000 
3.1600	 395	 5.000 
3.1650	 386	 5.000 
3.1700	 389	 5.000 
3.1750	 387	 5.000 
3.1800	 385	 5.000 
3.1850	 398	 5.000 
3.1900	 409	 5.000 
3.1950	 442	 5.000 
3.2060	 483	 5.000 
3.2060	 483	 5.000 
3.2100	 502	 5.000 
3.2150	 493	 5.000 
3.2200	 506	 5.000 
3.2250	 505	 5.000 
3.2300	 494	 5.000 
3.2350	 495	 5.000 
3.2400	 456	 5.000 
3.2450	 433	 5.000 
3.2500	 414	 5.000 
3.2550	 399	 5.000 
3.2600	 401	 5.000 
3.2650	 389	 5.000 
3.2700	 392	 5.000 
3.2750	 390	 5.000 
3.2800	 385	 5.000 
3.2850	 400	 5.000 
3.2900	 406	 5.000 
3.2950	 434	 5.000 
3.3060	 459	 5.000 
3.3060	 459	 5.000 
3.3100	 481	 5.000 
3.3150	 469	 5.000 
3.3200	 484	 5.000 
3.3250	 490	 5.000 
3.3300	 481	 5.000 
3.3350	 481	 5.000 
3.3400	 444	 5.000 
3.3450	 422	 5.000 
3.3500	 405	 5.000 
3.3550	 393	 5.000 
3.3600	 394	 5.000 
3.3650	 387	 5.000 
3.3700	 388	 5.000 
3.3750	 387	 5.000 
3.3800	 385	 5.000 
3.3850	 398	 5.000 
3.3900	 408	 5.000 
3.3950	 442	 5.000 
3.4060	 482	 5.000 
3.4060	 483	 5.000 
3.4100	 502	 5.000 
3.4150	 494	 5.000 
3.4200	 507	 5.000 
3.4250	 506	 5.000 
3.4300	 494	 5.000 
3.4350	 495	 5.000 
3.4400	 457	 5.000 
3.4450	 435	 5.000 
3.4500	 416	 5.000 
3.4550	 400	 5.000 
3.4600	 402	 5.000 
3.4650	 391	 5.000 
3.4700	 392	 5.000 
3.4750	 391	 5.000 
3.4800	 385	 5.000 
3.4850	 400	 5.000 
3.4900	 406	 5.000 
3.4950	 434	 5.000 
3.5050	 457	 5.000 
3.5060	 459	 5.000 
3.5100	 481	 5.000 
3.5150	 471	 5.000 
3.5200	 485	 5.000 
3.5250	 491	 5.000 
3.5300	 480	 5.000 
3.5350	 482	 5.000 
3.5400	 446	 5.000 
3.5450	 423	 5.000 
3.5500	 406	 5.000 
3.5550	 393	 5.000 
3.5600	 393	 5.000 
3.5650	 387	 5.000 
3.5700	 388	 5.000 
3.5750	 387	 5.000 
3.5800	 385	 5.000 
3.5850	 397	 5.000 
3.5900	 407	 5.000 
3.5950	 440	 5.000 
3.6060	 480	 5.000 
3.6060	 480	 5.000 
3.6100	 502	 5.000 
3.6150	 495	 5.000 
3.6200	 504	 5.000 
3.6250	 505	 5.000 
3.6300	 493	 5.000 
3.6350	 495	 5.000 
3.6400	 458	 5.000 
3.6450	 435	 5.000 
3.6500	 416	 5.000 
3.6550	 399	 5.000 
3.6600	 402	 5.000 
3.6650	 390	 5.000 
3.6700	 391	 5.000 
3.6750	 390	 5.000 
3.6800	 385	 5.000 
3.6850	 399	 5.000 
3.6900	 405	 5.000 
3.6950	 433	 5.000 
3.7060	 457	 5.000 
3.7060	 456	 5.000 
3.7100	 480	 5.000 
3.7150	 471	 5.000 
3.7200	 485	 5.000 
3.7250	 491	 5.000 
3.7300	 480	 5.000 
3.7350	 482	 5.000 
3.7400	 446	 5.000 
3.7450	 423	 5.000 
3.7500	 407	 5.000 
3.7550	 393	 5.000 
3.7600	 394	 5.000 
3.7650	 387	 5.000 
3.7700	 388	 5.000 
3.7750	 388	 5.000 
3.7800	 385	 5.000 
3.7850	 397	 5.000 
3.7900	 408	 5.000 
3.7950	 439	 5.000 
3.8060	 481	 5.000 
3.8060	 480	 5.000 
3.8100	 502	 5.000 
3.8150	 494	 5.000 
3.8200	 503	 5.000 
3.8250	 505	 5.000 
3.8300	 493	 5.000 
3.8350	 495	 5.000 
3.8400	 459	 5.000 
3.8450	 435	 5.000 
3.8500	 416	 5.000 
3.8550	 400	 5.000 
3.8600	 403	 5.000 
3.8650	 390	 5.000 
3.8700	 391	 5.000 
3.8750	 391	 5.000 
3.8800	 385	 5.000 
3.8850	 400	 5.000 
3.8900	 406	 5.000 
3.8950	 432	 5.000 
3.9060	 457	 5.000 
3.9060	 459	 5.000 
3.9100	 481	 5.000 
3.9150	 471	 5.000 
3.9200	 483	 5.000 
3.9250	 491	 5.000 
3.9300	 481	 5.000 
3.9350	 483	 5.000 
3.9400	 448	 5.000 
3.9450	 424	 5.000 
3.9500	 408	 5.000 
3.9550	 393	 5.000 
3.9600	 395	 5.000 
3.9650	 388	 5.000 
3.9700	 388	 5.000 
3.9750	 388	 5.000 
3.9800	 385	 5.000 
3.9850	 396	 5.000 
3.9900	 406	 5.000 
3.9950	 437	 5.000 
4.0060	 481	 4.878 
4.0060	 481	 4.878 
4.0100	 503	 4.878 
4.0150	 495	 4.878 
4.0200	 503	 4.878 
4.0250	 506	 4.878 
4.0300	 492	 4.878 
4.0350	 497	 4.878 
4.0400	 461	 4.878 
4.0450	 436	 4.878 
4.0500	 417	 4.878 
4.0550	 399	 4.878 
4.0600	 402	 4.878 
4.0650	 390	 4.878 
4.0700	 390	 4.878 
4.0750	 391	 4.878 
4.0800	 383	 4.878 
4.0850	 398	 4.878 
4.0900	 404	 4.878 
4.0950	 431	 4.878 
4.1060	 456	 5.000 
4.1060	 456	 5.000 
4.1100	 479	 5.000 
4.1150	 469	 5.000 
4.1200	 482	 5.000 
4.1250	 491	 5.000 
4.1300	 480	 5.000 
4.1350	 483	 5.000 
4.1400	 450	 5.000 
4.1450	 425	 5.000 
4.1500	 408	 5.000 
4.1550	 393	 5.000 
4.1600	 395	 5.000 
4.1650	 387	 5.000 
4.1700	 388	 5.000 
4.1750	 389	 5.000 
4.1800	 384	 5.000 
4.1850	 395	 5.000 
4.1900	 406	 5.000 
4.1950	 435	 5.000 
4.2060	 479	 5.000 
4.2060	 481	 5.000 
4.2100	 501	 5.000 
4.2150	 495	 5.000 
4.2200	 503	 5.000 
4.2250	 506	 5.000 
4.2300	 493	 5.000 
4.2350	 498	 5.000 
4.2400	 462	 5.000 
4.2450	 436	 5.000 
4.2500	 418	 5.000 
4.2550	 400	 5.000 
4.2600	 403	 5.000 
4.2650	 391	 5.000 
4.2700	 391	 5.000 
4.2750	 392	 5.000 
4.2800	 385	 5.000 
4.2850	 398	 5.000 
4.2900	 404	 5.000 
4.2950	 429	 5.000 
4.3060	 457	 5.000 
4.3060	 458	 5.000 
4.3100	 479	 5.000 
4.3150	 472	 5.000 
4.3200	 483	 5.000 
4.3250	 492	 5.000 
4.3300	 481	 5.000 
4.3350	 484	 5.000 
4.3400	 452	 5.000 
4.3450	 427	 5.000 
4.3500	 409	 5.000 
4.3550	 394	 5.000 
4.3600	 395	 5.000 
4.3650	 388	 5.000 
4.3700	 388	 5.000 
4.3750	 388	 5.000 
4.3800	 385	 5.000 
4.3850	 396	 5.000 
4.3900	 405	 5.000 
4.3950	 436	 5.000 
4.4050	 479	 5.000 
4.4060	 479	 5.000 
4.4100	 501	 5.000 
4.4150	 495	 5.000 
4.4200	 502	 5.000 
4.4250	 508	 5.000 
4.4300	 493	 5.000 
4.4350	 498	 5.000 
4.4400	 464	 5.000 
4.4450	 438	 5.000 
4.4500	 419	 5.000 
4.4550	 400	 5.000 
4.4600	 402	 5.000 
4.4650	 391	 5.000 
4.4700	 391	 5.000 
4.4750	 392	 5.000 
4.4800	 384	 5.000 
4.4850	 398	 5.000 
4.4900	 404	 5.000 
4.4950	 429	 5.000 
4.5050	 457	 5.000 
4.5060	 459	 5.000 
4.5100	 479	 5.000 
4.5150	 472	 5.000 
4.5200	 483	 5.000 
4.5250	 493	 5.000 
4.5300	 481	 5.000 
4.5350	 484	 5.000 
4.5400	 452	 5.000 
4.5450	 426	 5.000 
4.5500	 410	 5.000 
4.5550	 394	 5.000 
4.5600	 395	 5.000 
4.5650	 388	 5.000 
4.5700	 388	 5.000 
4.5750	 389	 5.000 
4.5800	 384	 5.000 
4.5850	 396	 5.000 
4.5900	 406	 5.000 
4.5950	 434	 5.000 
4.6060	 479	 5.000 
4.6060	 478	 5.000 
4.6100	 501	 5.000 
4.6150	 494	 5.000 
4.6200	 500	 5.000 
4.6250	 508	 5.000 
4.6300	 492	 5.000 
4.6350	 497	 5.000 
4.6400	 462	 5.000 
4.6450	 437	 5.000 
4.6500	 420	 5.000 
4.6550	 400	 5.000 
4.6600	 402	 5.000 
4.6650	 391	 5.000 
4.6700	 391	 5.000 
4.6750	 392	 5.000 
4.6800	 384	 5.000 
4.6850	 398	 5.000 
4.6900	 404	 5.000 
4.6950	 428	 5.000 
4.7060	 455	 5.000 
4.7060	 454	 5.000 
4.7100	 479	 5.000 
4.7150	 472	 5.000 
4.7200	 481	 5.000 
4.7250	 492	 5.000 
4.7300	 480	 5.000 
4.7350	 484	 5.000 
4.7400	 452	 5.000 
4.7450	 426	 5.000 
4.7500	 409	 5.000 
4.7550	 394	 5.000 
4.7600	 394	 5.000 
4.7650	 388	 5.000 
4.7700	 388	 5.000 
4.7750	 389	 5.000 
4.7800	 384	 5.000 
4.7850	 395	 5.000 
4.7900	 406	 5.000 
4.7950	 433	 5.000 
4.8060	 477	 5.000 
4.8060	 479	 5.000 
4.8100	 501	 5.000 
4.8150	 495	 5.000 
4.8200	 501	 5.000 
4.8250	 508	 5.000 
4.8300	 492	 5.000 
4.8350	 498	 5.000 
4.8400	 465	 5.000 
4.8450	 438	 5.000 
4.8500	 420	 5.000 
4.8550	 400	 5.000 
4.8600	 402	 5.000 
4.8650	 392	 5.000 
4.8700	 390	 5.000 
4.8750	 392	 5.000 
4.8800	 384	 5.000 
4.8850	 397	 5.000 
4.8900	 403	 5.000 
4.8950	 427	 5.000 
4.9060	 456	 5.000 
4.9060	 457	 5.000 
4.9100	 478	 5.000 
4.9150	 472	 5.000 
4.9200	 481	 5.000 
4.9250	 494	 5.000 
4.9300	 481	 5.000 
4.9350	 485	 5.000 
4.9400	 455	 5.000 
4.9450	 428	 5.000 
4.9500	 411	 5.000 
4.9550	 394	 5.000 
4.9600	 395	 5.000 
4.9650	 388	 5.000 
4.9700	 387	 5.000 
4.9750	 389	 5.000 
4.9800	 384	 5.000 
4.9850	 394	 5.000 
4.9900	 403	 5.000 
4.9950	 431	 5.000 
5.0060	 479	 5.000 
5.0060	 477	 5.000 
5.0100	 501	 5.000 
5.0150	 495	 5.000 
5.0200	 500	 5.000 
5.0250	 509	 5.000 
5.0300	 493	 5.000 
5.0350	 499	 5.000 
5.0400	 467	 5.000 
5.0450	 440	 5.000 
5.0500	 422	 5.000 
5.0550	 401	 5.000 
5.0600	 402	 5.000 
5.0650	 392	 5.000 
5.0700	 391	 5.000 
5.0750	 393	 5.000 
5.0800	 384	 5.000 
5.0850	 396	 5.000 
5.0900	 402	 5.000 
5.0950	 424	 5.000 
5.1050	 455	 5.000 
5.1060	 457	 5.000 
5.1100	 477	 5.000 
5.1150	 472	 5.000 
5.1200	 479	 5.000 
5.1250	 494	 5.000 
5.1300	 482	 5.000 
5.1350	 487	 5.000 
5.1400	 459	 5.000 
5.1450	 431	 5.000 
5.1500	 413	 5.000 
5.1550	 395	 5.000 
5.1600	 396	 5.000 
5.1650	 389	 5.000 
5.1700	 388	 5.000 
5.1750	 389	 5.000 
5.1800	 384	 5.000 
5.1850	 393	 5.000 
5.1900	 401	 5.000 
5.1950	 425	 5.000 
5.2050	 475	 5.000 
5.2060	 476	 5.000 
5.2100	 498	 5.000 
5.2150	 495	 5.000 
5.2200	 500	 5.000 
5.2250	 510	 5.000 
5.2300	 494	 5.000 
5.2350	 501	 5.000 
5.2400	 473	 5.000 
5.2450	 445	 5.000 
5.2500	 425	 5.000 
5.2550	 403	 5.000 
5.2600	 403	 5.000 
5.2650	 393	 5.000 
5.2700	 390	 5.000 
5.2750	 393	 5.000 
5.2800	 383	 5.000 
5.2850	 394	 5.000 
5.2900	 399	 5.000 
5.2950	 419	 5.000 
5.3050	 450	 5.000 
5.3060	 454	 5.000 
5.3100	 474	 5.000 
5.3150	 471	 5.000 
5.3200	 478	 5.000 
5.3250	 493	 5.000 
5.3300	 481	 5.000 
5.3350	 488	 5.000 
5.3400	 462	 5.000 
5.3450	 435	 5.000 
5.3500	 415	 5.000 
5.3550	 397	 5.000 
5.3600	 396	 5.000 
5.3650	 389	 5.000 
5.3700	 388	 5.000 
5.3750	 389	 5.000 
5.3800	 383	 5.000 
5.3850	 392	 5.000 
5.3900	 400	 5.000 
5.3950	 422	 5.000 
5.4050	 472	 5.000 
5.4060	 475	 5.000 
5.4100	 497	 5.000 
5.4150	 495	 5.000 
5.4200	 498	 5.000 
5.4250	 510	 5.000 
5.4300	 494	 5.000 
5.4350	 501	 5.000 
5.4400	 474	 5.000 
5.4450	 447	 5.000 
5.4500	 427	 5.000 
5.4550	 403	 5.000 
5.4600	 404	 5.000 
5.4650	 394	 5.000 
5.4700	 391	 5.000 
5.4750	 394	 5.000 
5.4800	 384	 5.000 
5.4850	 394	 5.000 
5.4900	 399	 5.000 
5.4950	 417	 5.000 
5.5050	 451	 4.878 
5.5060	 452	 4.878 
5.5100	 475	 4.878 
5.5150	 472	 4.878 
5.5200	 477	 4.878 
5.5250	 493	 4.878 
5.5300	 482	 4.878 
5.5350	 489	 4.878 
5.5400	 465	 4.878 
5.5450	 438	 4.878 
5.5500	 418	 4.878 
5.5550	 398	 4.878 
5.5600	 396	 4.878 
5.5650	 390	 4.878 
5.5700	 388	 4.878 
5.5750	 390	 4.878 
5.5800	 384	 4.878 
5.5850	 391	 4.878 
5.5900	 398	 4.878 
5.5950	 419	 4.878 
5.6060	 472	 5.000 
5.6060	 473	 5.000 
5.6100	 495	 5.000 
5.6150	 495	 5.000 
5.6200	 499	 5.000 
5.6250	 509	 5.000 
5.6300	 494	 5.000 
5.6350	 502	 5.000 
5.6400	 477	 5.000 
5.6450	 450	 5.000 
5.6500	 428	 5.000 
5.6550	 403	 5.000 
5.6600	 403	 5.000 
5.6650	 394	 5.000 
5.6700	 390	 5.000 
5.6750	 394	 5.000 
5.6800	 382	 5.000 
5.6850	 392	 5.000 
5.6900	 396	 5.000 
5.6950	 413	 5.000 
5.7050	 448	 5.000 
5.7060	 450	 5.000 
5.7100	 471	 5.000 
5.7150	 472	 5.000 
5.7200	 475	 5.000 
5.7250	 491	 5.000 
5.7300	 481	 5.000 
5.7350	 489	 5.000 
5.7400	 468	 5.000 
5.7450	 441	 5.000 
5.7500	 421	 5.000 
5.7550	 399	 5.000 
5.7600	 396	 5.000 
5.7650	 390	 5.000 
5.7700	 388	 5.000 
5.7750	 390	 5.000 
5.7800	 383	 5.000 
5.7850	 391	 5.000 
5.7900	 395	 5.000 
5.7950	 414	 5.000 
5.8050	 468	 5.000 
5.8060	 470	 5.000 
5.8100	 494	 5.000 
5.8150	 495	 5.000 
5.8200	 498	 5.000 
5.8250	 510	 5.000 
5.8300	 494	 5.000 
5.8350	 503	 5.000 
5.8400	 481	 5.000 
5.8450	 455	 5.000 
5.8500	 434	 5.000 
5.8550	 407	 5.000 
5.8600	 405	 5.000 
5.8650	 396	 5.000 
5.8700	 392	 5.000 
5.8750	 395	 5.000 
5.8800	 385	 5.000 
5.8850	 393	 5.000 
5.8900	 397	 5.000 
5.8950	 412	 5.000 
5.9050	 449	 5.000 
5.9060	 448	 5.000 
5.9100	 473	 5.000 
5.9150	 473	 5.000 
5.9200	 477	 5.000 
5.9250	 493	 5.000 
5.9300	 484	 5.000 
5.9350	 492	 5.000 
5.9400	 474	 5.000 
5.9450	 447	 5.000 
5.9500	 425	 5.000 
5.9550	 401	 5.000 
5.9600	 398	 5.000 
5.9650	 391	 5.000 
5.9700	 388	 5.000 
5.9750	 391	 5.000 
5.9800	 384	 5.000 
5.9850	 390	 5.000 
5.9900	 394	 5.000 
5.9950	 411	 5.000 
6.0050	 464	 4.878 
6.0060	 467	 4.878 
6.0100	 492	 4.878 
6.0150	 494	 4.878 
6.0200	 497	 4.878 
6.0250	 510	 4.878 
6.0300	 496	 4.878 
6.0350	 505	 4.878 
6.0400	 486	 4.878 
6.0450	 460	 4.878 
6.0500	 439	 4.878 
6.0550	 409	 4.878 
6.0600	 407	 4.878 
6.0650	 396	 4.878 
6.0700	 392	 4.878 
6.0750	 396	 4.878 
6.0800	 384	 4.878 
6.0850	 392	 4.878 
6.0900	 394	 4.878 
6.0950	 407	 4.878 
6.1050	 445	 5.000 
6.1060	 449	 5.000 
6.1100	 470	 5.000 
6.1150	 472	 5.000 
6.1200	 475	 5.000 
6.1250	 491	 5.000 
6.1300	 483	 5.000 
6.1350	 493	 5.000 
6.1400	 477	 5.000 
6.1450	 451	 5.000 
6.1500	 429	 5.000 
6.1550	 404	 5.000 
6.1600	 400	 5.000 
6.1650	 392	 5.000 
6.1700	 389	 5.000 
6.1750	 391	 5.000 
6.1800	 385	 5.000 
6.1850	 389	 5.000 
6.1900	 393	 5.000 
6.1950	 407	 5.000 
6.2050	 460	 5.000 
6.2060	 465	 5.000 
6.2100	 490	 5.000 
6.2150	 494	 5.000 
6.2200	 497	 5.000 
6.2250	 511	 5.000 
6.2300	 496	 5.000 
6.2350	 506	 5.000 
6.2400	 490	 5.000 
6.2450	 466	 5.000 
6.2500	 444	 5.000 
6.2550	 412	 5.000 
6.2600	 409	 5.000 
6.2650	 399	 5.000 
6.2700	 394	 5.000 
6.2750	 397	 5.000 
6.2800	 386	 5.000 
6.2850	 393	 5.000 
6.2900	 394	 5.000 
6.2950	 406	 5.000 
6.3050	 444	 5.000 
6.3060	 449	 5.000 
6.3100	 470	 5.000 
6.3150	 473	 5.000 
6.3200	 475	 5.000 
6.3250	 491	 5.000 
6.3300	 483	 5.000 
6.3350	 494	 5.000 
6.3400	 479	 5.000 
6.3450	 455	 5.000 
6.3500	 432	 5.000 
6.3550	 405	 5.000 
6.3600	 400	 5.000 
6.3650	 392	 5.000 
6.3700	 389	 5.000 
6.3750	 391	 5.000 
6.3800	 384	 5.000 
6.3850	 389	 5.000 
6.3900	 392	 5.000 
6.3950	 405	 5.000 
6.4050	 458	 5.000 
6.4060	 462	 5.000 
6.4100	 488	 5.000 
6.4150	 494	 5.000 
6.4200	 497	 5.000 
6.4250	 511	 5.000 
6.4300	 498	 5.000 
6.4350	 508	 5.000 
6.4400	 494	 5.000 
6.4450	 470	 5.000 
6.4500	 449	 5.000 
6.4550	 416	 5.000 
6.4600	 411	 5.000 
6.4650	 401	 5.000 
6.4700	 396	 5.000 
6.4750	 399	 5.000 
6.4800	 389	 5.000 
6.4850	 394	 5.000 
6.4900	 396	 5.000 
6.4950	 406	 5.000 
6.5050	 445	 4.878 
6.5060	 448	 4.878 
6.5100	 471	 4.878 
6.5150	 475	 4.878 
6.5200	 477	 4.878 
6.5250	 493	 4.878 
6.5300	 485	 4.878 
6.5350	 496	 4.878 
6.5400	 484	 4.878 
6.5450	 462	 4.878 
6.5500	 440	 4.878 
6.5550	 410	 4.878 
6.5600	 403	 4.878 
6.5650	 394	 4.878 
6.5700	 390	 4.878 
6.5750	 392	 4.878 
6.5800	 385	 4.878 
6.5850	 389	 4.878 
6.5900	 390	 4.878 
6.5950	 400	 4.878 
6.6050	 452	 5.000 
6.6060	 455	 5.000 
6.6100	 484	 5.000 
6.6150	 492	 5.000 
6.6200	 496	 5.000 
6.6250	 511	 5.000 
6.6300	 499	 5.000 
6.6350	 510	 5.000 
6.6400	 499	 5.000 
6.6450	 478	 5.000 
6.6500	 459	 5.000 
6.6550	 422	 5.000 
6.6600	 414	 5.000 
6.6650	 404	 5.000 
6.6700	 397	 5.000 
6.6750	 400	 5.000 
6.6800	 388	 5.000 
6.6850	 394	 5.000 
6.6900	 394	 5.000 
6.6950	 399	 5.000 
6.7050	 441	 5.000 
6.7060	 443	 5.000 
6.7100	 465	 5.000 
6.7150	 472	 5.000 
6.7200	 475	 5.000 
6.7250	 489	 5.000 
6.7300	 482	 5.000 
6.7350	 496	 5.000 
6.7400	 486	 5.000 
6.7450	 468	 5.000 
6.7500	 447	 5.000 
6.7550	 414	 5.000 
6.7600	 405	 5.000 
6.7650	 396	 5.000 
6.7700	 390	 5.000 
6.7750	 393	 5.000 
6.7800	 386	 5.000 
6.7850	 389	 5.000 
6.7900	 390	 5.000 
6.7950	 397	 5.000 
6.8050	 448	 4.878 
6.8060	 448	 4.878 
6.8100	 481	 4.878 
6.8150	 491	 4.878 
6.8200	 496	 4.878 
6.8250	 510	 4.878 
6.8300	 498	 4.878 
6.8350	 509	 4.878 
6.8400	 500	 4.878 
6.8450	 481	 4.878 
6.8500	 463	 4.878 
6.8550	 425	 4.878 
6.8600	 415	 4.878 
6.8650	 404	 4.878 
6.8700	 396	 4.878 
6.8750	 399	 4.878 
6.8800	 388	 4.878 
6.8850	 393	 4.878 
6.8900	 392	 4.878 
6.8950	 397	 4.878 
6.9050	 436	 5.000 
6.9060	 437	 5.000 
6.9100	 462	 5.000 
6.9150	 470	 5.000 
6.9200	 471	 5.000 
6.9250	 488	 5.000 
6.9300	 480	 5.000 
6.9350	 495	 5.000 
6.9400	 487	 5.000 
6.9450	 471	 5.000 
6.9500	 452	 5.000 
6.9550	 417	 5.000 
6.9600	 406	 5.000 
6.9650	 396	 5.000 
6.9700	 390	 5.000 
6.9750	 392	 5.000 
6.9800	 385	 5.000 
6.9850	 388	 5.000 
6.9900	 388	 5.000 
6.9950	 392	 5.000 
7.0050	 440	 5.000 
7.0060	 440	 5.000 
7.0100	 475	 5.000 
7.0150	 488	 5.000 
7.0200	 492	 5.000 
7.0250	 508	 5.000 
7.0300	 497	 5.000 
7.0350	 509	 5.000 
7.0400	 501	 5.000 
7.0450	 484	 5.000 
7.0500	 471	 5.000 
7.0550	 429	 5.000 
7.0600	 418	 5.000 
7.0650	 405	 5.000 
7.0700	 396	 5.000 
7.0750	 400	 5.000 
7.0800	 389	 5.000 
7.0850	 393	 5.000 
7.0900	 392	 5.000 
7.0950	 394	 5.000 
7.1060	 432	 5.000 
7.1060	 432	 5.000 
7.1100	 457	 5.000 
7.1150	 468	 5.000 
7.1200	 471	 5.000 
7.1250	 487	 5.000 
7.1300	 479	 5.000 
7.1350	 495	 5.000 
7.1400	 490	 5.000 
7.1450	 476	 5.000 
7.1500	 460	 5.000 
7.1550	 423	 5.000 
7.1600	 409	 5.000 
7.1650	 398	 5.000 
7.1700	 391	 5.000 
7.1750	 393	 5.000 
7.1800	 385	 5.000 
7.1850	 389	 5.000 
7.1900	 388	 5.000 
7.1950	 391	 5.000 
7.2050	 430	 5.000 
7.2060	 434	 5.000 
7.2100	 468	 5.000 
7.2150	 486	 5.000 
7.2200	 490	 5.000 
7.2250	 507	 5.000 
7.2300	 496	 5.000 
7.2350	 508	 5.000 
7.2400	 502	 5.000 
7.2450	 487	 5.000 
7.2500	 477	 5.000 
7.2550	 436	 5.000 
7.2600	 420	 5.000 
7.2650	 407	 5.000 
7.2700	 396	 5.000 
7.2750	 400	 5.000 
7.2800	 388	 5.000 
7.2850	 392	 5.000 
7.2900	 390	 5.000 
7.2950	 390	 5.000 
7.3050	 422	 5.000 
7.3060	 424	 5.000 
7.3100	 451	 5.000 
7.3150	 464	 5.000 
7.3200	 467	 5.000 
7.3250	 485	 5.000 
7.3300	 476	 5.000 
7.3350	 492	 5.000 
7.3400	 491	 5.000 
7.3450	 479	 5.000 
7.3500	 469	 5.000 
7.3550	 430	 5.000 
7.3600	 413	 5.000 
7.3650	 400	 5.000 
7.3700	 391	 5.000 
7.3750	 393	 5.000 
7.3800	 386	 5.000 
7.3850	 389	 5.000 
7.3900	 388	 5.000 
7.3950	 387	 5.000 
7.4050	 421	 5.000 
7.4060	 424	 5.000 
7.4100	 458	 5.000 
7.4150	 481	 5.000 
7.4200	 488	 5.000 
7.4250	 507	 5.000 
7.4300	 496	 5.000 
7.4350	 507	 5.000 
7.4400	 505	 5.000 
7.4450	 492	 5.000 
7.4500	 487	 5.000 
7.4550	 445	 5.000 
7.4600	 426	 5.000 
7.4650	 411	 5.000 
7.4700	 398	 5.000 
7.4750	 401	 5.000 
7.4800	 390	 5.000 
7.4850	 392	 5.000 
7.4900	 391	 5.000 
7.4950	 388	 5.000 
7.5050	 414	 5.000 
7.5060	 419	 5.000 
7.5100	 445	 5.000 
7.5150	 461	 5.000 
7.5200	 464	 5.000 
7.5250	 482	 5.000 
7.5300	 474	 5.000 
7.5350	 490	 5.000 
7.5400	 491	 5.000 
7.5450	 481	 5.000 
7.5500	 475	 5.000 
7.5550	 437	 5.000 
7.5600	 417	 5.000 
7.5650	 403	 5.000 
7.5700	 392	 5.000 
7.5750	 394	 5.000 
7.5800	 386	 5.000 
7.5850	 388	 5.000 
7.5900	 388	 5.000 
7.5950	 386	 5.000 
7.6050	 417	 5.000 
7.6060	 421	 5.000 
7.6100	 451	 5.000 
7.6150	 477	 5.000 
7.6200	 485	 5.000 
7.6250	 504	 5.000 
7.6300	 494	 5.000 
7.6350	 507	 5.000 
7.6400	 504	 5.000 
7.6450	 492	 5.000 
7.6500	 489	 5.000 
7.6550	 450	 5.000 
7.6600	 429	 5.000 
7.6650	 412	 5.000 
7.6700	 398	 5.000 
7.6750	 402	 5.000 
7.6800	 390	 5.000 
7.6850	 393	 5.000 
7.6900	 390	 5.000 
7.6950	 387	 5.000 
7.7060	 417	 4.878 
7.7060	 417	 4.878 
7.7100	 440	 4.878 
7.7150	 458	 4.878 
7.7200	 462	 4.878 
7.7250	 483	 4.878 
7.7300	 474	 4.878 
7.7350	 488	 4.878 
7.7400	 492	 4.878 
7.7450	 482	 4.878 
7.7500	 480	 4.878 
7.7550	 443	 4.878 
7.7600	 421	 4.878 
7.7650	 405	 4.878 
7.7700	 393	 4.878 
7.7750	 395	 4.878 
7.7800	 387	 4.878 
7.7850	 389	 4.878 
7.7900	 388	 4.878 
7.7950	 386	 4.878 
7.8050	 412	 5.000 
7.8060	 411	 5.000 
7.8100	 445	 5.000 
7.8150	 473	 5.000 
7.8200	 482	 5.000 
7.8250	 504	 5.000 
7.8300	 495	 5.000 
7.8350	 506	 5.000 
7.8400	 506	 5.000 
7.8450	 495	 5.000 
7.8500	 494	 5.000 
7.8550	 457	 5.000 
7.8600	 435	 5.000 
7.8650	 416	 5.000 
7.8700	 400	 5.000 
7.8750	 403	 5.000 
7.8800	 390	 5.000 
7.8850	 392	 5.000 
7.8900	 390	 5.000 
7.8950	 385	 5.000 
7.9050	 407	 5.000 
7.9060	 407	 5.000 
7.9100	 435	 5.000 
7.9150	 453	 5.000 
7.9200	 459	 5.000 
7.9250	 481	 5.000 
7.9300	 471	 5.000 
7.9350	 485	 5.000 
7.9400	 491	 5.000 
7.9450	 482	 5.000 
7.9500	 485	 5.000 
7.9550	 450	 5.000 
7.9600	 427	 5.000 
7.9650	 408	 5.000 
7.9700	 394	 5.000 
7.9750	 396	 5.000 
7.9800	 387	 5.000 
7.9850	 389	 5.000 
7.9900	 387	 5.000 
7.9950	 385	 5.000 
