0.0050
0.0000	 411	 0.000 
0.0050	 413	 0.000 
0.0100	 406	 0.000 
0.0150	 415	 0.000 
0.0200	 407	 0.000 
0.0250	 411	 0.000 
0.0300	 413	 0.000 
0.0350	 406	 0.000 
0.0400	 416	 0.000 
0.0450	 408	 0.000 
0.0500	 410	 0.000 
0.0550	 413	 0.000 
0.0600	 407	 0.000 
0.0650	 415	 0.000 
0.0700	 408	 0.000 
0.0750	 412	 0.000 
0.0800	 414	 0.000 
0.0850	 407	 0.000 
0.0900	 415	 0.000 
0.0950	 408	 0.000 
0.1000	 412	 0.000 
0.1050	 413	 0.000 
0.1100	 407	 0.000 
0.1150	 415	 0.000 
0.1200	 408	 0.000 
0.1250	 411	 0.000 
0.1300	 413	 0.000 
0.1350	 407	 0.000 
0.1400	 416	 0.000 
0.1450	 408	 0.000 
0.1500	 410	 0.000 
0.1550	 413	 0.000 
0.1600	 407	 0.000 
0.1650	 416	 0.000 
0.1700	 408	 0.000 
0.1750	 411	 0.000 
0.1800	 414	 0.000 
0.1850	 406	 0.000 
0.1900	 416	 0.000 
0.1950	 408	 0.000 
0.2000	 412	 0.000 
0.2050	 413	 0.000 
0.2100	 407	 0.000 
0.2150	 416	 0.000 
0.2200	 408	 0.000 
0.2250	 411	 0.000 
0.2300	 413	 0.000 
0.2350	 407	 0.000 
0.2400	 415	 0.000 
0.2450	 408	 0.000 
0.2500	 411	 0.000 
0.2550	 414	 0.000 
0.2600	 407	 0.000 
0.2650	 416	 0.000 
0.2700	 408	 0.000 
0.2750	 411	 0.000 
0.2800	 414	 0.000 
0.2850	 407	 0.000 
0.2900	 416	 0.000 
0.2950	 409	 0.000 
0.3000	 412	 0.000 
0.3050	 414	 0.000 
0.3100	 408	 0.000 
0.3150	 416	 0.000 
0.3200	 409	 0.000 
0.3250	 412	 0.000 
0.3300	 414	 0.000 
0.3350	 408	 0.000 
0.3400	 416	 0.000 
0.3450	 409	 0.000 
0.3500	 412	 0.000 
0.3550	 414	 0.000 
0.3600	 408	 0.000 
0.3650	 417	 0.000 
0.3700	 409	 0.000 
0.3750	 411	 0.000 
0.3800	 415	 0.000 
0.3850	 408	 0.000 
0.3900	 416	 0.000 
0.3950	 409	 0.000 
0.4000	 412	 0.000 
0.4050	 415	 0.000 
0.4100	 408	 0.000 
0.4150	 417	 0.000 
0.4200	 410	 0.000 
0.4250	 412	 0.000 
0.4300	 415	 0.000 
0.4350	 408	 0.000 
0.4400	 417	 0.000 
0.4450	 410	 0.000 
0.4500	 412	 0.000 
0.4550	 415	 0.000 
0.4600	 409	 0.000 
0.4650	 417	 0.000 
0.4700	 410	 0.000 
0.4750	 412	 0.000 
0.4800	 416	 0.000 
0.4850	 408	 0.000 
0.4900	 417	 0.000 
0.4950	 410	 0.000 
0.5000	 410	 0.000 
0.5050	 415	 0.000 
0.5100	 408	 0.000 
0.5150	 417	 0.000 
0.5200	 410	 0.000 
0.5250	 412	 0.000 
0.5300	 416	 0.000 
0.5350	 409	 0.000 
0.5400	 417	 0.000 
0.5450	 410	 0.000 
0.5500	 412	 0.000 
0.5550	 416	 0.000 
0.5600	 408	 0.000 
0.5650	 417	 0.000 
0.5700	 410	 0.000 
0.5750	 413	 0.000 
0.5800	 415	 0.000 
0.5850	 408	 0.000 
0.5900	 417	 0.000 
0.5950	 410	 0.000 
0.6000	 413	 0.000 
0.6050	 416	 0.000 
0.6100	 409	 0.000 
0.6150	 417	 0.000 
0.6200	 411	 0.000 
0.6250	 412	 0.000 
0.6300	 416	 0.000 
0.6350	 408	 0.000 
0.6400	 417	 0.000 
0.6450	 410	 0.000 
0.6500	 412	 0.000 
0.6550	 415	 0.000 
0.6600	 408	 0.000 
0.6650	 417	 0.000 
0.6700	 410	 0.000 
0.6750	 412	 0.000 
0.6800	 416	 0.000 
0.6850	 408	 0.000 
0.6900	 417	 0.000 
0.6950	 410	 0.000 
0.7000	 413	 0.000 
0.7050	 415	 0.000 
0.7100	 408	 0.000 
0.7150	 417	 0.000 
0.7200	 410	 0.000 
0.7250	 412	 0.000 
0.7300	 415	 0.000 
0.7350	 408	 0.000 
0.7400	 417	 0.000 
0.7450	 410	 0.000 
0.7500	 412	 0.000 
0.7550	 415	 0.000 
0.7600	 408	 0.000 
0.7650	 417	 0.000 
0.7700	 411	 0.000 
0.7750	 412	 0.000 
0.7800	 416	 0.000 
0.7850	 409	 0.000 
0.7900	 417	 0.000 
0.7950	 410	 0.000 
0.8000	 412	 0.000 
0.8050	 416	 0.000 
0.8100	 408	 0.000 
0.8150	 417	 0.000 
0.8200	 411	 0.000 
0.8250	 412	 0.000 
0.8300	 416	 0.000 
0.8350	 408	 0.000 
0.8400	 417	 0.000 
0.8450	 410	 0.000 
0.8500	 413	 0.000 
0.8550	 416	 0.000 
0.8600	 408	 0.000 
0.8650	 417	 0.000 
0.8700	 411	 0.000 
0.8750	 412	 0.000 
0.8800	 416	 0.000 
0.8850	 408	 0.000 
0.8900	 417	 0.000 
0.8950	 410	 0.000 
0.9000	 412	 0.000 
0.9050	 416	 0.000 
0.9100	 408	 0.000 
0.9150	 416	 0.000 
0.9200	 410	 0.000 
0.9250	 411	 0.000 
0.9300	 416	 0.000 
0.9350	 407	 0.000 
0.9400	 417	 0.000 
0.9450	 411	 0.000 
0.9500	 411	 0.000 
0.9550	 416	 0.000 
0.9600	 408	 0.000 
0.9650	 417	 0.000 
0.9700	 410	 0.000 
0.9750	 412	 0.000 
0.9800	 416	 0.000 
0.9850	 408	 0.000 
0.9900	 416	 0.000 
0.9950	 410	 0.000 
1.0050	 416	 0.000 
1.0050	 417	 0.000 
1.0100	 408	 0.000 
1.0150	 417	 0.000 
1.0200	 409	 0.000 
1.0250	 409	 0.000 
1.0300	 410	 0.000 
1.0350	 400	 0.000 
1.0400	 406	 0.000 
1.0450	 399	 0.000 
1.0500	 398	 0.000 
1.0550	 401	 0.000 
1.0600	 392	 0.000 
1.0650	 399	 0.000 
1.0700	 393	 0.000 
1.0750	 393	 0.000 
1.0800	 396	 0.000 
1.0850	 388	 0.000 
1.0900	 396	 0.000 
1.0950	 390	 0.000 
1.1000	 391	 0.000 
1.1050	 393	 0.000 
1.1100	 386	 0.000 
1.1150	 394	 0.000 
1.1200	 389	 0.000 
1.1250	 393	 0.000 
1.1300	 402	 0.000 
1.1350	 402	 0.000 
1.1400	 425	 0.000 
1.1450	 434	 0.000 
1.1500	 450	 0.000 
1.1550	 468	 0.000 
1.1600	 465	 0.000 
1.1650	 484	 0.000 
1.1700	 478	 0.000 
1.1750	 482	 0.000 
1.1800	 491	 0.000 
1.1850	 482	 0.000 
1.1900	 500	 0.000 
1.1950	 492	 0.000 
1.2000	 491	 0.000 
1.2050	 490	 0.000 
1.2100	 468	 0.000 
1.2150	 455	 0.000 
1.2200	 427	 0.000 
1.2250	 411	 0.000 
1.2300	 404	 0.000 
1.2350	 392	 0.000 
1.2400	 394	 0.000 
1.2450	 388	 0.000 
1.2500	 388	 0.000 
1.2550	 390	 0.000 
1.2600	 384	 0.000 
1.2650	 390	 0.000 
1.2700	 389	 0.000 
1.2750	 399	 0.000 
1.2800	 419	 0.000 
1.2850	 436	 0.000 
1.2900	 474	 0.000 
1.2950	 483	 0.000 
1.3000	 495	 0.000 
1.3050	 507	 0.000 
1.3100	 498	 0.000 
1.3150	 515	 0.000 
1.3200	 505	 0.000 
1.3250	 505	 0.000 
1.3300	 506	 0.000 
1.3350	 479	 0.000 
1.3400	 469	 0.000 
1.3450	 435	 0.000 
1.3500	 418	 0.000 
1.3550	 412	 0.000 
1.3600	 397	 0.000 
1.3650	 403	 0.000 
1.3700	 395	 0.000 
1.3750	 393	 0.000 
1.3800	 396	 0.000 
1.3850	 388	 0.000 
1.3900	 400	 0.000 
1.3950	 405	 0.000 
1.4000	 424	 0.000 
1.4050	 451	 0.000 
1.4100	 456	 0.000 
1.4150	 478	 0.000 
1.4200	 475	 0.000 
1.4250	 481	 0.000 
1.4300	 492	 0.000 
1.4350	 485	 0.000 
1.4400	 499	 0.000 
1.4450	 485	 0.000 
1.4500	 473	 0.000 
1.4550	 453	 0.000 
1.4600	 420	 0.000 
1.4650	 410	 0.000 
1.4700	 396	 0.000 
1.4750	 392	 0.000 
1.4800	 393	 0.000 
1.4850	 386	 0.000 
1.4900	 390	 0.000 
1.4950	 386	 0.000 
1.5060	 400	 4.167 
1.5060	 403	 4.167 
1.5100	 409	 4.167 
1.5150	 444	 4.167 
1.5200	 466	 4.167 
1.5250	 485	 4.167 
1.5300	 501	 4.167 
1.5350	 494	 4.167 
1.5400	 512	 4.167 
1.5450	 505	 4.167 
1.5500	 506	 4.167 
1.5550	 508	 4.167 
1.5600	 483	 4.167 
1.5650	 473	 4.167 
1.5700	 437	 4.167 
1.5750	 418	 4.167 
1.5800	 413	 4.167 
1.5850	 398	 4.167 
1.5900	 402	 4.167 
1.5950	 394	 4.167 
1.6050	 395	 4.444 
1.6060	 396	 4.444 
1.6100	 389	 4.444 
1.6150	 403	 4.444 
1.6200	 413	 4.444 
1.6250	 435	 4.444 
1.6300	 461	 4.444 
1.6350	 461	 4.444 
1.6400	 482	 4.444 
1.6450	 478	 4.444 
1.6500	 484	 4.444 
1.6550	 497	 4.444 
1.6600	 487	 4.444 
1.6650	 493	 4.444 
1.6700	 473	 4.444 
1.6750	 450	 4.444 
1.6800	 427	 4.444 
1.6850	 404	 4.444 
1.6900	 400	 4.444 
1.6950	 392	 4.444 
1.7060	 390	 4.545 
1.7060	 392	 4.545 
1.7100	 385	 4.545 
1.7150	 390	 4.545 
1.7200	 388	 4.545 
1.7250	 397	 4.545 
1.7300	 419	 4.545 
1.7350	 439	 4.545 
1.7400	 477	 4.545 
1.7450	 486	 4.545 
1.7500	 497	 4.545 
1.7550	 509	 4.545 
1.7600	 498	 4.545 
1.7650	 514	 4.545 
1.7700	 503	 4.545 
1.7750	 498	 4.545 
1.7800	 491	 4.545 
1.7850	 454	 4.545 
1.7900	 437	 4.545 
1.7950	 414	 4.545 
1.8050	 404	 4.545 
1.8060	 406	 4.545 
1.8100	 394	 4.545 
1.8150	 399	 4.545 
1.8200	 392	 4.545 
1.8250	 391	 4.545 
1.8300	 399	 4.545 
1.8350	 400	 4.545 
1.8400	 427	 4.545 
1.8450	 443	 4.545 
1.8500	 459	 4.545 
1.8550	 478	 4.545 
1.8600	 471	 4.545 
1.8650	 488	 4.545 
1.8700	 485	 4.545 
1.8750	 491	 4.545 
1.8800	 498	 4.545 
1.8850	 478	 4.545 
1.8900	 470	 4.545 
1.8950	 437	 4.545 
1.9050	 403	 4.651 
1.9060	 406	 4.651 
1.9100	 393	 4.651 
1.9150	 394	 4.651 
1.9200	 389	 4.651 
1.9250	 387	 4.651 
1.9300	 390	 4.651 
1.9350	 384	 4.651 
1.9400	 395	 4.651 
1.9450	 404	 4.651 
1.9500	 427	 4.651 
1.9550	 464	 4.651 
1.9600	 476	 4.651 
1.9650	 499	 4.651 
1.9700	 498	 4.651 
1.9750	 502	 4.651 
1.9800	 513	 4.651 
1.9850	 499	 4.651 
1.9900	 510	 4.651 
1.9950	 490	 4.651 
2.0060	 446	 4.651 
2.0060	 448	 4.651 
2.0100	 417	 4.651 
2.0150	 413	 4.651 
2.0200	 402	 4.651 
2.0250	 397	 4.651 
2.0300	 401	 4.651 
2.0350	 389	 4.651 
2.0400	 396	 4.651 
2.0450	 392	 4.651 
2.0500	 398	 4.651 
2.0550	 419	 4.651 
2.0600	 430	 4.651 
2.0650	 460	 4.651 
2.0700	 466	 4.651 
2.0750	 475	 4.651 
2.0800	 486	 4.651 
2.0850	 479	 4.651 
2.0900	 496	 4.651 
2.0950	 491	 4.651 
2.1050	 477	 4.651 
2.1060	 477	 4.651 
2.1100	 445	 4.651 
2.1150	 427	 4.651 
2.1200	 406	 4.651 
2.1250	 397	 4.651 
2.1300	 395	 4.651 
2.1350	 387	 4.651 
2.1400	 391	 4.651 
2.1450	 387	 4.651 
2.1500	 386	 4.651 
2.1550	 392	 4.651 
2.1600	 396	 4.651 
2.1650	 421	 4.651 
2.1700	 445	 4.651 
2.1750	 473	 4.651 
2.1800	 495	 4.651 
2.1850	 490	 4.651 
2.1900	 508	 4.651 
2.1950	 503	 4.651 
2.2050	 512	 4.545 
2.2060	 512	 4.545 
2.2100	 490	 4.545 
2.2150	 487	 4.545 
2.2200	 453	 4.545 
2.2250	 426	 4.545 
2.2300	 418	 4.545 
2.2350	 399	 4.545 
2.2400	 403	 4.545 
2.2450	 395	 4.545 
2.2500	 392	 4.545 
2.2550	 396	 4.545 
2.2600	 387	 4.545 
2.2650	 398	 4.545 
2.2700	 405	 4.545 
2.2750	 423	 4.545 
2.2800	 453	 4.545 
2.2850	 455	 4.545 
2.2900	 477	 4.545 
2.2950	 477	 4.545 
2.3050	 494	 4.651 
2.3060	 493	 4.651 
2.3100	 486	 4.651 
2.3150	 495	 4.651 
2.3200	 479	 4.651 
2.3250	 458	 4.651 
2.3300	 437	 4.651 
2.3350	 409	 4.651 
2.3400	 403	 4.651 
2.3450	 394	 4.651 
2.3500	 390	 4.651 
2.3550	 392	 4.651 
2.3600	 385	 4.651 
2.3650	 389	 4.651 
2.3700	 387	 4.651 
2.3750	 392	 4.651 
2.3800	 413	 4.651 
2.3850	 430	 4.651 
2.3900	 467	 4.651 
2.3950	 483	 4.651 
2.4050	 506	 4.651 
2.4060	 511	 4.651 
2.4100	 496	 4.651 
2.4150	 513	 4.651 
2.4200	 504	 4.651 
2.4250	 500	 4.651 
2.4300	 496	 4.651 
2.4350	 460	 4.651 
2.4400	 443	 4.651 
2.4450	 418	 4.651 
2.4500	 407	 4.651 
2.4550	 406	 4.651 
2.4600	 393	 4.651 
2.4650	 399	 4.651 
2.4700	 392	 4.651 
2.4750	 391	 4.651 
2.4800	 398	 4.651 
2.4850	 395	 4.651 
2.4900	 421	 4.651 
2.4950	 438	 4.651 
2.5060	 475	 4.651 
2.5060	 478	 4.651 
2.5100	 470	 4.651 
2.5150	 486	 4.651 
2.5200	 484	 4.651 
2.5250	 488	 4.651 
2.5300	 499	 4.651 
2.5350	 480	 4.651 
2.5400	 475	 4.651 
2.5450	 445	 4.651 
2.5500	 419	 4.651 
2.5550	 407	 4.651 
2.5600	 393	 4.651 
2.5650	 394	 4.651 
2.5700	 389	 4.651 
2.5750	 387	 4.651 
2.5800	 390	 4.651 
2.5850	 384	 4.651 
2.5900	 392	 4.651 
2.5950	 399	 4.651 
2.6050	 458	 4.651 
2.6060	 458	 4.651 
2.6100	 471	 4.651 
2.6150	 495	 4.651 
2.6200	 497	 4.651 
2.6250	 499	 4.651 
2.6300	 512	 4.651 
2.6350	 499	 4.651 
2.6400	 511	 4.651 
2.6450	 495	 4.651 
2.6500	 475	 4.651 
2.6550	 456	 4.651 
2.6600	 421	 4.651 
2.6650	 415	 4.651 
2.6700	 403	 4.651 
2.6750	 397	 4.651 
2.6800	 400	 4.651 
2.6850	 390	 4.651 
2.6900	 394	 4.651 
2.6950	 391	 4.651 
2.7060	 415	 4.545 
2.7060	 417	 4.545 
2.7100	 422	 4.545 
2.7150	 453	 4.545 
2.7200	 462	 4.545 
2.7250	 469	 4.545 
2.7300	 485	 4.545 
2.7350	 477	 4.545 
2.7400	 493	 4.545 
2.7450	 491	 4.545 
2.7500	 488	 4.545 
2.7550	 486	 4.545 
2.7600	 453	 4.545 
2.7650	 434	 4.545 
2.7700	 411	 4.545 
2.7750	 399	 4.545 
2.7800	 397	 4.545 
2.7850	 388	 4.545 
2.7900	 391	 4.545 
2.7950	 387	 4.545 
2.8050	 390	 4.545 
2.8060	 389	 4.545 
2.8100	 391	 4.545 
2.8150	 411	 4.545 
2.8200	 434	 4.545 
2.8250	 461	 4.545 
2.8300	 490	 4.545 
2.8350	 487	 4.545 
2.8400	 505	 4.545 
2.8450	 502	 4.545 
2.8500	 502	 4.545 
2.8550	 513	 4.545 
2.8600	 494	 4.545 
2.8650	 494	 4.545 
2.8700	 464	 4.545 
2.8750	 434	 4.545 
2.8800	 422	 4.545 
2.8850	 402	 4.545 
2.8900	 404	 4.545 
2.8950	 398	 4.545 
2.9050	 396	 4.651 
2.9060	 396	 4.651 
2.9100	 387	 4.651 
2.9150	 396	 4.651 
2.9200	 400	 4.651 
2.9250	 413	 4.651 
2.9300	 445	 4.651 
2.9350	 450	 4.651 
2.9400	 473	 4.651 
2.9450	 476	 4.651 
2.9500	 478	 4.651 
2.9550	 492	 4.651 
2.9600	 484	 4.651 
2.9650	 496	 4.651 
2.9700	 485	 4.651 
2.9750	 468	 4.651 
2.9800	 449	 4.651 
2.9850	 415	 4.651 
2.9900	 406	 4.651 
2.9950	 396	 4.651 
3.0050	 392	 4.651 
3.0060	 394	 4.651 
3.0100	 385	 4.651 
3.0150	 389	 4.651 
3.0200	 387	 4.651 
3.0250	 389	 4.651 
3.0300	 404	 4.651 
3.0350	 419	 4.651 
3.0400	 455	 4.651 
3.0450	 477	 4.651 
3.0500	 488	 4.651 
3.0550	 505	 4.651 
3.0600	 495	 4.651 
3.0650	 510	 4.651 
3.0700	 504	 4.651 
3.0750	 499	 4.651 
3.0800	 503	 4.651 
3.0850	 469	 4.651 
3.0900	 451	 4.651 
3.0950	 426	 4.651 
3.1050	 405	 4.545 
3.1060	 407	 4.545 
3.1100	 394	 4.545 
3.1150	 398	 4.545 
3.1200	 393	 4.545 
3.1250	 389	 4.545 
3.1300	 396	 4.545 
3.1350	 392	 4.545 
3.1400	 412	 4.545 
3.1450	 430	 4.545 
3.1500	 448	 4.545 
3.1550	 473	 4.545 
3.1600	 467	 4.545 
3.1650	 485	 4.545 
3.1700	 484	 4.545 
3.1750	 486	 4.545 
3.1800	 500	 4.545 
3.1850	 482	 4.545 
3.1900	 482	 4.545 
3.1950	 457	 4.545 
3.2050	 410	 4.545 
3.2060	 410	 4.545 
3.2100	 396	 4.545 
3.2150	 395	 4.545 
3.2200	 391	 4.545 
3.2250	 387	 4.545 
3.2300	 390	 4.545 
3.2350	 384	 4.545 
3.2400	 390	 4.545 
3.2450	 396	 4.545 
3.2500	 410	 4.545 
3.2550	 443	 4.545 
3.2600	 462	 4.545 
3.2650	 490	 4.545 
3.2700	 495	 4.545 
3.2750	 497	 4.545 
3.2800	 512	 4.545 
3.2850	 499	 4.545 
3.2900	 510	 4.545 
3.2950	 499	 4.545 
3.3050	 462	 4.545 
3.3060	 462	 4.545 
3.3100	 428	 4.545 
3.3150	 418	 4.545 
3.3200	 407	 4.545 
3.3250	 398	 4.545 
3.3300	 401	 4.545 
3.3350	 390	 4.545 
3.3400	 394	 4.545 
3.3450	 392	 4.545 
3.3500	 391	 4.545 
3.3550	 408	 4.545 
3.3600	 415	 4.545 
3.3650	 446	 4.545 
3.3700	 459	 4.545 
3.3750	 467	 4.545 
3.3800	 485	 4.545 
3.3850	 475	 4.545 
3.3900	 490	 4.545 
3.3950	 493	 4.545 
3.4050	 488	 4.651 
3.4060	 489	 4.651 
3.4100	 463	 4.651 
3.4150	 444	 4.651 
3.4200	 418	 4.651 
3.4250	 401	 4.651 
3.4300	 399	 4.651 
3.4350	 389	 4.651 
3.4400	 391	 4.651 
3.4450	 388	 4.651 
3.4500	 385	 4.651 
3.4550	 390	 4.651 
3.4600	 388	 4.651 
3.4650	 403	 4.651 
3.4700	 425	 4.651 
3.4750	 452	 4.651 
3.4800	 486	 4.651 
3.4850	 485	 4.651 
3.4900	 502	 4.651 
3.4950	 503	 4.651 
3.5060	 512	 4.651 
3.5060	 516	 4.651 
3.5100	 497	 4.651 
3.5150	 498	 4.651 
3.5200	 475	 4.651 
3.5250	 444	 4.651 
3.5300	 429	 4.651 
3.5350	 406	 4.651 
3.5400	 405	 4.651 
3.5450	 398	 4.651 
3.5500	 392	 4.651 
3.5550	 397	 4.651 
3.5600	 387	 4.651 
3.5650	 392	 4.651 
3.5700	 395	 4.651 
3.5750	 403	 4.651 
3.5800	 433	 4.651 
3.5850	 441	 4.651 
3.5900	 464	 4.651 
3.5950	 470	 4.651 
3.6050	 486	 4.545 
3.6060	 488	 4.545 
3.6100	 479	 4.545 
3.6150	 494	 4.545 
3.6200	 489	 4.545 
3.6250	 474	 4.545 
3.6300	 461	 4.545 
3.6350	 426	 4.545 
3.6400	 411	 4.545 
3.6450	 399	 4.545 
3.6500	 390	 4.545 
3.6550	 393	 4.545 
3.6600	 386	 4.545 
3.6650	 388	 4.545 
3.6700	 387	 4.545 
3.6750	 385	 4.545 
3.6800	 397	 4.545 
3.6850	 406	 4.545 
3.6900	 437	 4.545 
3.6950	 464	 4.545 
3.7050	 499	 4.545 
3.7060	 504	 4.545 
3.7100	 493	 4.545 
3.7150	 506	 4.545 
3.7200	 505	 4.545 
3.7250	 499	 4.545 
3.7300	 507	 4.545 
3.7350	 481	 4.545 
3.7400	 466	 4.545 
3.7450	 436	 4.545 
3.7500	 413	 4.545 
3.7550	 411	 4.545 
3.7600	 396	 4.545 
3.7650	 398	 4.545 
3.7700	 394	 4.545 
3.7750	 388	 4.545 
3.7800	 395	 4.545 
3.7850	 388	 4.545 
3.7900	 402	 4.545 
3.7950	 417	 4.545 
3.8050	 464	 4.545 
3.8060	 463	 4.545 
3.8100	 461	 4.545 
3.8150	 480	 4.545 
3.8200	 481	 4.545 
3.8250	 480	 4.545 
3.8300	 498	 4.545 
3.8350	 486	 4.545 
3.8400	 488	 4.545 
3.8450	 471	 4.545 
3.8500	 441	 4.545 
3.8550	 422	 4.545 
3.8600	 401	 4.545 
3.8650	 397	 4.545 
3.8700	 392	 4.545 
3.8750	 388	 4.545 
3.8800	 391	 4.545 
3.8850	 384	 4.545 
3.8900	 388	 4.545 
3.8950	 389	 4.545 
3.9050	 426	 4.651 
3.9060	 428	 4.651 
3.9100	 445	 4.651 
3.9150	 478	 4.651 
3.9200	 490	 4.651 
3.9250	 492	 4.651 
3.9300	 508	 4.651 
3.9350	 497	 4.651 
3.9400	 508	 4.651 
3.9450	 503	 4.651 
3.9500	 489	 4.651 
3.9550	 482	 4.651 
3.9600	 442	 4.651 
3.9650	 425	 4.651 
3.9700	 410	 4.651 
3.9750	 398	 4.651 
3.9800	 402	 4.651 
3.9850	 390	 4.651 
3.9900	 393	 4.651 
3.9950	 390	 4.651 
4.0060	 399	 4.651 
4.0060	 398	 4.651 
4.0100	 401	 4.651 
4.0150	 429	 4.651 
4.0200	 448	 4.651 
4.0250	 456	 4.651 
4.0300	 478	 4.651 
4.0350	 471	 4.651 
4.0400	 483	 4.651 
4.0450	 487	 4.651 
4.0500	 486	 4.651 
4.0550	 495	 4.651 
4.0600	 474	 4.651 
4.0650	 458	 4.651 
4.0700	 430	 4.651 
4.0750	 407	 4.651 
4.0800	 402	 4.651 
4.0850	 390	 4.651 
4.0900	 391	 4.651 
4.0950	 389	 4.651 
4.1050	 387	 4.545 
4.1060	 390	 4.545 
4.1100	 385	 4.545 
4.1150	 395	 4.545 
4.1200	 411	 4.545 
4.1250	 433	 4.545 
4.1300	 472	 4.545 
4.1350	 479	 4.545 
4.1400	 497	 4.545 
4.1450	 501	 4.545 
4.1500	 499	 4.545 
4.1550	 514	 4.545 
4.1600	 498	 4.545 
4.1650	 502	 4.545 
4.1700	 488	 4.545 
4.1750	 457	 4.545 
4.1800	 441	 4.545 
4.1850	 411	 4.545 
4.1900	 407	 4.545 
4.1950	 401	 4.545 
4.2050	 396	 4.545 
4.2060	 396	 4.545 
4.2100	 387	 4.545 
4.2150	 392	 4.545 
4.2200	 394	 4.545 
4.2250	 397	 4.545 
4.2300	 423	 4.545 
4.2350	 434	 4.545 
4.2400	 459	 4.545 
4.2450	 470	 4.545 
4.2500	 470	 4.545 
4.2550	 487	 4.545 
4.2600	 479	 4.545 
4.2650	 493	 4.545 
4.2700	 493	 4.545 
4.2750	 479	 4.545 
4.2800	 474	 4.545 
4.2850	 438	 4.545 
4.2900	 419	 4.545 
4.2950	 404	 4.545 
4.3050	 392	 4.651 
4.3060	 394	 4.651 
4.3100	 387	 4.651 
4.3150	 388	 4.651 
4.3200	 386	 4.651 
4.3250	 384	 4.651 
4.3300	 394	 4.651 
4.3350	 399	 4.651 
4.3400	 425	 4.651 
4.3450	 454	 4.651 
4.3500	 473	 4.651 
4.3550	 498	 4.651 
4.3600	 492	 4.651 
4.3650	 504	 4.651 
4.3700	 506	 4.651 
4.3750	 499	 4.651 
4.3800	 509	 4.651 
4.3850	 485	 4.651 
4.3900	 474	 4.651 
4.3950	 447	 4.651 
4.4050	 412	 4.651 
4.4060	 411	 4.651 
4.4100	 397	 4.651 
4.4150	 398	 4.651 
4.4200	 395	 4.651 
4.4250	 388	 4.651 
4.4300	 395	 4.651 
4.4350	 387	 4.651 
4.4400	 396	 4.651 
4.4450	 410	 4.651 
4.4500	 425	 4.651 
4.4550	 456	 4.651 
4.4600	 457	 4.651 
4.4650	 475	 4.651 
4.4700	 480	 4.651 
4.4750	 476	 4.651 
4.4800	 495	 4.651 
4.4850	 486	 4.651 
4.4900	 490	 4.651 
4.4950	 479	 4.651 
4.5060	 428	 4.651 
4.5060	 428	 4.651 
4.5100	 406	 4.651 
4.5150	 399	 4.651 
4.5200	 394	 4.651 
4.5250	 388	 4.651 
4.5300	 392	 4.651 
4.5350	 384	 4.651 
4.5400	 387	 4.651 
4.5450	 389	 4.651 
4.5500	 393	 4.651 
4.5550	 416	 4.651 
4.5600	 435	 4.651 
4.5650	 469	 4.651 
4.5700	 488	 4.651 
4.5750	 490	 4.651 
4.5800	 508	 4.651 
4.5850	 497	 4.651 
4.5900	 507	 4.651 
4.5950	 507	 4.651 
4.6050	 488	 4.545 
4.6060	 489	 4.545 
4.6100	 454	 4.545 
4.6150	 434	 4.545 
4.6200	 417	 4.545 
4.6250	 401	 4.545 
4.6300	 404	 4.545 
4.6350	 392	 4.545 
4.6400	 394	 4.545 
4.6450	 392	 4.545 
4.6500	 386	 4.545 
4.6550	 397	 4.545 
4.6600	 398	 4.545 
4.6650	 420	 4.545 
4.6700	 443	 4.545 
4.6750	 451	 4.545 
4.6800	 476	 4.545 
4.6850	 470	 4.545 
4.6900	 481	 4.545 
4.6950	 487	 4.545 
4.7050	 496	 4.545 
4.7060	 498	 4.545 
4.7100	 478	 4.545 
4.7150	 467	 4.545 
4.7200	 442	 4.545 
4.7250	 414	 4.545 
4.7300	 406	 4.545 
4.7350	 392	 4.545 
4.7400	 392	 4.545 
4.7450	 390	 4.545 
4.7500	 385	 4.545 
4.7550	 390	 4.545 
4.7600	 384	 4.545 
4.7650	 391	 4.545 
4.7700	 404	 4.545 
4.7750	 421	 4.545 
4.7800	 460	 4.545 
4.7850	 474	 4.545 
4.7900	 492	 4.545 
4.7950	 501	 4.545 
4.8050	 512	 4.651 
4.8060	 513	 4.651 
4.8100	 499	 4.651 
4.8150	 505	 4.651 
4.8200	 497	 4.651 
4.8250	 468	 4.651 
4.8300	 452	 4.651 
4.8350	 418	 4.651 
4.8400	 411	 4.651 
4.8450	 404	 4.651 
4.8500	 394	 4.651 
4.8550	 399	 4.651 
4.8600	 389	 4.651 
4.8650	 391	 4.651 
4.8700	 393	 4.651 
4.8750	 392	 4.651 
4.8800	 414	 4.651 
4.8850	 424	 4.651 
4.8900	 450	 4.651 
4.8950	 466	 4.651 
4.9050	 482	 4.545 
4.9060	 485	 4.545 
4.9100	 476	 4.545 
4.9150	 488	 4.545 
4.9200	 494	 4.545 
4.9250	 483	 4.545 
4.9300	 485	 4.545 
4.9350	 452	 4.545 
4.9400	 430	 4.545 
4.9450	 411	 4.545 
4.9500	 396	 4.545 
4.9550	 396	 4.545 
4.9600	 388	 4.545 
4.9650	 389	 4.545 
4.9700	 389	 4.545 
4.9750	 384	 4.545 
4.9800	 391	 4.545 
4.9850	 391	 4.545 
4.9900	 410	 4.545 
4.9950	 438	 4.545 
5.0060	 488	 4.545 
5.0060	 493	 4.545 
5.0100	 488	 4.545 
5.0150	 503	 4.545 
5.0200	 506	 4.545 
5.0250	 498	 4.545 
5.0300	 513	 4.545 
5.0350	 494	 4.545 
5.0400	 489	 4.545 
5.0450	 466	 4.545 
5.0500	 431	 4.545 
5.0550	 422	 4.545 
5.0600	 402	 4.545 
5.0650	 400	 4.545 
5.0700	 398	 4.545 
5.0750	 390	 4.545 
5.0800	 396	 4.545 
5.0850	 388	 4.545 
5.0900	 392	 4.545 
5.0950	 400	 4.545 
5.1050	 444	 4.651 
5.1060	 444	 4.651 
5.1100	 451	 4.651 
5.1150	 468	 4.651 
5.1200	 479	 4.651 
5.1250	 474	 4.651 
5.1300	 492	 4.651 
5.1350	 486	 4.651 
5.1400	 493	 4.651 
5.1450	 489	 4.651 
5.1500	 468	 4.651 
5.1550	 451	 4.651 
5.1600	 418	 4.651 
5.1650	 406	 4.651 
5.1700	 398	 4.651 
5.1750	 390	 4.651 
5.1800	 393	 4.651 
5.1850	 386	 4.651 
5.1900	 387	 4.651 
5.1950	 389	 4.651 
5.2050	 401	 4.545 
5.2060	 403	 4.545 
5.2100	 415	 4.545 
5.2150	 447	 4.545 
5.2200	 477	 4.545 
5.2250	 483	 4.545 
5.2300	 504	 4.545 
5.2350	 496	 4.545 
5.2400	 506	 4.545 
5.2450	 510	 4.545 
5.2500	 497	 4.545 
5.2550	 505	 4.545 
5.2600	 474	 4.545 
5.2650	 454	 4.545 
5.2700	 431	 4.545 
5.2750	 408	 4.545 
5.2800	 408	 4.545 
5.2850	 396	 4.545 
5.2900	 395	 4.545 
5.2950	 396	 4.545 
5.3050	 393	 4.545 
5.3060	 394	 4.545 
5.3100	 390	 4.545 
5.3150	 404	 4.545 
5.3200	 425	 4.545 
5.3250	 438	 4.545 
5.3300	 467	 4.545 
5.3350	 465	 4.545 
5.3400	 478	 4.545 
5.3450	 484	 4.545 
5.3500	 480	 4.545 
5.3550	 499	 4.545 
5.3600	 486	 4.545 
5.3650	 484	 4.545 
5.3700	 467	 4.545 
5.3750	 434	 4.545 
5.3800	 418	 4.545 
5.3850	 400	 4.545 
5.3900	 395	 4.545 
5.3950	 393	 4.545 
5.4050	 388	 4.651 
5.4060	 388	 4.651 
5.4100	 385	 4.651 
5.4150	 387	 4.651 
5.4200	 393	 4.651 
5.4250	 401	 4.651 
5.4300	 432	 4.651 
5.4350	 454	 4.651 
5.4400	 481	 4.651 
5.4450	 495	 4.651 
5.4500	 492	 4.651 
5.4550	 510	 4.651 
5.4600	 500	 4.651 
5.4650	 506	 4.651 
5.4700	 505	 4.651 
5.4750	 487	 4.651 
5.4800	 479	 4.651 
5.4850	 440	 4.651 
5.4900	 422	 4.651 
5.4950	 411	 4.651 
5.5060	 400	 4.651 
5.5060	 401	 4.651 
5.5100	 392	 4.651 
5.5150	 392	 4.651 
5.5200	 393	 4.651 
5.5250	 387	 4.651 
5.5300	 400	 4.651 
5.5350	 406	 4.651 
5.5400	 431	 4.651 
5.5450	 454	 4.651 
5.5500	 457	 4.651 
5.5550	 480	 4.651 
5.5600	 474	 4.651 
5.5650	 483	 4.651 
5.5700	 493	 4.651 
5.5750	 486	 4.651 
5.5800	 495	 4.651 
5.5850	 474	 4.651 
5.5900	 455	 4.651 
5.5950	 430	 4.651 
5.6050	 401	 4.545 
5.6060	 401	 4.545 
5.6100	 391	 4.545 
5.6150	 390	 4.545 
5.6200	 391	 4.545 
5.6250	 385	 4.545 
5.6300	 390	 4.545 
5.6350	 387	 4.545 
5.6400	 395	 4.545 
5.6450	 414	 4.545 
5.6500	 434	 4.545 
5.6550	 474	 4.545 
5.6600	 481	 4.545 
5.6650	 495	 4.545 
5.6700	 504	 4.545 
5.6750	 496	 4.545 
5.6800	 514	 4.545 
5.6850	 500	 4.545 
5.6900	 500	 4.545 
5.6950	 490	 4.545 
5.7060	 436	 4.545 
5.7060	 434	 4.545 
5.7100	 412	 4.545 
5.7150	 406	 4.545 
5.7200	 403	 4.545 
5.7250	 392	 4.545 
5.7300	 398	 4.545 
5.7350	 389	 4.545 
5.7400	 390	 4.545 
5.7450	 396	 4.545 
5.7500	 397	 4.545 
5.7550	 423	 4.545 
5.7600	 436	 4.545 
5.7650	 457	 4.545 
5.7700	 473	 4.545 
5.7750	 469	 4.545 
5.7800	 487	 4.545 
5.7850	 481	 4.545 
5.7900	 491	 4.545 
5.7950	 496	 4.545 
5.8050	 472	 4.545 
5.8060	 471	 4.545 
5.8100	 440	 4.545 
5.8150	 418	 4.545 
5.8200	 405	 4.545 
5.8250	 393	 4.545 
5.8300	 394	 4.545 
5.8350	 388	 4.545 
5.8400	 388	 4.545 
5.8450	 389	 4.545 
5.8500	 384	 4.545 
5.8550	 392	 4.545 
5.8600	 399	 4.545 
5.8650	 421	 4.545 
5.8700	 455	 4.545 
5.8750	 471	 4.545 
5.8800	 497	 4.545 
5.8850	 493	 4.545 
5.8900	 502	 4.545 
5.8950	 510	 4.545 
5.9050	 507	 4.651 
5.9060	 509	 4.651 
5.9100	 490	 4.651 
5.9150	 476	 4.651 
5.9200	 452	 4.651 
5.9250	 420	 4.651 
5.9300	 415	 4.651 
5.9350	 400	 4.651 
5.9400	 397	 4.651 
5.9450	 398	 4.651 
5.9500	 388	 4.651 
5.9550	 395	 4.651 
5.9600	 389	 4.651 
5.9650	 394	 4.651 
5.9700	 410	 4.651 
5.9750	 421	 4.651 
5.9800	 453	 4.651 
5.9850	 459	 4.651 
5.9900	 471	 4.651 
5.9950	 483	 4.651 
6.0060	 494	 4.651 
6.0060	 494	 4.651 
6.0100	 489	 4.651 
6.0150	 489	 4.651 
6.0200	 485	 4.651 
6.0250	 454	 4.651 
6.0300	 435	 4.651 
6.0350	 409	 4.651 
6.0400	 399	 4.651 
6.0450	 396	 4.651 
6.0500	 388	 4.651 
6.0550	 392	 4.651 
6.0600	 386	 4.651 
6.0650	 387	 4.651 
6.0700	 390	 4.651 
6.0750	 390	 4.651 
6.0800	 411	 4.651 
6.0850	 431	 4.651 
6.0900	 463	 4.651 
6.0950	 488	 4.651 
6.1050	 505	 4.545 
6.1060	 507	 4.545 
6.1100	 499	 4.545 
6.1150	 505	 4.545 
6.1200	 510	 4.545 
6.1250	 494	 4.545 
6.1300	 496	 4.545 
6.1350	 463	 4.545 
6.1400	 438	 4.545 
6.1450	 421	 4.545 
6.1500	 402	 4.545 
6.1550	 405	 4.545 
6.1600	 394	 4.545 
6.1650	 393	 4.545 
6.1700	 394	 4.545 
6.1750	 385	 4.545 
6.1800	 395	 4.545 
6.1850	 394	 4.545 
6.1900	 411	 4.545 
6.1950	 439	 4.545 
6.2050	 472	 4.651 
6.2060	 468	 4.651 
6.2100	 470	 4.651 
6.2150	 478	 4.651 
6.2200	 488	 4.651 
6.2250	 482	 4.651 
6.2300	 499	 4.651 
6.2350	 483	 4.651 
6.2400	 473	 4.651 
6.2450	 450	 4.651 
6.2500	 418	 4.651 
6.2550	 406	 4.651 
6.2600	 395	 4.651 
6.2650	 391	 4.651 
6.2700	 392	 4.651 
6.2750	 385	 4.651 
6.2800	 390	 4.651 
6.2850	 385	 4.651 
6.2900	 389	 4.651 
6.2950	 401	 4.651 
6.3050	 450	 4.545 
6.3060	 453	 4.545 
6.3100	 471	 4.545 
6.3150	 488	 4.545 
6.3200	 503	 4.545 
6.3250	 494	 4.545 
6.3300	 511	 4.545 
6.3350	 501	 4.545 
6.3400	 502	 4.545 
6.3450	 501	 4.545 
6.3500	 472	 4.545 
6.3550	 458	 4.545 
6.3600	 425	 4.545 
6.3650	 411	 4.545 
6.3700	 406	 4.545 
6.3750	 394	 4.545 
6.3800	 399	 4.545 
6.3850	 391	 4.545 
6.3900	 390	 4.545 
6.3950	 394	 4.545 
6.4050	 409	 4.545 
6.4060	 410	 4.545 
6.4100	 422	 4.545 
6.4150	 445	 4.545 
6.4200	 467	 4.545 
6.4250	 465	 4.545 
6.4300	 485	 4.545 
6.4350	 478	 4.545 
6.4400	 487	 4.545 
6.4450	 497	 4.545 
6.4500	 483	 4.545 
6.4550	 487	 4.545 
6.4600	 457	 4.545 
6.4650	 432	 4.545 
6.4700	 414	 4.545 
6.4750	 397	 4.545 
6.4800	 396	 4.545 
6.4850	 390	 4.545 
6.4900	 388	 4.545 
6.4950	 390	 4.545 
6.5060	 389	 4.651 
6.5060	 390	 4.651 
6.5100	 392	 4.651 
6.5150	 407	 4.651 
6.5200	 437	 4.651 
6.5250	 458	 4.651 
6.5300	 489	 4.651 
6.5350	 490	 4.651 
6.5400	 499	 4.651 
6.5450	 509	 4.651 
6.5500	 497	 4.651 
6.5550	 511	 4.651 
6.5600	 496	 4.651 
6.5650	 487	 4.651 
6.5700	 469	 4.651 
6.5750	 432	 4.651 
6.5800	 421	 4.651 
6.5850	 405	 4.651 
6.5900	 399	 4.651 
6.5950	 400	 4.651 
6.6050	 394	 4.651 
6.6060	 395	 4.651 
6.6100	 389	 4.651 
6.6150	 391	 4.651 
6.6200	 403	 4.651 
6.6250	 409	 4.651 
6.6300	 442	 4.651 
6.6350	 452	 4.651 
6.6400	 466	 4.651 
6.6450	 481	 4.651 
6.6500	 473	 4.651 
6.6550	 490	 4.651 
6.6600	 487	 4.651 
6.6650	 490	 4.651 
6.6700	 490	 4.651 
6.6750	 464	 4.651 
6.6800	 449	 4.651 
6.6850	 419	 4.651 
6.6900	 404	 4.651 
6.6950	 399	 4.651 
6.7060	 390	 4.651 
6.7060	 393	 4.651 
6.7100	 387	 4.651 
6.7150	 386	 4.651 
6.7200	 389	 4.651 
6.7250	 386	 4.651 
6.7300	 402	 4.651 
6.7350	 418	 4.651 
6.7400	 448	 4.651 
6.7450	 480	 4.651 
6.7500	 483	 4.651 
6.7550	 503	 4.651 
6.7600	 499	 4.651 
6.7650	 503	 4.651 
6.7700	 512	 4.651 
6.7750	 495	 4.651 
6.7800	 502	 4.651 
6.7850	 475	 4.651 
6.7900	 450	 4.651 
6.7950	 430	 4.651 
6.8050	 402	 4.545 
6.8060	 406	 4.545 
6.8100	 396	 4.545 
6.8150	 394	 4.545 
6.8200	 395	 4.545 
6.8250	 386	 4.545 
6.8300	 394	 4.545 
6.8350	 392	 4.545 
6.8400	 403	 4.545 
6.8450	 428	 4.545 
6.8500	 438	 4.545 
6.8550	 467	 4.545 
6.8600	 467	 4.545 
6.8650	 475	 4.545 
6.8700	 487	 4.545 
6.8750	 479	 4.545 
6.8800	 497	 4.545 
6.8850	 486	 4.545 
6.8900	 479	 4.545 
6.8950	 463	 4.545 
6.9050	 414	 4.545 
6.9060	 412	 4.545 
6.9100	 399	 4.545 
6.9150	 393	 4.545 
6.9200	 393	 4.545 
6.9250	 385	 4.545 
6.9300	 390	 4.545 
6.9350	 386	 4.545 
6.9400	 387	 4.545 
6.9450	 396	 4.545 
6.9500	 403	 4.545 
6.9550	 436	 4.545 
6.9600	 460	 4.545 
6.9650	 481	 4.545 
6.9700	 499	 4.545 
6.9750	 493	 4.545 
6.9800	 509	 4.545 
6.9850	 503	 4.545 
6.9900	 503	 4.545 
6.9950	 506	 4.545 
7.0060	 468	 4.651 
7.0060	 466	 4.651 
7.0100	 437	 4.651 
7.0150	 415	 4.651 
7.0200	 410	 4.651 
7.0250	 395	 4.651 
7.0300	 399	 4.651 
7.0350	 392	 4.651 
7.0400	 390	 4.651 
7.0450	 394	 4.651 
7.0500	 386	 4.651 
7.0550	 401	 4.651 
7.0600	 412	 4.651 
7.0650	 433	 4.651 
7.0700	 460	 4.651 
7.0750	 459	 4.651 
7.0800	 480	 4.651 
7.0850	 476	 4.651 
7.0900	 481	 4.651 
7.0950	 495	 4.651 
7.1050	 490	 4.651 
7.1060	 487	 4.651 
7.1100	 471	 4.651 
7.1150	 447	 4.651 
7.1200	 425	 4.651 
7.1250	 402	 4.651 
7.1300	 399	 4.651 
7.1350	 392	 4.651 
7.1400	 389	 4.651 
7.1450	 390	 4.651 
7.1500	 384	 4.651 
7.1550	 389	 4.651 
7.1600	 388	 4.651 
7.1650	 396	 4.651 
7.1700	 421	 4.651 
7.1750	 441	 4.651 
7.1800	 479	 4.651 
7.1850	 486	 4.651 
7.1900	 494	 4.651 
7.1950	 507	 4.651 
7.2050	 506	 4.545 
7.2060	 510	 4.545 
7.2100	 500	 4.545 
7.2150	 494	 4.545 
7.2200	 484	 4.545 
7.2250	 447	 4.545 
7.2300	 432	 4.545 
7.2350	 410	 4.545 
7.2400	 401	 4.545 
7.2450	 402	 4.545 
7.2500	 390	 4.545 
7.2550	 396	 4.545 
7.2600	 389	 4.545 
7.2650	 388	 4.545 
7.2700	 397	 4.545 
7.2750	 397	 4.545 
7.2800	 426	 4.545 
7.2850	 441	 4.545 
7.2900	 457	 4.545 
7.2950	 476	 4.545 
7.3050	 483	 4.545 
7.3060	 482	 4.545 
7.3100	 483	 4.545 
7.3150	 489	 4.545 
7.3200	 497	 4.545 
7.3250	 476	 4.545 
7.3300	 468	 4.545 
7.3350	 435	 4.545 
7.3400	 412	 4.545 
7.3450	 404	 4.545 
7.3500	 391	 4.545 
7.3550	 393	 4.545 
7.3600	 388	 4.545 
7.3650	 386	 4.545 
7.3700	 389	 4.545 
7.3750	 384	 4.545 
7.3800	 394	 4.545 
7.3850	 404	 4.545 
7.3900	 425	 4.545 
7.3950	 462	 4.545 
7.4050	 493	 4.651 
7.4060	 496	 4.651 
7.4100	 497	 4.651 
7.4150	 500	 4.651 
7.4200	 512	 4.651 
7.4250	 497	 4.651 
7.4300	 507	 4.651 
7.4350	 489	 4.651 
7.4400	 468	 4.651 
7.4450	 448	 4.651 
7.4500	 415	 4.651 
7.4550	 411	 4.651 
7.4600	 400	 4.651 
7.4650	 394	 4.651 
7.4700	 398	 4.651 
7.4750	 386	 4.651 
7.4800	 392	 4.651 
7.4850	 389	 4.651 
7.4900	 394	 4.651 
7.4950	 414	 4.651 
7.5060	 452	 4.545 
7.5060	 455	 4.545 
7.5100	 461	 4.545 
7.5150	 470	 4.545 
7.5200	 485	 4.545 
7.5250	 474	 4.545 
7.5300	 493	 4.545 
7.5350	 489	 4.545 
7.5400	 485	 4.545 
7.5450	 481	 4.545 
7.5500	 447	 4.545 
7.5550	 428	 4.545 
7.5600	 407	 4.545 
7.5650	 396	 4.545 
7.5700	 395	 4.545 
7.5750	 387	 4.545 
7.5800	 391	 4.545 
7.5850	 387	 4.545 
7.5900	 385	 4.545 
7.5950	 391	 4.545 
7.6050	 416	 4.651 
7.6060	 417	 4.651 
7.6100	 440	 4.651 
7.6150	 466	 4.651 
7.6200	 494	 4.651 
7.6250	 488	 4.651 
7.6300	 505	 4.651 
7.6350	 502	 4.651 
7.6400	 502	 4.651 
7.6450	 510	 4.651 
7.6500	 489	 4.651 
7.6550	 487	 4.651 
7.6600	 455	 4.651 
7.6650	 428	 4.651 
7.6700	 418	 4.651 
7.6750	 399	 4.651 
7.6800	 401	 4.651 
7.6850	 394	 4.651 
7.6900	 390	 4.651 
7.6950	 395	 4.651 
7.7050	 392	 4.545 
7.7060	 395	 4.545 
7.7100	 400	 4.545 
7.7150	 416	 4.545 
7.7200	 446	 4.545 
7.7250	 450	 4.545 
7.7300	 472	 4.545 
7.7350	 474	 4.545 
7.7400	 475	 4.545 
7.7450	 491	 4.545 
7.7500	 483	 4.545 
7.7550	 494	 4.545 
7.7600	 481	 4.545 
7.7650	 462	 4.545 
7.7700	 442	 4.545 
7.7750	 412	 4.545 
7.7800	 404	 4.545 
7.7850	 394	 4.545 
7.7900	 389	 4.545 
7.7950	 392	 4.545 
7.8050	 385	 4.545 
7.8060	 387	 4.545 
7.8100	 387	 4.545 
7.8150	 390	 4.545 
7.8200	 408	 4.545 
7.8250	 424	 4.545 
7.8300	 461	 4.545 
7.8350	 479	 4.545 
7.8400	 489	 4.545 
7.8450	 506	 4.545 
7.8500	 495	 4.545 
7.8550	 509	 4.545 
7.8600	 504	 4.545 
7.8650	 498	 4.545 
7.8700	 498	 4.545 
7.8750	 463	 4.545 
7.8800	 445	 4.545 
7.8850	 419	 4.545 
7.8900	 405	 4.545 
7.8950	 405	 4.545 
7.9050	 394	 4.651 
7.9060	 394	 4.651 
7.9100	 391	 4.651 
7.9150	 388	 4.651 
7.9200	 393	 4.651 
7.9250	 391	 4.651 
7.9300	 413	 4.651 
7.9350	 431	 4.651 
7.9400	 448	 4.651 
7.9450	 471	 4.651 
7.9500	 465	 4.651 
7.9550	 483	 4.651 
7.9600	 481	 4.651 
7.9650	 485	 4.651 
7.9700	 498	 4.651 
7.9750	 480	 4.651 
7.9800	 479	 4.651 
7.9850	 450	 4.651 
7.9900	 422	 4.651 
7.9950	 410	 4.651 
