0.0050
0.0000	 391	 0.000 
0.0050	 399	 0.000 
0.0100	 391	 0.000 
0.0150	 395	 0.000 
0.0200	 397	 0.000 
0.0250	 391	 0.000 
0.0300	 399	 0.000 
0.0350	 391	 0.000 
0.0400	 395	 0.000 
0.0450	 396	 0.000 
0.0500	 390	 0.000 
0.0550	 399	 0.000 
0.0600	 391	 0.000 
0.0650	 396	 0.000 
0.0700	 397	 0.000 
0.0750	 391	 0.000 
0.0800	 399	 0.000 
0.0850	 391	 0.000 
0.0900	 396	 0.000 
0.0950	 397	 0.000 
0.1000	 391	 0.000 
0.1050	 400	 0.000 
0.1100	 392	 0.000 
0.1150	 396	 0.000 
0.1200	 397	 0.000 
0.1250	 391	 0.000 
0.1300	 400	 0.000 
0.1350	 393	 0.000 
0.1400	 396	 0.000 
0.1450	 398	 0.000 
0.1500	 392	 0.000 
0.1550	 401	 0.000 
0.1600	 393	 0.000 
0.1650	 397	 0.000 
0.1700	 398	 0.000 
0.1750	 393	 0.000 
0.1800	 401	 0.000 
0.1850	 393	 0.000 
0.1900	 397	 0.000 
0.1950	 399	 0.000 
0.2000	 393	 0.000 
0.2050	 401	 0.000 
0.2100	 393	 0.000 
0.2150	 397	 0.000 
0.2200	 399	 0.000 
0.2250	 393	 0.000 
0.2300	 401	 0.000 
0.2350	 393	 0.000 
0.2400	 397	 0.000 
0.2450	 399	 0.000 
0.2500	 393	 0.000 
0.2550	 401	 0.000 
0.2600	 393	 0.000 
0.2650	 397	 0.000 
0.2700	 398	 0.000 
0.2750	 393	 0.000 
0.2800	 401	 0.000 
0.2850	 393	 0.000 
0.2900	 397	 0.000 
0.2950	 399	 0.000 
0.3000	 393	 0.000 
0.3050	 401	 0.000 
0.3100	 393	 0.000 
0.3150	 397	 0.000 
0.3200	 398	 0.000 
0.3250	 392	 0.000 
0.3300	 401	 0.000 
0.3350	 393	 0.000 
0.3400	 397	 0.000 
0.3450	 398	 0.000 
0.3500	 392	 0.000 
0.3550	 401	 0.000 
0.3600	 392	 0.000 
0.3650	 396	 0.000 
0.3700	 397	 0.000 
0.3750	 392	 0.000 
0.3800	 401	 0.000 
0.3850	 393	 0.000 
0.3900	 396	 0.000 
0.3950	 397	 0.000 
0.4000	 391	 0.000 
0.4050	 400	 0.000 
0.4100	 392	 0.000 
0.4150	 396	 0.000 
0.4200	 397	 0.000 
0.4250	 391	 0.000 
0.4300	 399	 0.000 
0.4350	 390	 0.000 
0.4400	 394	 0.000 
0.4450	 396	 0.000 
0.4500	 389	 0.000 
0.4550	 398	 0.000 
0.4600	 390	 0.000 
0.4650	 394	 0.000 
0.4700	 395	 0.000 
0.4750	 389	 0.000 
0.4800	 398	 0.000 
0.4850	 389	 0.000 
0.4900	 394	 0.000 
0.4950	 395	 0.000 
0.5000	 388	 0.000 
0.5050	 398	 0.000 
0.5100	 390	 0.000 
0.5150	 394	 0.000 
0.5200	 395	 0.000 
0.5250	 390	 0.000 
0.5300	 399	 0.000 
0.5350	 391	 0.000 
0.5400	 395	 0.000 
0.5450	 396	 0.000 
0.5500	 391	 0.000 
0.5550	 400	 0.000 
0.5600	 392	 0.000 
0.5650	 396	 0.000 
0.5700	 397	 0.000 
0.5750	 392	 0.000 
0.5800	 400	 0.000 
0.5850	 392	 0.000 
0.5900	 396	 0.000 
0.5950	 398	 0.000 
0.6000	 392	 0.000 
0.6050	 401	 0.000 
0.6100	 392	 0.000 
0.6150	 396	 0.000 
0.6200	 398	 0.000 
0.6250	 391	 0.000 
0.6300	 400	 0.000 
0.6350	 392	 0.000 
0.6400	 396	 0.000 
0.6450	 397	 0.000 
0.6500	 391	 0.000 
0.6550	 399	 0.000 
0.6600	 391	 0.000 
0.6650	 395	 0.000 
0.6700	 397	 0.000 
0.6750	 391	 0.000 
0.6800	 399	 0.000 
0.6850	 391	 0.000 
0.6900	 395	 0.000 
0.6950	 396	 0.000 
0.7000	 390	 0.000 
0.7050	 398	 0.000 
0.7100	 390	 0.000 
0.7150	 394	 0.000 
0.7200	 396	 0.000 
0.7250	 388	 0.000 
0.7300	 398	 0.000 
0.7350	 389	 0.000 
0.7400	 394	 0.000 
0.7450	 395	 0.000 
0.7500	 388	 0.000 
0.7550	 398	 0.000 
0.7600	 389	 0.000 
0.7650	 393	 0.000 
0.7700	 395	 0.000 
0.7750	 388	 0.000 
0.7800	 398	 0.000 
0.7850	 389	 0.000 
0.7900	 393	 0.000 
0.7950	 394	 0.000 
0.8000	 388	 0.000 
0.8050	 397	 0.000 
0.8100	 389	 0.000 
0.8150	 393	 0.000 
0.8200	 395	 0.000 
0.8250	 388	 0.000 
0.8300	 397	 0.000 
0.8350	 389	 0.000 
0.8400	 393	 0.000 
0.8450	 395	 0.000 
0.8500	 388	 0.000 
0.8550	 398	 0.000 
0.8600	 388	 0.000 
0.8650	 392	 0.000 
0.8700	 394	 0.000 
0.8750	 387	 0.000 
0.8800	 397	 0.000 
0.8850	 388	 0.000 
0.8900	 392	 0.000 
0.8950	 394	 0.000 
0.9000	 388	 0.000 
0.9050	 397	 0.000 
0.9100	 388	 0.000 
0.9150	 393	 0.000 
0.9200	 395	 0.000 
0.9250	 388	 0.000 
0.9300	 398	 0.000 
0.9350	 389	 0.000 
0.9400	 392	 0.000 
0.9450	 395	 0.000 
0.9500	 389	 0.000 
0.9550	 398	 0.000 
0.9600	 389	 0.000 
0.9650	 394	 0.000 
0.9700	 395	 0.000 
0.9750	 388	 0.000 
0.9800	 399	 0.000 
0.9850	 389	 0.000 
0.9900	 394	 0.000 
0.9950	 395	 0.000 
1.0050	 397	 0.000 
1.0050	 398	 0.000 
1.0100	 389	 0.000 
1.0150	 394	 0.000 
1.0200	 395	 0.000 
1.0250	 387	 0.000 
1.0300	 396	 0.000 
1.0350	 386	 0.000 
1.0400	 389	 0.000 
1.0450	 389	 0.000 
1.0500	 381	 0.000 
1.0550	 391	 0.000 
1.0600	 382	 0.000 
1.0650	 385	 0.000 
1.0700	 386	 0.000 
1.0750	 379	 0.000 
1.0800	 387	 0.000 
1.0850	 380	 0.000 
1.0900	 387	 0.000 
1.0950	 395	 0.000 
1.1000	 400	 0.000 
1.1050	 430	 0.000 
1.1100	 436	 0.000 
1.1150	 455	 0.000 
1.1200	 467	 0.000 
1.1250	 465	 0.000 
1.1300	 483	 0.000 
1.1350	 474	 0.000 
1.1400	 487	 0.000 
1.1450	 492	 0.000 
1.1500	 479	 0.000 
1.1550	 480	 0.000 
1.1600	 444	 0.000 
1.1650	 422	 0.000 
1.1700	 407	 0.000 
1.1750	 394	 0.000 
1.1800	 395	 0.000 
1.1850	 387	 0.000 
1.1900	 388	 0.000 
1.1950	 389	 0.000 
1.2000	 385	 0.000 
1.2050	 396	 0.000 
1.2100	 406	 0.000 
1.2150	 437	 0.000 
1.2200	 470	 0.000 
1.2250	 481	 0.000 
1.2300	 503	 0.000 
1.2350	 495	 0.000 
1.2400	 506	 0.000 
1.2450	 507	 0.000 
1.2500	 494	 0.000 
1.2550	 493	 0.000 
1.2600	 453	 0.000 
1.2650	 429	 0.000 
1.2700	 412	 0.000 
1.2750	 397	 0.000 
1.2800	 401	 0.000 
1.2850	 389	 0.000 
1.2900	 390	 0.000 
1.2950	 390	 0.000 
1.3000	 388	 0.000 
1.3050	 412	 0.000 
1.3100	 424	 0.000 
1.3150	 450	 0.000 
1.3200	 466	 0.000 
1.3250	 466	 0.000 
1.3300	 485	 0.000 
1.3350	 478	 0.000 
1.3400	 490	 0.000 
1.3450	 485	 0.000 
1.3500	 459	 0.000 
1.3550	 437	 0.000 
1.3600	 408	 0.000 
1.3650	 399	 0.000 
1.3700	 394	 0.000 
1.3750	 388	 0.000 
1.3800	 392	 0.000 
1.3850	 385	 0.000 
1.3900	 390	 0.000 
1.3950	 400	 0.000 
1.4000	 418	 0.000 
1.4050	 460	 0.000 
1.4100	 475	 0.000 
1.4150	 493	 0.000 
1.4200	 500	 0.000 
1.4250	 494	 0.000 
1.4300	 510	 0.000 
1.4350	 492	 0.000 
1.4400	 485	 0.000 
1.4450	 457	 0.000 
1.4500	 420	 0.000 
1.4550	 413	 0.000 
1.4600	 396	 0.000 
1.4650	 395	 0.000 
1.4700	 393	 0.000 
1.4750	 385	 0.000 
1.4800	 393	 0.000 
1.4850	 391	 0.000 
1.4900	 412	 0.000 
1.4950	 439	 0.000 
1.5060	 474	 5.405 
1.5060	 474	 5.405 
1.5100	 468	 5.405 
1.5150	 480	 5.405 
1.5200	 490	 5.405 
1.5250	 481	 5.405 
1.5300	 483	 5.405 
1.5350	 446	 5.405 
1.5400	 421	 5.405 
1.5450	 404	 5.405 
1.5500	 392	 5.405 
1.5550	 394	 5.405 
1.5600	 387	 5.405 
1.5650	 388	 5.405 
1.5700	 389	 5.405 
1.5750	 390	 5.405 
1.5800	 412	 5.405 
1.5850	 435	 5.405 
1.5900	 471	 5.405 
1.5950	 489	 5.405 
1.6050	 506	 5.405 
1.6060	 507	 5.405 
1.6100	 496	 5.405 
1.6150	 501	 5.405 
1.6200	 494	 5.405 
1.6250	 462	 5.405 
1.6300	 442	 5.405 
1.6350	 410	 5.405 
1.6400	 403	 5.405 
1.6450	 398	 5.405 
1.6500	 388	 5.405 
1.6550	 394	 5.405 
1.6600	 384	 5.405 
1.6650	 391	 5.405 
1.6700	 405	 5.405 
1.6750	 421	 5.405 
1.6800	 455	 5.405 
1.6850	 456	 5.405 
1.6900	 473	 5.405 
1.6950	 478	 5.405 
1.7060	 493	 5.747 
1.7060	 493	 5.747 
1.7100	 477	 5.747 
1.7150	 462	 5.747 
1.7200	 431	 5.747 
1.7250	 406	 5.747 
1.7300	 400	 5.747 
1.7350	 390	 5.747 
1.7400	 390	 5.747 
1.7450	 389	 5.747 
1.7500	 384	 5.747 
1.7550	 393	 5.747 
1.7600	 399	 5.747 
1.7650	 427	 5.747 
1.7700	 462	 5.747 
1.7750	 476	 5.747 
1.7800	 499	 5.747 
1.7850	 492	 5.747 
1.7900	 503	 5.747 
1.7950	 504	 5.747 
1.8050	 481	 5.556 
1.8060	 480	 5.556 
1.8100	 442	 5.556 
1.8150	 421	 5.556 
1.8200	 408	 5.556 
1.8250	 394	 5.556 
1.8300	 398	 5.556 
1.8350	 387	 5.556 
1.8400	 389	 5.556 
1.8450	 390	 5.556 
1.8500	 392	 5.556 
1.8550	 424	 5.556 
1.8600	 436	 5.556 
1.8650	 459	 5.556 
1.8700	 472	 5.556 
1.8750	 467	 5.556 
1.8800	 488	 5.556 
1.8850	 481	 5.556 
1.8900	 486	 5.556 
1.8950	 472	 5.556 
1.9050	 417	 5.405 
1.9060	 416	 5.405 
1.9100	 397	 5.405 
1.9150	 394	 5.405 
1.9200	 392	 5.405 
1.9250	 386	 5.405 
1.9300	 391	 5.405 
1.9350	 386	 5.405 
1.9400	 396	 5.405 
1.9450	 417	 5.405 
1.9500	 444	 5.405 
1.9550	 483	 5.405 
1.9600	 484	 5.405 
1.9650	 498	 5.405 
1.9700	 503	 5.405 
1.9750	 495	 5.405 
1.9800	 507	 5.405 
1.9850	 481	 5.405 
1.9900	 461	 5.405 
1.9950	 431	 5.405 
2.0050	 403	 5.405 
2.0060	 403	 5.405 
2.0100	 392	 5.405 
2.0150	 392	 5.405 
2.0200	 391	 5.405 
2.0250	 384	 5.405 
2.0300	 398	 5.405 
2.0350	 405	 5.405 
2.0400	 434	 5.405 
2.0450	 455	 5.405 
2.0500	 459	 5.405 
2.0550	 480	 5.405 
2.0600	 473	 5.405 
2.0650	 487	 5.405 
2.0700	 489	 5.405 
2.0750	 474	 5.405 
2.0800	 458	 5.405 
2.0850	 421	 5.405 
2.0900	 405	 5.405 
2.0950	 397	 5.405 
2.1050	 390	 5.556 
2.1060	 390	 5.556 
2.1100	 386	 5.556 
2.1150	 388	 5.556 
2.1200	 393	 5.556 
2.1250	 404	 5.556 
2.1300	 441	 5.556 
2.1350	 462	 5.556 
2.1400	 486	 5.556 
2.1450	 498	 5.556 
2.1500	 493	 5.556 
2.1550	 510	 5.556 
2.1600	 494	 5.556 
2.1650	 494	 5.556 
2.1700	 474	 5.556 
2.1750	 435	 5.556 
2.1800	 421	 5.556 
2.1850	 400	 5.556 
2.1900	 398	 5.556 
2.1950	 395	 5.556 
2.2060	 392	 5.556 
2.2060	 392	 5.556 
2.2100	 387	 5.556 
2.2150	 402	 5.556 
2.2200	 427	 5.556 
2.2250	 441	 5.556 
2.2300	 469	 5.556 
2.2350	 465	 5.556 
2.2400	 477	 5.556 
2.2450	 486	 5.556 
2.2500	 482	 5.556 
2.2550	 491	 5.556 
2.2600	 461	 5.556 
2.2650	 436	 5.556 
2.2700	 411	 5.556 
2.2750	 396	 5.556 
2.2800	 396	 5.556 
2.2850	 388	 5.556 
2.2900	 389	 5.556 
2.2950	 389	 5.556 
2.3060	 402	 5.556 
2.3060	 403	 5.556 
2.3100	 418	 5.556 
2.3150	 457	 5.556 
2.3200	 482	 5.556 
2.3250	 486	 5.556 
2.3300	 506	 5.556 
2.3350	 494	 5.556 
2.3400	 503	 5.556 
2.3450	 500	 5.556 
2.3500	 477	 5.556 
2.3550	 460	 5.556 
2.3600	 420	 5.556 
2.3650	 409	 5.556 
2.3700	 401	 5.556 
2.3750	 390	 5.556 
2.3800	 395	 5.556 
2.3850	 385	 5.556 
2.3900	 389	 5.556 
2.3950	 397	 5.556 
2.4050	 444	 5.405 
2.4060	 446	 5.405 
2.4100	 450	 5.405 
2.4150	 468	 5.405 
2.4200	 476	 5.405 
2.4250	 473	 5.405 
2.4300	 494	 5.405 
2.4350	 481	 5.405 
2.4400	 476	 5.405 
2.4450	 449	 5.405 
2.4500	 416	 5.405 
2.4550	 406	 5.405 
2.4600	 393	 5.405 
2.4650	 391	 5.405 
2.4700	 390	 5.405 
2.4750	 385	 5.405 
2.4800	 391	 5.405 
2.4850	 391	 5.405 
2.4900	 410	 5.405 
2.4950	 442	 5.405 
2.5050	 492	 5.405 
2.5060	 494	 5.405 
2.5100	 489	 5.405 
2.5150	 501	 5.405 
2.5200	 504	 5.405 
2.5250	 493	 5.405 
2.5300	 498	 5.405 
2.5350	 461	 5.405 
2.5400	 435	 5.405 
2.5450	 415	 5.405 
2.5500	 398	 5.405 
2.5550	 400	 5.405 
2.5600	 388	 5.405 
2.5650	 390	 5.405 
2.5700	 390	 5.405 
2.5750	 386	 5.405 
2.5800	 409	 5.405 
2.5850	 421	 5.405 
2.5900	 449	 5.405 
2.5950	 465	 5.405 
2.6050	 482	 5.556 
2.6060	 485	 5.556 
2.6100	 479	 5.556 
2.6150	 489	 5.556 
2.6200	 484	 5.556 
2.6250	 458	 5.556 
2.6300	 435	 5.556 
2.6350	 407	 5.556 
2.6400	 398	 5.556 
2.6450	 394	 5.556 
2.6500	 388	 5.556 
2.6550	 391	 5.556 
2.6600	 385	 5.556 
2.6650	 390	 5.556 
2.6700	 401	 5.556 
2.6750	 421	 5.556 
2.6800	 464	 5.556 
2.6850	 475	 5.556 
2.6900	 493	 5.556 
2.6950	 500	 5.556 
2.7060	 506	 5.714 
2.7060	 508	 5.714 
2.7100	 489	 5.714 
2.7150	 480	 5.714 
2.7200	 452	 5.714 
2.7250	 416	 5.714 
2.7300	 412	 5.714 
2.7350	 395	 5.714 
2.7400	 394	 5.714 
2.7450	 392	 5.714 
2.7500	 383	 5.714 
2.7550	 393	 5.714 
2.7600	 392	 5.714 
2.7650	 414	 5.714 
2.7700	 441	 5.714 
2.7750	 449	 5.714 
2.7800	 474	 5.714 
2.7850	 467	 5.714 
2.7900	 481	 5.714 
2.7950	 489	 5.714 
2.8050	 474	 5.405 
2.8060	 476	 5.405 
2.8100	 442	 5.405 
2.8150	 419	 5.405 
2.8200	 403	 5.405 
2.8250	 392	 5.405 
2.8300	 394	 5.405 
2.8350	 386	 5.405 
2.8400	 388	 5.405 
2.8450	 389	 5.405 
2.8500	 390	 5.405 
2.8550	 416	 5.405 
2.8600	 438	 5.405 
2.8650	 473	 5.405 
2.8700	 490	 5.405 
2.8750	 489	 5.405 
2.8800	 507	 5.405 
2.8850	 494	 5.405 
2.8900	 500	 5.405 
2.8950	 491	 5.405 
2.9050	 435	 5.405 
2.9060	 434	 5.405 
2.9100	 409	 5.405 
2.9150	 402	 5.405 
2.9200	 398	 5.405 
2.9250	 388	 5.405 
2.9300	 394	 5.405 
2.9350	 384	 5.405 
2.9400	 391	 5.405 
2.9450	 406	 5.405 
2.9500	 421	 5.405 
2.9550	 455	 5.405 
2.9600	 456	 5.405 
2.9650	 472	 5.405 
2.9700	 479	 5.405 
2.9750	 478	 5.405 
2.9800	 495	 5.405 
2.9850	 476	 5.405 
2.9900	 462	 5.405 
2.9950	 433	 5.405 
3.0050	 400	 5.405 
3.0060	 400	 5.405 
3.0100	 391	 5.405 
3.0150	 391	 5.405 
3.0200	 389	 5.405 
3.0250	 385	 5.405 
3.0300	 392	 5.405 
3.0350	 397	 5.405 
3.0400	 424	 5.405 
3.0450	 459	 5.405 
3.0500	 475	 5.405 
3.0550	 499	 5.405 
3.0600	 492	 5.405 
3.0650	 503	 5.405 
3.0700	 503	 5.405 
3.0750	 489	 5.405 
3.0800	 487	 5.405 
3.0850	 446	 5.405 
3.0900	 424	 5.405 
3.0950	 409	 5.405 
3.1050	 396	 5.556 
3.1060	 399	 5.556 
3.1100	 387	 5.556 
3.1150	 389	 5.556 
3.1200	 390	 5.556 
3.1250	 391	 5.556 
3.1300	 419	 5.556 
3.1350	 432	 5.556 
3.1400	 456	 5.556 
3.1450	 469	 5.556 
3.1500	 467	 5.556 
3.1550	 487	 5.556 
3.1600	 481	 5.556 
3.1650	 486	 5.556 
3.1700	 477	 5.556 
3.1750	 443	 5.556 
3.1800	 422	 5.556 
3.1850	 401	 5.556 
3.1900	 395	 5.556 
3.1950	 392	 5.556 
3.2060	 390	 5.556 
3.2060	 391	 5.556 
3.2100	 386	 5.556 
3.2150	 394	 5.556 
3.2200	 412	 5.556 
3.2250	 436	 5.556 
3.2300	 478	 5.556 
3.2350	 482	 5.556 
3.2400	 496	 5.556 
3.2450	 501	 5.556 
3.2500	 495	 5.556 
3.2550	 507	 5.556 
3.2600	 484	 5.556 
3.2650	 467	 5.556 
3.2700	 436	 5.556 
3.2750	 409	 5.556 
3.2800	 407	 5.556 
3.2850	 393	 5.556 
3.2900	 393	 5.556 
3.2950	 392	 5.556 
3.3060	 395	 5.405 
3.3060	 394	 5.405 
3.3100	 399	 5.405 
3.3150	 427	 5.405 
3.3200	 451	 5.405 
3.3250	 456	 5.405 
3.3300	 478	 5.405 
3.3350	 470	 5.405 
3.3400	 486	 5.405 
3.3450	 491	 5.405 
3.3500	 477	 5.405 
3.3550	 469	 5.405 
3.3600	 428	 5.405 
3.3650	 411	 5.405 
3.3700	 399	 5.405 
3.3750	 391	 5.405 
3.3800	 393	 5.405 
3.3850	 386	 5.405 
3.3900	 388	 5.405 
3.3950	 391	 5.405 
3.4050	 428	 5.405 
3.4060	 431	 5.405 
3.4100	 452	 5.405 
3.4150	 482	 5.405 
3.4200	 493	 5.405 
3.4250	 491	 5.405 
3.4300	 508	 5.405 
3.4350	 494	 5.405 
3.4400	 497	 5.405 
3.4450	 483	 5.405 
3.4500	 447	 5.405 
3.4550	 428	 5.405 
3.4600	 404	 5.405 
3.4650	 399	 5.405 
3.4700	 395	 5.405 
3.4750	 387	 5.405 
3.4800	 393	 5.405 
3.4850	 385	 5.405 
3.4900	 396	 5.405 
3.4950	 415	 5.405 
3.5050	 460	 5.405 
3.5060	 463	 5.405 
3.5100	 461	 5.405 
3.5150	 475	 5.405 
3.5200	 482	 5.405 
3.5250	 481	 5.405 
3.5300	 493	 5.405 
3.5350	 471	 5.405 
3.5400	 448	 5.405 
3.5450	 420	 5.405 
3.5500	 401	 5.405 
3.5550	 398	 5.405 
3.5600	 389	 5.405 
3.5650	 390	 5.405 
3.5700	 389	 5.405 
3.5750	 385	 5.405 
3.5800	 396	 5.405 
3.5850	 408	 5.405 
3.5900	 443	 5.405 
3.5950	 474	 5.405 
3.6050	 500	 5.405 
3.6060	 500	 5.405 
3.6100	 493	 5.405 
3.6150	 503	 5.405 
3.6200	 500	 5.405 
3.6250	 483	 5.405 
3.6300	 472	 5.405 
3.6350	 430	 5.405 
3.6400	 414	 5.405 
3.6450	 404	 5.405 
3.6500	 392	 5.405 
3.6550	 397	 5.405 
3.6600	 385	 5.405 
3.6650	 389	 5.405 
3.6700	 393	 5.405 
3.6750	 399	 5.405 
3.6800	 433	 5.405 
3.6850	 443	 5.405 
3.6900	 463	 5.405 
3.6950	 474	 5.405 
3.7060	 490	 5.405 
3.7060	 493	 5.405 
3.7100	 482	 5.405 
3.7150	 483	 5.405 
3.7200	 464	 5.405 
3.7250	 427	 5.405 
3.7300	 413	 5.405 
3.7350	 395	 5.405 
3.7400	 393	 5.405 
3.7450	 391	 5.405 
3.7500	 386	 5.405 
3.7550	 390	 5.405 
3.7600	 387	 5.405 
3.7650	 401	 5.405 
3.7700	 427	 5.405 
3.7750	 453	 5.405 
3.7800	 487	 5.405 
3.7850	 486	 5.405 
3.7900	 499	 5.405 
3.7950	 503	 5.405 
3.8050	 498	 5.556 
3.8060	 499	 5.556 
3.8100	 473	 5.556 
3.8150	 450	 5.556 
3.8200	 423	 5.556 
3.8250	 402	 5.556 
3.8300	 403	 5.556 
3.8350	 391	 5.556 
3.8400	 391	 5.556 
3.8450	 390	 5.556 
3.8500	 385	 5.556 
3.8550	 402	 5.556 
3.8600	 411	 5.556 
3.8650	 440	 5.556 
3.8700	 460	 5.556 
3.8750	 462	 5.556 
3.8800	 482	 5.556 
3.8850	 475	 5.556 
3.8900	 490	 5.556 
3.8950	 488	 5.556 
3.9050	 445	 5.556 
3.9060	 445	 5.556 
3.9100	 415	 5.556 
3.9150	 403	 5.556 
3.9200	 396	 5.556 
3.9250	 389	 5.556 
3.9300	 392	 5.556 
3.9350	 385	 5.556 
3.9400	 389	 5.556 
3.9450	 395	 5.556 
3.9500	 409	 5.556 
3.9550	 449	 5.556 
3.9600	 468	 5.556 
3.9650	 490	 5.556 
3.9700	 499	 5.556 
3.9750	 494	 5.556 
3.9800	 510	 5.556 
3.9850	 492	 5.556 
3.9900	 490	 5.556 
3.9950	 466	 5.556 
4.0050	 414	 5.556 
4.0060	 415	 5.556 
4.0100	 398	 5.556 
4.0150	 397	 5.556 
4.0200	 394	 5.556 
4.0250	 385	 5.556 
4.0300	 393	 5.556 
4.0350	 388	 5.556 
4.0400	 406	 5.556 
4.0450	 431	 5.556 
4.0500	 444	 5.556 
4.0550	 471	 5.556 
4.0600	 466	 5.556 
4.0650	 479	 5.556 
4.0700	 488	 5.556 
4.0750	 483	 5.556 
4.0800	 489	 5.556 
4.0850	 457	 5.556 
4.0900	 431	 5.556 
4.0950	 410	 5.556 
4.1050	 393	 5.405 
4.1060	 394	 5.405 
4.1100	 388	 5.405 
4.1150	 389	 5.405 
4.1200	 389	 5.405 
4.1250	 387	 5.405 
4.1300	 405	 5.405 
4.1350	 423	 5.405 
4.1400	 462	 5.405 
4.1450	 484	 5.405 
4.1500	 487	 5.405 
4.1550	 506	 5.405 
4.1600	 495	 5.405 
4.1650	 503	 5.405 
4.1700	 498	 5.405 
4.1750	 473	 5.405 
4.1800	 454	 5.405 
4.1850	 417	 5.405 
4.1900	 407	 5.405 
4.1950	 400	 5.405 
4.2060	 393	 5.556 
4.2060	 395	 5.556 
4.2100	 385	 5.556 
4.2150	 390	 5.556 
4.2200	 399	 5.556 
4.2250	 411	 5.556 
4.2300	 448	 5.556 
4.2350	 453	 5.556 
4.2400	 470	 5.556 
4.2450	 477	 5.556 
4.2500	 475	 5.556 
4.2550	 496	 5.556 
4.2600	 481	 5.556 
4.2650	 475	 5.556 
4.2700	 447	 5.556 
4.2750	 415	 5.556 
4.2800	 406	 5.556 
4.2850	 393	 5.556 
4.2900	 392	 5.556 
4.2950	 391	 5.556 
4.3060	 389	 5.556 
4.3060	 392	 5.556 
4.3100	 391	 5.556 
4.3150	 413	 5.556 
4.3200	 446	 5.556 
4.3250	 469	 5.556 
4.3300	 495	 5.556 
4.3350	 489	 5.556 
4.3400	 501	 5.556 
4.3450	 503	 5.556 
4.3500	 492	 5.556 
4.3550	 495	 5.556 
4.3600	 458	 5.556 
4.3650	 434	 5.556 
4.3700	 413	 5.556 
4.3750	 398	 5.556 
4.3800	 401	 5.556 
4.3850	 388	 5.556 
4.3900	 390	 5.556 
4.3950	 389	 5.556 
4.4050	 408	 5.556 
4.4060	 412	 5.556 
4.4100	 422	 5.556 
4.4150	 451	 5.556 
4.4200	 465	 5.556 
4.4250	 466	 5.556 
4.4300	 484	 5.556 
4.4350	 479	 5.556 
4.4400	 491	 5.556 
4.4450	 483	 5.556 
4.4500	 457	 5.556 
4.4550	 436	 5.556 
4.4600	 406	 5.556 
4.4650	 399	 5.556 
4.4700	 394	 5.556 
4.4750	 388	 5.556 
4.4800	 391	 5.556 
4.4850	 385	 5.556 
4.4900	 391	 5.556 
4.4950	 402	 5.556 
4.5050	 464	 5.405 
4.5060	 466	 5.405 
4.5100	 475	 5.405 
4.5150	 494	 5.405 
4.5200	 500	 5.405 
4.5250	 494	 5.405 
4.5300	 508	 5.405 
4.5350	 488	 5.405 
4.5400	 480	 5.405 
4.5450	 451	 5.405 
4.5500	 417	 5.405 
4.5550	 411	 5.405 
4.5600	 394	 5.405 
4.5650	 395	 5.405 
4.5700	 393	 5.405 
4.5750	 384	 5.405 
4.5800	 394	 5.405 
4.5850	 393	 5.405 
4.5900	 416	 5.405 
4.5950	 442	 5.405 
4.6050	 474	 5.405 
4.6060	 475	 5.405 
4.6100	 469	 5.405 
4.6150	 482	 5.405 
4.6200	 490	 5.405 
4.6250	 481	 5.405 
4.6300	 480	 5.405 
4.6350	 442	 5.405 
4.6400	 419	 5.405 
4.6450	 404	 5.405 
4.6500	 393	 5.405 
4.6550	 395	 5.405 
4.6600	 387	 5.405 
4.6650	 388	 5.405 
4.6700	 389	 5.405 
4.6750	 391	 5.405 
4.6800	 415	 5.405 
4.6850	 437	 5.405 
4.6900	 473	 5.405 
4.6950	 489	 5.405 
4.7060	 504	 5.405 
4.7060	 506	 5.405 
4.7100	 493	 5.405 
4.7150	 499	 5.405 
4.7200	 491	 5.405 
4.7250	 460	 5.405 
4.7300	 439	 5.405 
4.7350	 409	 5.405 
4.7400	 403	 5.405 
4.7450	 397	 5.405 
4.7500	 389	 5.405 
4.7550	 394	 5.405 
4.7600	 384	 5.405 
4.7650	 392	 5.405 
4.7700	 406	 5.405 
4.7750	 423	 5.405 
4.7800	 457	 5.405 
4.7850	 457	 5.405 
4.7900	 473	 5.405 
4.7950	 479	 5.405 
4.8050	 494	 5.714 
4.8060	 494	 5.714 
4.8100	 477	 5.714 
4.8150	 464	 5.714 
4.8200	 434	 5.714 
4.8250	 407	 5.714 
4.8300	 402	 5.714 
4.8350	 391	 5.714 
4.8400	 391	 5.714 
4.8450	 390	 5.714 
4.8500	 385	 5.714 
4.8550	 393	 5.714 
4.8600	 397	 5.714 
4.8650	 426	 5.714 
4.8700	 460	 5.714 
4.8750	 476	 5.714 
4.8800	 500	 5.714 
4.8850	 492	 5.714 
4.8900	 503	 5.714 
4.8950	 503	 5.714 
4.9050	 483	 5.556 
4.9060	 484	 5.556 
4.9100	 445	 5.556 
4.9150	 424	 5.556 
4.9200	 409	 5.556 
4.9250	 395	 5.556 
4.9300	 399	 5.556 
4.9350	 387	 5.556 
4.9400	 390	 5.556 
4.9450	 390	 5.556 
4.9500	 392	 5.556 
4.9550	 421	 5.556 
4.9600	 434	 5.556 
4.9650	 458	 5.556 
4.9700	 469	 5.556 
4.9750	 468	 5.556 
4.9800	 488	 5.556 
4.9850	 481	 5.556 
4.9900	 488	 5.556 
4.9950	 477	 5.556 
5.0050	 419	 5.405 
5.0060	 422	 5.405 
5.0100	 400	 5.405 
5.0150	 396	 5.405 
5.0200	 393	 5.405 
5.0250	 387	 5.405 
5.0300	 391	 5.405 
5.0350	 386	 5.405 
5.0400	 394	 5.405 
5.0450	 411	 5.405 
5.0500	 437	 5.405 
5.0550	 477	 5.405 
5.0600	 481	 5.405 
5.0650	 497	 5.405 
5.0700	 501	 5.405 
5.0750	 495	 5.405 
5.0800	 507	 5.405 
5.0850	 484	 5.405 
5.0900	 469	 5.405 
5.0950	 437	 5.405 
5.1050	 405	 5.405 
5.1060	 406	 5.405 
5.1100	 393	 5.405 
5.1150	 394	 5.405 
5.1200	 391	 5.405 
5.1250	 385	 5.405 
5.1300	 396	 5.405 
5.1350	 399	 5.405 
5.1400	 428	 5.405 
5.1450	 450	 5.405 
5.1500	 457	 5.405 
5.1550	 479	 5.405 
5.1600	 471	 5.405 
5.1650	 486	 5.405 
5.1700	 491	 5.405 
5.1750	 479	 5.405 
5.1800	 470	 5.405 
5.1850	 431	 5.405 
5.1900	 412	 5.405 
5.1950	 400	 5.405 
5.2060	 393	 5.556 
5.2060	 393	 5.556 
5.2100	 387	 5.556 
5.2150	 389	 5.556 
5.2200	 390	 5.556 
5.2250	 396	 5.556 
5.2300	 427	 5.556 
5.2350	 451	 5.556 
5.2400	 481	 5.556 
5.2450	 493	 5.556 
5.2500	 492	 5.556 
5.2550	 508	 5.556 
5.2600	 493	 5.556 
5.2650	 497	 5.556 
5.2700	 482	 5.556 
5.2750	 448	 5.556 
5.2800	 429	 5.556 
5.2850	 403	 5.556 
5.2900	 400	 5.556 
5.2950	 395	 5.556 
5.3060	 391	 5.405 
5.3060	 393	 5.405 
5.3100	 384	 5.405 
5.3150	 395	 5.405 
5.3200	 413	 5.405 
5.3250	 430	 5.405 
5.3300	 462	 5.405 
5.3350	 460	 5.405 
5.3400	 476	 5.405 
5.3450	 480	 5.405 
5.3500	 481	 5.405 
5.3550	 494	 5.405 
5.3600	 473	 5.405 
5.3650	 453	 5.405 
5.3700	 423	 5.405 
5.3750	 402	 5.405 
5.3800	 399	 5.405 
5.3850	 390	 5.405 
5.3900	 391	 5.405 
5.3950	 389	 5.405 
5.4050	 393	 5.405 
5.4060	 396	 5.405 
5.4100	 405	 5.405 
5.4150	 438	 5.405 
5.4200	 471	 5.405 
5.4250	 481	 5.405 
5.4300	 501	 5.405 
5.4350	 492	 5.405 
5.4400	 503	 5.405 
5.4450	 501	 5.405 
5.4500	 486	 5.405 
5.4550	 479	 5.405 
5.4600	 437	 5.405 
5.4650	 418	 5.405 
5.4700	 405	 5.405 
5.4750	 394	 5.405 
5.4800	 398	 5.405 
5.4850	 387	 5.405 
5.4900	 389	 5.405 
5.4950	 391	 5.405 
5.5050	 428	 5.556 
5.5060	 430	 5.556 
5.5100	 439	 5.556 
5.5150	 463	 5.556 
5.5200	 471	 5.556 
5.5250	 470	 5.556 
5.5300	 490	 5.556 
5.5350	 482	 5.556 
5.5400	 487	 5.556 
5.5450	 471	 5.556 
5.5500	 437	 5.556 
5.5550	 419	 5.556 
5.5600	 399	 5.556 
5.5650	 395	 5.556 
5.5700	 392	 5.556 
5.5750	 387	 5.556 
5.5800	 391	 5.556 
5.5850	 386	 5.556 
5.5900	 396	 5.556 
5.5950	 418	 5.556 
5.6050	 481	 5.556 
5.6060	 485	 5.556 
5.6100	 483	 5.556 
5.6150	 498	 5.556 
5.6200	 501	 5.556 
5.6250	 494	 5.556 
5.6300	 505	 5.556 
5.6350	 479	 5.556 
5.6400	 461	 5.556 
5.6450	 430	 5.556 
5.6500	 406	 5.556 
5.6550	 405	 5.556 
5.6600	 391	 5.556 
5.6650	 393	 5.556 
5.6700	 391	 5.556 
5.6750	 385	 5.556 
5.6800	 398	 5.556 
5.6850	 403	 5.556 
5.6900	 434	 5.556 
5.6950	 455	 5.556 
5.7060	 479	 5.556 
5.7060	 482	 5.556 
5.7100	 473	 5.556 
5.7150	 489	 5.556 
5.7200	 490	 5.556 
5.7250	 476	 5.556 
5.7300	 462	 5.556 
5.7350	 423	 5.556 
5.7400	 408	 5.556 
5.7450	 398	 5.556 
5.7500	 391	 5.556 
5.7550	 394	 5.556 
5.7600	 386	 5.556 
5.7650	 388	 5.556 
5.7700	 392	 5.556 
5.7750	 402	 5.556 
5.7800	 436	 5.556 
5.7850	 460	 5.556 
5.7900	 487	 5.556 
5.7950	 495	 5.556 
5.8050	 506	 5.556 
5.8060	 509	 5.556 
5.8100	 493	 5.556 
5.8150	 496	 5.556 
5.8200	 476	 5.556 
5.8250	 441	 5.556 
5.8300	 424	 5.556 
5.8350	 402	 5.556 
5.8400	 399	 5.556 
5.8450	 395	 5.556 
5.8500	 387	 5.556 
5.8550	 393	 5.556 
5.8600	 385	 5.556 
5.8650	 399	 5.556 
5.8700	 419	 5.556 
5.8750	 437	 5.556 
5.8800	 466	 5.556 
5.8850	 462	 5.556 
5.8900	 477	 5.556 
5.8950	 484	 5.556 
5.9050	 490	 5.405 
5.9060	 492	 5.405 
5.9100	 468	 5.405 
5.9150	 446	 5.405 
5.9200	 418	 5.405 
5.9250	 400	 5.405 
5.9300	 398	 5.405 
5.9350	 390	 5.405 
5.9400	 390	 5.405 
5.9450	 389	 5.405 
5.9500	 386	 5.405 
5.9550	 398	 5.405 
5.9600	 410	 5.405 
5.9650	 446	 5.405 
5.9700	 475	 5.405 
5.9750	 483	 5.405 
5.9800	 503	 5.405 
5.9850	 493	 5.405 
5.9900	 503	 5.405 
5.9950	 499	 5.405 
6.0050	 465	 5.405 
6.0060	 468	 5.405 
6.0100	 428	 5.405 
6.0150	 413	 5.405 
6.0200	 403	 5.405 
6.0250	 392	 5.405 
6.0300	 397	 5.405 
6.0350	 385	 5.405 
6.0400	 389	 5.405 
6.0450	 392	 5.405 
6.0500	 400	 5.405 
6.0550	 434	 5.405 
6.0600	 443	 5.405 
6.0650	 465	 5.405 
6.0700	 472	 5.405 
6.0750	 471	 5.405 
6.0800	 492	 5.405 
6.0850	 482	 5.405 
6.0900	 484	 5.405 
6.0950	 463	 5.405 
6.1050	 410	 5.405 
6.1060	 411	 5.405 
6.1100	 395	 5.405 
6.1150	 394	 5.405 
6.1200	 391	 5.405 
6.1250	 386	 5.405 
6.1300	 391	 5.405 
6.1350	 386	 5.405 
6.1400	 401	 5.405 
6.1450	 427	 5.405 
6.1500	 454	 5.405 
6.1550	 487	 5.405 
6.1600	 485	 5.405 
6.1650	 499	 5.405 
6.1700	 501	 5.405 
6.1750	 493	 5.405 
6.1800	 502	 5.405 
6.1850	 473	 5.405 
6.1900	 451	 5.405 
6.1950	 423	 5.405 
6.2060	 400	 5.405 
6.2060	 402	 5.405 
6.2100	 389	 5.405 
6.2150	 392	 5.405 
6.2200	 389	 5.405 
6.2250	 384	 5.405 
6.2300	 400	 5.405 
6.2350	 409	 5.405 
6.2400	 439	 5.405 
6.2450	 457	 5.405 
6.2500	 461	 5.405 
6.2550	 481	 5.405 
6.2600	 473	 5.405 
6.2650	 490	 5.405 
6.2700	 488	 5.405 
6.2750	 471	 5.405 
6.2800	 453	 5.405 
6.2850	 417	 5.405 
6.2900	 404	 5.405 
6.2950	 396	 5.405 
6.3060	 393	 5.556 
6.3060	 392	 5.556 
6.3100	 386	 5.556 
6.3150	 389	 5.556 
6.3200	 394	 5.556 
6.3250	 407	 5.556 
6.3300	 445	 5.556 
6.3350	 465	 5.556 
6.3400	 489	 5.556 
6.3450	 496	 5.556 
6.3500	 493	 5.556 
6.3550	 508	 5.556 
6.3600	 490	 5.556 
6.3650	 492	 5.556 
6.3700	 467	 5.556 
6.3750	 431	 5.556 
6.3800	 419	 5.556 
6.3850	 398	 5.556 
6.3900	 397	 5.556 
6.3950	 392	 5.556 
6.4050	 390	 5.556 
6.4060	 391	 5.556 
6.4100	 386	 5.556 
6.4150	 403	 5.556 
6.4200	 426	 5.556 
6.4250	 441	 5.556 
6.4300	 469	 5.556 
6.4350	 463	 5.556 
6.4400	 478	 5.556 
6.4450	 484	 5.556 
6.4500	 482	 5.556 
6.4550	 489	 5.556 
6.4600	 458	 5.556 
6.4650	 434	 5.556 
6.4700	 411	 5.556 
6.4750	 396	 5.556 
6.4800	 396	 5.556 
6.4850	 388	 5.556 
6.4900	 389	 5.556 
6.4950	 388	 5.556 
6.5050	 402	 5.556 
6.5060	 405	 5.556 
6.5100	 419	 5.556 
6.5150	 458	 5.556 
6.5200	 481	 5.556 
6.5250	 486	 5.556 
6.5300	 504	 5.556 
6.5350	 492	 5.556 
6.5400	 501	 5.556 
6.5450	 495	 5.556 
6.5500	 473	 5.556 
6.5550	 456	 5.556 
6.5600	 417	 5.556 
6.5650	 408	 5.556 
6.5700	 399	 5.556 
6.5750	 389	 5.556 
6.5800	 395	 5.556 
6.5850	 383	 5.556 
6.5900	 389	 5.556 
6.5950	 395	 5.556 
6.6060	 443	 5.405 
6.6060	 445	 5.405 
6.6100	 447	 5.405 
6.6150	 468	 5.405 
6.6200	 473	 5.405 
6.6250	 473	 5.405 
6.6300	 494	 5.405 
6.6350	 479	 5.405 
6.6400	 478	 5.405 
6.6450	 451	 5.405 
6.6500	 419	 5.405 
6.6550	 408	 5.405 
6.6600	 393	 5.405 
6.6650	 393	 5.405 
6.6700	 390	 5.405 
6.6750	 386	 5.405 
6.6800	 391	 5.405 
6.6850	 389	 5.405 
6.6900	 408	 5.405 
6.6950	 437	 5.405 
6.7060	 491	 5.405 
6.7060	 495	 5.405 
6.7100	 487	 5.405 
6.7150	 500	 5.405 
6.7200	 500	 5.405 
6.7250	 491	 5.405 
6.7300	 497	 5.405 
6.7350	 462	 5.405 
6.7400	 439	 5.405 
6.7450	 414	 5.405 
6.7500	 399	 5.405 
6.7550	 400	 5.405 
6.7600	 387	 5.405 
6.7650	 390	 5.405 
6.7700	 388	 5.405 
6.7750	 385	 5.405 
6.7800	 405	 5.405 
6.7850	 416	 5.405 
6.7900	 446	 5.405 
6.7950	 460	 5.405 
6.8050	 480	 5.405 
6.8060	 483	 5.405 
6.8100	 475	 5.405 
6.8150	 490	 5.405 
6.8200	 483	 5.405 
6.8250	 462	 5.405 
6.8300	 441	 5.405 
6.8350	 409	 5.405 
6.8400	 400	 5.405 
6.8450	 394	 5.405 
6.8500	 388	 5.405 
6.8550	 391	 5.405 
6.8600	 385	 5.405 
6.8650	 389	 5.405 
6.8700	 398	 5.405 
6.8750	 417	 5.405 
6.8800	 459	 5.405 
6.8850	 472	 5.405 
6.8900	 492	 5.405 
6.8950	 496	 5.405 
6.9050	 505	 5.747 
6.9060	 506	 5.747 
6.9100	 488	 5.747 
6.9150	 484	 5.747 
6.9200	 456	 5.747 
6.9250	 422	 5.747 
6.9300	 413	 5.747 
6.9350	 395	 5.747 
6.9400	 395	 5.747 
6.9450	 391	 5.747 
6.9500	 384	 5.747 
6.9550	 392	 5.747 
6.9600	 388	 5.747 
6.9650	 410	 5.747 
6.9700	 434	 5.747 
6.9750	 447	 5.747 
6.9800	 471	 5.747 
6.9850	 464	 5.747 
6.9900	 480	 5.747 
6.9950	 486	 5.747 
7.0050	 481	 5.556 
7.0060	 484	 5.556 
7.0100	 450	 5.556 
7.0150	 426	 5.556 
7.0200	 406	 5.556 
7.0250	 394	 5.556 
7.0300	 396	 5.556 
7.0350	 387	 5.556 
7.0400	 389	 5.556 
7.0450	 388	 5.556 
7.0500	 388	 5.556 
7.0550	 409	 5.556 
7.0600	 428	 5.556 
7.0650	 467	 5.556 
7.0700	 484	 5.556 
7.0750	 487	 5.556 
7.0800	 504	 5.556 
7.0850	 491	 5.556 
7.0900	 501	 5.556 
7.0950	 492	 5.556 
7.1050	 442	 5.405 
7.1060	 444	 5.405 
7.1100	 411	 5.405 
7.1150	 405	 5.405 
7.1200	 397	 5.405 
7.1250	 389	 5.405 
7.1300	 393	 5.405 
7.1350	 383	 5.405 
7.1400	 390	 5.405 
7.1450	 399	 5.405 
7.1500	 414	 5.405 
7.1550	 448	 5.405 
7.1600	 451	 5.405 
7.1650	 469	 5.405 
7.1700	 474	 5.405 
7.1750	 475	 5.405 
7.1800	 494	 5.405 
7.1850	 477	 5.405 
7.1900	 471	 5.405 
7.1950	 440	 5.405 
7.2060	 401	 5.556 
7.2060	 402	 5.556 
7.2100	 391	 5.556 
7.2150	 392	 5.556 
7.2200	 389	 5.556 
7.2250	 385	 5.556 
7.2300	 391	 5.556 
7.2350	 393	 5.556 
7.2400	 418	 5.556 
7.2450	 449	 5.556 
7.2500	 471	 5.556 
7.2550	 496	 5.556 
7.2600	 488	 5.556 
7.2650	 501	 5.556 
7.2700	 500	 5.556 
7.2750	 490	 5.556 
7.2800	 492	 5.556 
7.2850	 452	 5.556 
7.2900	 430	 5.556 
7.2950	 410	 5.556 
7.3060	 397	 5.405 
7.3060	 399	 5.405 
7.3100	 386	 5.405 
7.3150	 389	 5.405 
7.3200	 388	 5.405 
7.3250	 387	 5.405 
7.3300	 411	 5.405 
7.3350	 423	 5.405 
7.3400	 452	 5.405 
7.3450	 463	 5.405 
7.3500	 465	 5.405 
7.3550	 483	 5.405 
7.3600	 477	 5.405 
7.3650	 489	 5.405 
7.3700	 480	 5.405 
7.3750	 453	 5.405 
7.3800	 431	 5.405 
7.3850	 404	 5.405 
7.3900	 398	 5.405 
7.3950	 393	 5.405 
7.4050	 390	 5.405 
7.4060	 392	 5.405 
7.4100	 384	 5.405 
7.4150	 391	 5.405 
7.4200	 403	 5.405 
7.4250	 425	 5.405 
7.4300	 467	 5.405 
7.4350	 476	 5.405 
7.4400	 495	 5.405 
7.4450	 497	 5.405 
7.4500	 493	 5.405 
7.4550	 505	 5.405 
7.4600	 484	 5.405 
7.4650	 476	 5.405 
7.4700	 445	 5.405 
7.4750	 414	 5.405 
7.4800	 409	 5.405 
7.4850	 392	 5.405 
7.4900	 394	 5.405 
7.4950	 390	 5.405 
7.5050	 392	 5.556 
7.5060	 393	 5.556 
7.5100	 392	 5.556 
7.5150	 418	 5.556 
7.5200	 441	 5.556 
7.5250	 452	 5.556 
7.5300	 475	 5.556 
7.5350	 466	 5.556 
7.5400	 483	 5.556 
7.5450	 487	 5.556 
7.5500	 480	 5.556 
7.5550	 477	 5.556 
7.5600	 439	 5.556 
7.5650	 418	 5.556 
7.5700	 402	 5.556 
7.5750	 392	 5.556 
7.5800	 394	 5.556 
7.5850	 386	 5.556 
7.5900	 389	 5.556 
7.5950	 389	 5.556 
7.6050	 418	 5.556 
7.6060	 419	 5.556 
7.6100	 441	 5.556 
7.6150	 477	 5.556 
7.6200	 488	 5.556 
7.6250	 489	 5.556 
7.6300	 505	 5.556 
7.6350	 491	 5.556 
7.6400	 499	 5.556 
7.6450	 486	 5.556 
7.6500	 456	 5.556 
7.6550	 436	 5.556 
7.6600	 406	 5.556 
7.6650	 402	 5.556 
7.6700	 395	 5.556 
7.6750	 387	 5.556 
7.6800	 392	 5.556 
7.6850	 383	 5.556 
7.6900	 391	 5.556 
7.6950	 404	 5.556 
7.7060	 454	 5.405 
7.7060	 457	 5.405 
7.7100	 454	 5.405 
7.7150	 472	 5.405 
7.7200	 475	 5.405 
7.7250	 478	 5.405 
7.7300	 494	 5.405 
7.7350	 475	 5.405 
7.7400	 463	 5.405 
7.7450	 431	 5.405 
7.7500	 407	 5.405 
7.7550	 401	 5.405 
7.7600	 390	 5.405 
7.7650	 391	 5.405 
7.7700	 389	 5.405 
7.7750	 385	 5.405 
7.7800	 392	 5.405 
7.7850	 397	 5.405 
7.7900	 426	 5.405 
7.7950	 458	 5.405 
7.8050	 496	 5.556 
7.8060	 499	 5.556 
7.8100	 489	 5.556 
7.8150	 503	 5.556 
7.8200	 499	 5.556 
7.8250	 488	 5.556 
7.8300	 485	 5.556 
7.8350	 444	 5.556 
7.8400	 422	 5.556 
7.8450	 406	 5.556 
7.8500	 395	 5.556 
7.8550	 398	 5.556 
7.8600	 385	 5.556 
7.8650	 389	 5.556 
7.8700	 388	 5.556 
7.8750	 391	 5.556 
7.8800	 418	 5.556 
7.8850	 429	 5.556 
7.8900	 457	 5.556 
7.8950	 465	 5.556 
7.9050	 484	 5.435 
7.9060	 486	 5.435 
7.9100	 479	 5.435 
7.9150	 488	 5.435 
7.9200	 476	 5.435 
7.9250	 445	 5.435 
7.9300	 423	 5.435 
7.9350	 400	 5.435 
7.9400	 396	 5.435 
7.9450	 392	 5.435 
7.9500	 387	 5.435 
7.9550	 391	 5.435 
7.9600	 385	 5.435 
7.9650	 394	 5.435 
7.9700	 409	 5.435 
7.9750	 434	 5.435 
7.9800	 475	 5.435 
7.9850	 479	 5.435 
7.9900	 497	 5.435 
7.9950	 497	 5.435 
