0.0050
0.0000	 461	 0.000 
0.0050	 456	 0.000 
0.0100	 454	 0.000 
0.0150	 463	 0.000 
0.0200	 451	 0.000 
0.0250	 462	 0.000 
0.0300	 455	 0.000 
0.0350	 455	 0.000 
0.0400	 463	 0.000 
0.0450	 451	 0.000 
0.0500	 461	 0.000 
0.0550	 455	 0.000 
0.0600	 454	 0.000 
0.0650	 464	 0.000 
0.0700	 451	 0.000 
0.0750	 462	 0.000 
0.0800	 456	 0.000 
0.0850	 455	 0.000 
0.0900	 463	 0.000 
0.0950	 451	 0.000 
0.1000	 462	 0.000 
0.1050	 455	 0.000 
0.1100	 455	 0.000 
0.1150	 464	 0.000 
0.1200	 451	 0.000 
0.1250	 462	 0.000 
0.1300	 456	 0.000 
0.1350	 455	 0.000 
0.1400	 461	 0.000 
0.1450	 450	 0.000 
0.1500	 462	 0.000 
0.1550	 456	 0.000 
0.1600	 455	 0.000 
0.1650	 464	 0.000 
0.1700	 451	 0.000 
0.1750	 462	 0.000 
0.1800	 456	 0.000 
0.1850	 455	 0.000 
0.1900	 463	 0.000 
0.1950	 450	 0.000 
0.2000	 462	 0.000 
0.2050	 456	 0.000 
0.2100	 455	 0.000 
0.2150	 464	 0.000 
0.2200	 451	 0.000 
0.2250	 462	 0.000 
0.2300	 456	 0.000 
0.2350	 455	 0.000 
0.2400	 463	 0.000 
0.2450	 451	 0.000 
0.2500	 462	 0.000 
0.2550	 455	 0.000 
0.2600	 454	 0.000 
0.2650	 463	 0.000 
0.2700	 450	 0.000 
0.2750	 462	 0.000 
0.2800	 454	 0.000 
0.2850	 455	 0.000 
0.2900	 462	 0.000 
0.2950	 450	 0.000 
0.3000	 462	 0.000 
0.3050	 455	 0.000 
0.3100	 455	 0.000 
0.3150	 462	 0.000 
0.3200	 450	 0.000 
0.3250	 463	 0.000 
0.3300	 455	 0.000 
0.3350	 455	 0.000 
0.3400	 461	 0.000 
0.3450	 451	 0.000 
0.3500	 462	 0.000 
0.3550	 455	 0.000 
0.3600	 455	 0.000 
0.3650	 463	 0.000 
0.3700	 450	 0.000 
0.3750	 461	 0.000 
0.3800	 456	 0.000 
0.3850	 454	 0.000 
0.3900	 463	 0.000 
0.3950	 451	 0.000 
0.4000	 463	 0.000 
0.4050	 456	 0.000 
0.4100	 454	 0.000 
0.4150	 463	 0.000 
0.4200	 451	 0.000 
0.4250	 462	 0.000 
0.4300	 455	 0.000 
0.4350	 455	 0.000 
0.4400	 463	 0.000 
0.4450	 451	 0.000 
0.4500	 462	 0.000 
0.4550	 456	 0.000 
0.4600	 454	 0.000 
0.4650	 463	 0.000 
0.4700	 451	 0.000 
0.4750	 462	 0.000 
0.4800	 456	 0.000 
0.4850	 455	 0.000 
0.4900	 461	 0.000 
0.4950	 451	 0.000 
0.5000	 462	 0.000 
0.5050	 455	 0.000 
0.5100	 455	 0.000 
0.5150	 463	 0.000 
0.5200	 451	 0.000 
0.5250	 462	 0.000 
0.5300	 455	 0.000 
0.5350	 456	 0.000 
0.5400	 463	 0.000 
0.5450	 450	 0.000 
0.5500	 464	 0.000 
0.5550	 455	 0.000 
0.5600	 455	 0.000 
0.5650	 462	 0.000 
0.5700	 451	 0.000 
0.5750	 462	 0.000 
0.5800	 455	 0.000 
0.5850	 455	 0.000 
0.5900	 463	 0.000 
0.5950	 451	 0.000 
0.6000	 463	 0.000 
0.6050	 455	 0.000 
0.6100	 455	 0.000 
0.6150	 463	 0.000 
0.6200	 451	 0.000 
0.6250	 463	 0.000 
0.6300	 455	 0.000 
0.6350	 454	 0.000 
0.6400	 463	 0.000 
0.6450	 450	 0.000 
0.6500	 462	 0.000 
0.6550	 455	 0.000 
0.6600	 455	 0.000 
0.6650	 463	 0.000 
0.6700	 451	 0.000 
0.6750	 462	 0.000 
0.6800	 455	 0.000 
0.6850	 455	 0.000 
0.6900	 462	 0.000 
0.6950	 450	 0.000 
0.7000	 463	 0.000 
0.7050	 455	 0.000 
0.7100	 455	 0.000 
0.7150	 463	 0.000 
0.7200	 450	 0.000 
0.7250	 462	 0.000 
0.7300	 456	 0.000 
0.7350	 455	 0.000 
0.7400	 463	 0.000 
0.7450	 451	 0.000 
0.7500	 462	 0.000 
0.7550	 455	 0.000 
0.7600	 455	 0.000 
0.7650	 463	 0.000 
0.7700	 451	 0.000 
0.7750	 463	 0.000 
0.7800	 455	 0.000 
0.7850	 456	 0.000 
0.7900	 464	 0.000 
0.7950	 451	 0.000 
0.8000	 464	 0.000 
0.8050	 456	 0.000 
0.8100	 455	 0.000 
0.8150	 461	 0.000 
0.8200	 451	 0.000 
0.8250	 463	 0.000 
0.8300	 455	 0.000 
0.8350	 456	 0.000 
0.8400	 463	 0.000 
0.8450	 451	 0.000 
0.8500	 463	 0.000 
0.8550	 456	 0.000 
0.8600	 456	 0.000 
0.8650	 463	 0.000 
0.8700	 451	 0.000 
0.8750	 463	 0.000 
0.8800	 455	 0.000 
0.8850	 456	 0.000 
0.8900	 464	 0.000 
0.8950	 451	 0.000 
0.9000	 463	 0.000 
0.9050	 455	 0.000 
0.9100	 456	 0.000 
0.9150	 463	 0.000 
0.9200	 451	 0.000 
0.9250	 463	 0.000 
0.9300	 455	 0.000 
0.9350	 453	 0.000 
0.9400	 463	 0.000 
0.9450	 451	 0.000 
0.9500	 463	 0.000 
0.9550	 455	 0.000 
0.9600	 456	 0.000 
0.9650	 464	 0.000 
0.9700	 451	 0.000 
0.9750	 463	 0.000 
0.9800	 455	 0.000 
0.9850	 455	 0.000 
0.9900	 462	 0.000 
0.9950	 451	 0.000 
1.0050	 456	 0.000 
1.0050	 458	 0.000 
1.0100	 456	 0.000 
1.0150	 463	 0.000 
1.0200	 452	 0.000 
1.0250	 466	 0.000 
1.0300	 462	 0.000 
1.0350	 468	 0.000 
1.0400	 479	 0.000 
1.0450	 471	 0.000 
1.0500	 489	 0.000 
1.0550	 480	 0.000 
1.0600	 483	 0.000 
1.0650	 493	 0.000 
1.0700	 483	 0.000 
1.0750	 498	 0.000 
1.0800	 484	 0.000 
1.0850	 475	 0.000 
1.0900	 457	 0.000 
1.0950	 422	 0.000 
1.1000	 408	 0.000 
1.1050	 391	 0.000 
1.1100	 383	 0.000 
1.1150	 382	 0.000 
1.1200	 374	 0.000 
1.1250	 378	 0.000 
1.1300	 374	 0.000 
1.1350	 380	 0.000 
1.1400	 397	 0.000 
1.1450	 416	 0.000 
1.1500	 459	 0.000 
1.1550	 470	 0.000 
1.1600	 484	 0.000 
1.1650	 495	 0.000 
1.1700	 486	 0.000 
1.1750	 502	 0.000 
1.1800	 484	 0.000 
1.1850	 468	 0.000 
1.1900	 441	 0.000 
1.1950	 409	 0.000 
1.2000	 405	 0.000 
1.2050	 393	 0.000 
1.2100	 389	 0.000 
1.2150	 391	 0.000 
1.2200	 381	 0.000 
1.2250	 394	 0.000 
1.2300	 403	 0.000 
1.2350	 429	 0.000 
1.2400	 455	 0.000 
1.2450	 458	 0.000 
1.2500	 478	 0.000 
1.2550	 475	 0.000 
1.2600	 483	 0.000 
1.2650	 486	 0.000 
1.2700	 460	 0.000 
1.2750	 438	 0.000 
1.2800	 406	 0.000 
1.2850	 391	 0.000 
1.2900	 385	 0.000 
1.2950	 375	 0.000 
1.3000	 379	 0.000 
1.3050	 374	 0.000 
1.3100	 377	 0.000 
1.3150	 396	 0.000 
1.3200	 419	 0.000 
1.3250	 461	 0.000 
1.3300	 471	 0.000 
1.3350	 485	 0.000 
1.3400	 495	 0.000 
1.3450	 485	 0.000 
1.3500	 498	 0.000 
1.3550	 476	 0.000 
1.3600	 449	 0.000 
1.3650	 424	 0.000 
1.3700	 400	 0.000 
1.3750	 399	 0.000 
1.3800	 389	 0.000 
1.3850	 387	 0.000 
1.3900	 390	 0.000 
1.3950	 384	 0.000 
1.4000	 404	 0.000 
1.4050	 423	 0.000 
1.4100	 446	 0.000 
1.4150	 467	 0.000 
1.4200	 464	 0.000 
1.4250	 483	 0.000 
1.4300	 480	 0.000 
1.4350	 481	 0.000 
1.4400	 474	 0.000 
1.4450	 435	 0.000 
1.4500	 413	 0.000 
1.4550	 392	 0.000 
1.4600	 383	 0.000 
1.4650	 382	 0.000 
1.4700	 373	 0.000 
1.4750	 378	 0.000 
1.4800	 377	 0.000 
1.4850	 390	 0.000 
1.4900	 423	 0.000 
1.4950	 447	 0.000 
1.5060	 481	 5.882 
1.5060	 487	 5.882 
1.5100	 489	 5.882 
1.5150	 499	 5.882 
1.5200	 484	 5.882 
1.5250	 488	 5.882 
1.5300	 451	 5.882 
1.5350	 422	 5.882 
1.5400	 409	 5.882 
1.5450	 392	 5.882 
1.5500	 395	 5.882 
1.5550	 387	 5.882 
1.5600	 385	 5.882 
1.5650	 390	 5.882 
1.5700	 394	 5.882 
1.5750	 427	 5.882 
1.5800	 442	 5.882 
1.5850	 460	 5.882 
1.5900	 475	 5.882 
1.5950	 469	 5.882 
1.6050	 478	 5.882 
1.6060	 483	 5.882 
1.6100	 471	 5.882 
1.6150	 445	 5.882 
1.6200	 407	 5.882 
1.6250	 396	 5.882 
1.6300	 382	 5.882 
1.6350	 378	 5.882 
1.6400	 379	 5.882 
1.6450	 372	 5.882 
1.6500	 380	 5.882 
1.6550	 388	 5.882 
1.6600	 416	 5.882 
1.6650	 455	 5.882 
1.6700	 465	 5.882 
1.6750	 490	 5.882 
1.6800	 485	 5.882 
1.6850	 492	 5.882 
1.6900	 497	 5.882 
1.6950	 475	 5.882 
1.7050	 420	 5.882 
1.7060	 423	 5.882 
1.7100	 406	 5.882 
1.7150	 399	 5.882 
1.7200	 388	 5.882 
1.7250	 392	 5.882 
1.7300	 384	 5.882 
1.7350	 386	 5.882 
1.7400	 401	 5.882 
1.7450	 416	 5.882 
1.7500	 450	 5.882 
1.7550	 458	 5.882 
1.7600	 469	 5.882 
1.7650	 480	 5.882 
1.7700	 475	 5.882 
1.7750	 488	 5.882 
1.7800	 468	 5.882 
1.7850	 442	 5.882 
1.7900	 415	 5.882 
1.7950	 392	 5.882 
1.8050	 377	 5.882 
1.8060	 381	 5.882 
1.8100	 376	 5.882 
1.8150	 378	 5.882 
1.8200	 374	 5.882 
1.8250	 392	 5.882 
1.8300	 412	 5.882 
1.8350	 449	 5.882 
1.8400	 476	 5.882 
1.8450	 476	 5.882 
1.8500	 495	 5.882 
1.8550	 489	 5.882 
1.8600	 492	 5.882 
1.8650	 487	 5.882 
1.8700	 451	 5.882 
1.8750	 430	 5.882 
1.8800	 405	 5.882 
1.8850	 396	 5.882 
1.8900	 395	 5.882 
1.8950	 385	 5.882 
1.9050	 386	 5.882 
1.9060	 390	 5.882 
1.9100	 397	 5.882 
1.9150	 423	 5.882 
1.9200	 437	 5.882 
1.9250	 467	 5.882 
1.9300	 464	 5.882 
1.9350	 474	 5.882 
1.9400	 487	 5.882 
1.9450	 475	 5.882 
1.9500	 479	 5.882 
1.9550	 441	 5.882 
1.9600	 413	 5.882 
1.9650	 397	 5.882 
1.9700	 382	 5.882 
1.9750	 383	 5.882 
1.9800	 375	 5.882 
1.9850	 375	 5.882 
1.9900	 380	 5.882 
1.9950	 384	 5.882 
2.0050	 448	 5.882 
2.0060	 452	 5.882 
2.0100	 469	 5.882 
2.0150	 487	 5.882 
2.0200	 481	 5.882 
2.0250	 499	 5.882 
2.0300	 488	 5.882 
2.0350	 483	 5.882 
2.0400	 462	 5.882 
2.0450	 422	 5.882 
2.0500	 412	 5.882 
2.0550	 396	 5.882 
2.0600	 392	 5.882 
2.0650	 392	 5.882 
2.0700	 382	 5.882 
2.0750	 391	 5.882 
2.0800	 394	 5.882 
2.0850	 418	 5.882 
2.0900	 446	 5.882 
2.0950	 453	 5.882 
2.1050	 472	 6.061 
2.1060	 476	 6.061 
2.1100	 482	 6.061 
2.1150	 487	 6.061 
2.1200	 469	 6.061 
2.1250	 452	 6.061 
2.1300	 413	 6.061 
2.1350	 396	 6.061 
2.1400	 388	 6.061 
2.1450	 377	 6.061 
2.1500	 380	 6.061 
2.1550	 375	 6.061 
2.1600	 377	 6.061 
2.1650	 389	 6.061 
2.1700	 407	 6.061 
2.1750	 452	 6.061 
2.1800	 465	 6.061 
2.1850	 482	 6.061 
2.1900	 493	 6.061 
2.1950	 485	 6.061 
2.2050	 480	 5.882 
2.2060	 483	 5.882 
2.2100	 462	 5.882 
2.2150	 433	 5.882 
2.2200	 405	 5.882 
2.2250	 402	 5.882 
2.2300	 390	 5.882 
2.2350	 389	 5.882 
2.2400	 389	 5.882 
2.2450	 383	 5.882 
2.2500	 398	 5.882 
2.2550	 412	 5.882 
2.2600	 439	 5.882 
2.2650	 462	 5.882 
2.2700	 462	 5.882 
2.2750	 481	 5.882 
2.2800	 477	 5.882 
2.2850	 483	 5.882 
2.2900	 480	 5.882 
2.2950	 447	 5.882 
2.3050	 395	 5.882 
2.3060	 397	 5.882 
2.3100	 387	 5.882 
2.3150	 383	 5.882 
2.3200	 373	 5.882 
2.3250	 379	 5.882 
2.3300	 375	 5.882 
2.3350	 383	 5.882 
2.3400	 409	 5.882 
2.3450	 436	 5.882 
2.3500	 472	 5.882 
2.3550	 476	 5.882 
2.3600	 488	 5.882 
2.3650	 496	 5.882 
2.3700	 486	 5.882 
2.3750	 495	 5.882 
2.3800	 463	 5.882 
2.3850	 434	 5.882 
2.3900	 415	 5.882 
2.3950	 396	 5.882 
2.4050	 388	 5.882 
2.4060	 387	 5.882 
2.4100	 387	 5.882 
2.4150	 389	 5.882 
2.4200	 389	 5.882 
2.4250	 415	 5.882 
2.4300	 432	 5.882 
2.4350	 455	 5.882 
2.4400	 471	 5.882 
2.4450	 467	 5.882 
2.4500	 487	 5.882 
2.4550	 479	 5.882 
2.4600	 478	 5.882 
2.4650	 460	 5.882 
2.4700	 420	 5.882 
2.4750	 404	 5.882 
2.4800	 386	 5.882 
2.4850	 381	 5.882 
2.4900	 380	 5.882 
2.4950	 373	 5.882 
2.5050	 380	 6.061 
2.5060	 384	 6.061 
2.5100	 402	 6.061 
2.5150	 438	 6.061 
2.5200	 457	 6.061 
2.5250	 485	 6.061 
2.5300	 481	 6.061 
2.5350	 492	 6.061 
2.5400	 499	 6.061 
2.5450	 482	 6.061 
2.5500	 477	 6.061 
2.5550	 435	 6.061 
2.5600	 414	 6.061 
2.5650	 404	 6.061 
2.5700	 390	 6.061 
2.5750	 394	 6.061 
2.5800	 384	 6.061 
2.5850	 386	 6.061 
2.5900	 393	 6.061 
2.5950	 403	 6.061 
2.6050	 450	 5.882 
2.6060	 454	 5.882 
2.6100	 467	 5.882 
2.6150	 476	 5.882 
2.6200	 474	 5.882 
2.6250	 491	 5.882 
2.6300	 475	 5.882 
2.6350	 461	 5.882 
2.6400	 430	 5.882 
2.6450	 399	 5.882 
2.6500	 392	 5.882 
2.6550	 380	 5.882 
2.6600	 378	 5.882 
2.6650	 378	 5.882 
2.6700	 373	 5.882 
2.6750	 385	 5.882 
2.6800	 397	 5.882 
2.6850	 431	 5.882 
2.6900	 465	 5.882 
2.6950	 470	 5.882 
2.7050	 486	 5.714 
2.7060	 490	 5.714 
2.7100	 494	 5.714 
2.7150	 494	 5.714 
2.7200	 467	 5.714 
2.7250	 447	 5.714 
2.7300	 414	 5.714 
2.7350	 402	 5.714 
2.7400	 397	 5.714 
2.7450	 387	 5.714 
2.7500	 392	 5.714 
2.7550	 383	 5.714 
2.7600	 390	 5.714 
2.7650	 408	 5.714 
2.7700	 426	 5.714 
2.7750	 458	 5.714 
2.7800	 461	 5.714 
2.7850	 472	 5.714 
2.7900	 482	 5.714 
2.7950	 477	 5.714 
2.8050	 456	 5.882 
2.8060	 458	 5.882 
2.8100	 431	 5.882 
2.8150	 407	 5.882 
2.8200	 387	 5.882 
2.8250	 385	 5.882 
2.8300	 377	 5.882 
2.8350	 376	 5.882 
2.8400	 377	 5.882 
2.8450	 377	 5.882 
2.8500	 401	 5.882 
2.8550	 425	 5.882 
2.8600	 460	 5.882 
2.8650	 479	 5.882 
2.8700	 478	 5.882 
2.8750	 498	 5.882 
2.8800	 488	 5.882 
2.8850	 491	 5.882 
2.8900	 479	 5.882 
2.8950	 440	 5.882 
2.9050	 399	 5.882 
2.9060	 400	 5.882 
2.9100	 395	 5.882 
2.9150	 394	 5.882 
2.9200	 385	 5.882 
2.9250	 390	 5.882 
2.9300	 387	 5.882 
2.9350	 403	 5.882 
2.9400	 432	 5.882 
2.9450	 444	 5.882 
2.9500	 471	 5.882 
2.9550	 467	 5.882 
2.9600	 478	 5.882 
2.9650	 487	 5.882 
2.9700	 475	 5.882 
2.9750	 472	 5.882 
2.9800	 431	 5.882 
2.9850	 406	 5.882 
2.9900	 393	 5.882 
2.9950	 380	 5.882 
3.0050	 373	 5.882 
3.0060	 375	 5.882 
3.0100	 376	 5.882 
3.0150	 381	 5.882 
3.0200	 391	 5.882 
3.0250	 431	 5.882 
3.0300	 452	 5.882 
3.0350	 475	 5.882 
3.0400	 488	 5.882 
3.0450	 483	 5.882 
3.0500	 501	 5.882 
3.0550	 486	 5.882 
3.0600	 479	 5.882 
3.0650	 452	 5.882 
3.0700	 415	 5.882 
3.0750	 409	 5.882 
3.0800	 393	 5.882 
3.0850	 392	 5.882 
3.0900	 390	 5.882 
3.0950	 383	 5.882 
3.1050	 400	 6.061 
3.1060	 401	 6.061 
3.1100	 426	 6.061 
3.1150	 451	 6.061 
3.1200	 456	 6.061 
3.1250	 478	 6.061 
3.1300	 472	 6.061 
3.1350	 484	 6.061 
3.1400	 485	 6.061 
3.1450	 464	 6.061 
3.1500	 443	 6.061 
3.1550	 406	 6.061 
3.1600	 393	 6.061 
3.1650	 386	 6.061 
3.1700	 376	 6.061 
3.1750	 380	 6.061 
3.1800	 374	 6.061 
3.1850	 379	 6.061 
3.1900	 393	 6.061 
3.1950	 416	 6.061 
3.2050	 469	 5.714 
3.2060	 473	 5.714 
3.2100	 485	 5.714 
3.2150	 493	 5.714 
3.2200	 486	 5.714 
3.2250	 499	 5.714 
3.2300	 475	 5.714 
3.2350	 454	 5.714 
3.2400	 426	 5.714 
3.2450	 402	 5.714 
3.2500	 400	 5.714 
3.2550	 389	 5.714 
3.2600	 389	 5.714 
3.2650	 389	 5.714 
3.2700	 385	 5.714 
3.2750	 403	 5.714 
3.2800	 418	 5.714 
3.2850	 446	 5.714 
3.2900	 464	 5.714 
3.2950	 465	 5.714 
3.3050	 477	 5.882 
3.3060	 482	 5.882 
3.3100	 483	 5.882 
3.3150	 475	 5.882 
3.3200	 439	 5.882 
3.3250	 416	 5.882 
3.3300	 392	 5.882 
3.3350	 385	 5.882 
3.3400	 382	 5.882 
3.3450	 374	 5.882 
3.3500	 379	 5.882 
3.3550	 375	 5.882 
3.3600	 388	 5.882 
3.3650	 417	 5.882 
3.3700	 444	 5.882 
3.3750	 478	 5.882 
3.3800	 476	 5.882 
3.3850	 490	 5.882 
3.3900	 496	 5.882 
3.3950	 485	 5.882 
3.4050	 451	 6.061 
3.4060	 454	 6.061 
3.4100	 427	 6.061 
3.4150	 409	 6.061 
3.4200	 394	 6.061 
3.4250	 396	 6.061 
3.4300	 386	 6.061 
3.4350	 387	 6.061 
3.4400	 389	 6.061 
3.4450	 393	 6.061 
3.4500	 425	 6.061 
3.4550	 439	 6.061 
3.4600	 461	 6.061 
3.4650	 472	 6.061 
3.4700	 469	 6.061 
3.4750	 489	 6.061 
3.4800	 477	 6.061 
3.4850	 475	 6.061 
3.4900	 447	 6.061 
3.4950	 411	 6.061 
3.5050	 382	 5.882 
3.5060	 384	 5.882 
3.5100	 380	 5.882 
3.5150	 379	 5.882 
3.5200	 373	 5.882 
3.5250	 381	 5.882 
3.5300	 385	 5.882 
3.5350	 413	 5.882 
3.5400	 449	 5.882 
3.5450	 464	 5.882 
3.5500	 489	 5.882 
3.5550	 482	 5.882 
3.5600	 494	 5.882 
3.5650	 495	 5.882 
3.5700	 478	 5.882 
3.5750	 466	 5.882 
3.5800	 424	 5.882 
3.5850	 409	 5.882 
3.5900	 399	 5.882 
3.5950	 388	 5.882 
3.6050	 382	 5.882 
3.6060	 387	 5.882 
3.6100	 387	 5.882 
3.6150	 398	 5.882 
3.6200	 413	 5.882 
3.6250	 449	 5.882 
3.6300	 454	 5.882 
3.6350	 470	 5.882 
3.6400	 477	 5.882 
3.6450	 476	 5.882 
3.6500	 490	 5.882 
3.6550	 468	 5.882 
3.6600	 447	 5.882 
3.6650	 417	 5.882 
3.6700	 394	 5.882 
3.6750	 389	 5.882 
3.6800	 378	 5.882 
3.6850	 378	 5.882 
3.6900	 377	 5.882 
3.6950	 375	 5.882 
3.7050	 410	 5.882 
3.7060	 415	 5.882 
3.7100	 447	 5.882 
3.7150	 471	 5.882 
3.7200	 475	 5.882 
3.7250	 496	 5.882 
3.7300	 486	 5.882 
3.7350	 494	 5.882 
3.7400	 487	 5.882 
3.7450	 455	 5.882 
3.7500	 434	 5.882 
3.7550	 405	 5.882 
3.7600	 399	 5.882 
3.7650	 394	 5.882 
3.7700	 385	 5.882 
3.7750	 391	 5.882 
3.7800	 384	 5.882 
3.7850	 397	 5.882 
3.7900	 420	 5.882 
3.7950	 438	 5.882 
3.8050	 464	 5.882 
3.8060	 464	 5.882 
3.8100	 476	 5.882 
3.8150	 483	 5.882 
3.8200	 476	 5.882 
3.8250	 481	 5.882 
3.8300	 443	 5.882 
3.8350	 417	 5.882 
3.8400	 398	 5.882 
3.8450	 383	 5.882 
3.8500	 384	 5.882 
3.8550	 375	 5.882 
3.8600	 377	 5.882 
3.8650	 378	 5.882 
3.8700	 383	 5.882 
3.8750	 416	 5.882 
3.8800	 441	 5.882 
3.8850	 470	 5.882 
3.8900	 483	 5.882 
3.8950	 482	 5.882 
3.9050	 485	 5.882 
3.9060	 489	 5.882 
3.9100	 487	 5.882 
3.9150	 464	 5.882 
3.9200	 425	 5.882 
3.9250	 413	 5.882 
3.9300	 395	 5.882 
3.9350	 393	 5.882 
3.9400	 391	 5.882 
3.9450	 384	 5.882 
3.9500	 391	 5.882 
3.9550	 392	 5.882 
3.9600	 417	 5.882 
3.9650	 442	 5.882 
3.9700	 452	 5.882 
3.9750	 476	 5.882 
3.9800	 468	 5.882 
3.9850	 483	 5.882 
3.9900	 484	 5.882 
3.9950	 469	 5.882 
4.0050	 412	 5.882 
4.0060	 414	 5.882 
4.0100	 398	 5.882 
4.0150	 387	 5.882 
4.0200	 379	 5.882 
4.0250	 380	 5.882 
4.0300	 373	 5.882 
4.0350	 377	 5.882 
4.0400	 386	 5.882 
4.0450	 404	 5.882 
4.0500	 448	 5.882 
4.0550	 461	 5.882 
4.0600	 482	 5.882 
4.0650	 489	 5.882 
4.0700	 486	 5.882 
4.0750	 501	 5.882 
4.0800	 480	 5.882 
4.0850	 466	 5.882 
4.0900	 435	 5.882 
4.0950	 407	 5.882 
4.1050	 389	 5.882 
4.1060	 390	 5.882 
4.1100	 391	 5.882 
4.1150	 388	 5.882 
4.1200	 383	 5.882 
4.1250	 398	 5.882 
4.1300	 409	 5.882 
4.1350	 440	 5.882 
4.1400	 458	 5.882 
4.1450	 463	 5.882 
4.1500	 481	 5.882 
4.1550	 475	 5.882 
4.1600	 485	 5.882 
4.1650	 478	 5.882 
4.1700	 449	 5.882 
4.1750	 425	 5.882 
4.1800	 397	 5.882 
4.1850	 388	 5.882 
4.1900	 382	 5.882 
4.1950	 374	 5.882 
4.2050	 373	 5.882 
4.2060	 374	 5.882 
4.2100	 385	 5.882 
4.2150	 406	 5.882 
4.2200	 433	 5.882 
4.2250	 473	 5.882 
4.2300	 472	 5.882 
4.2350	 488	 5.882 
4.2400	 493	 5.882 
4.2450	 486	 5.882 
4.2500	 494	 5.882 
4.2550	 462	 5.882 
4.2600	 438	 5.882 
4.2650	 414	 5.882 
4.2700	 397	 5.882 
4.2750	 398	 5.882 
4.2800	 386	 5.882 
4.2850	 388	 5.882 
4.2900	 388	 5.882 
4.2950	 388	 5.882 
4.3050	 430	 5.714 
4.3060	 435	 5.714 
4.3100	 456	 5.714 
4.3150	 468	 5.714 
4.3200	 468	 5.714 
4.3250	 487	 5.714 
4.3300	 477	 5.714 
4.3350	 480	 5.714 
4.3400	 459	 5.714 
4.3450	 421	 5.714 
4.3500	 405	 5.714 
4.3550	 385	 5.714 
4.3600	 383	 5.714 
4.3650	 379	 5.714 
4.3700	 374	 5.714 
4.3750	 379	 5.714 
4.3800	 379	 5.714 
4.3850	 402	 5.714 
4.3900	 435	 5.714 
4.3950	 457	 5.714 
4.4050	 478	 5.882 
4.4060	 480	 5.882 
4.4100	 493	 5.882 
4.4150	 494	 5.882 
4.4200	 482	 5.882 
4.4250	 478	 5.882 
4.4300	 435	 5.882 
4.4350	 415	 5.882 
4.4400	 402	 5.882 
4.4450	 391	 5.882 
4.4500	 395	 5.882 
4.4550	 384	 5.882 
4.4600	 387	 5.882 
4.4650	 391	 5.882 
4.4700	 403	 5.882 
4.4750	 439	 5.882 
4.4800	 446	 5.882 
4.4850	 468	 5.882 
4.4900	 473	 5.882 
4.4950	 473	 5.882 
4.5050	 472	 6.061 
4.5060	 475	 6.061 
4.5100	 462	 6.061 
4.5150	 429	 6.061 
4.5200	 400	 6.061 
4.5250	 392	 6.061 
4.5300	 379	 6.061 
4.5350	 379	 6.061 
4.5400	 376	 6.061 
4.5450	 373	 6.061 
4.5500	 384	 6.061 
4.5550	 395	 6.061 
4.5600	 433	 6.061 
4.5650	 462	 6.061 
4.5700	 471	 6.061 
4.5750	 493	 6.061 
4.5800	 483	 6.061 
4.5850	 495	 6.061 
4.5900	 490	 6.061 
4.5950	 469	 6.061 
4.6050	 408	 5.882 
4.6060	 412	 5.882 
4.6100	 403	 5.882 
4.6150	 396	 5.882 
4.6200	 386	 5.882 
4.6250	 392	 5.882 
4.6300	 382	 5.882 
4.6350	 392	 5.882 
4.6400	 407	 5.882 
4.6450	 427	 5.882 
4.6500	 458	 5.882 
4.6550	 459	 5.882 
4.6600	 474	 5.882 
4.6650	 479	 5.882 
4.6700	 479	 5.882 
4.6750	 486	 5.882 
4.6800	 458	 5.882 
4.6850	 431	 5.882 
4.6900	 405	 5.882 
4.6950	 387	 5.882 
4.7050	 373	 5.882 
4.7060	 376	 5.882 
4.7100	 377	 5.882 
4.7150	 377	 5.882 
4.7200	 378	 5.882 
4.7250	 401	 5.882 
4.7300	 423	 5.882 
4.7350	 462	 5.882 
4.7400	 476	 5.882 
4.7450	 479	 5.882 
4.7500	 498	 5.882 
4.7550	 485	 5.882 
4.7600	 494	 5.882 
4.7650	 476	 5.882 
4.7700	 441	 5.882 
4.7750	 422	 5.882 
4.7800	 400	 5.882 
4.7850	 397	 5.882 
4.7900	 391	 5.882 
4.7950	 384	 5.882 
4.8050	 386	 5.882 
4.8060	 388	 5.882 
4.8100	 405	 5.882 
4.8150	 430	 5.882 
4.8200	 445	 5.882 
4.8250	 471	 5.882 
4.8300	 465	 5.882 
4.8350	 480	 5.882 
4.8400	 484	 5.882 
4.8450	 476	 5.882 
4.8500	 470	 5.882 
4.8550	 428	 5.882 
4.8600	 407	 5.882 
4.8650	 391	 5.882 
4.8700	 380	 5.882 
4.8750	 382	 5.882 
4.8800	 373	 5.882 
4.8850	 377	 5.882 
4.8900	 380	 5.882 
4.8950	 392	 5.882 
4.9050	 452	 5.882 
4.9060	 455	 5.882 
4.9100	 477	 5.882 
4.9150	 485	 5.882 
4.9200	 483	 5.882 
4.9250	 500	 5.882 
4.9300	 483	 5.882 
4.9350	 480	 5.882 
4.9400	 448	 5.882 
4.9450	 416	 5.882 
4.9500	 408	 5.882 
4.9550	 391	 5.882 
4.9600	 393	 5.882 
4.9650	 388	 5.882 
4.9700	 383	 5.882 
4.9750	 393	 5.882 
4.9800	 397	 5.882 
4.9850	 428	 5.882 
4.9900	 448	 5.882 
4.9950	 458	 5.882 
5.0050	 468	 5.882 
5.0060	 472	 5.882 
5.0100	 487	 5.882 
5.0150	 480	 5.882 
5.0200	 463	 5.882 
5.0250	 442	 5.882 
5.0300	 405	 5.882 
5.0350	 394	 5.882 
5.0400	 384	 5.882 
5.0450	 377	 5.882 
5.0500	 380	 5.882 
5.0550	 372	 5.882 
5.0600	 380	 5.882 
5.0650	 392	 5.882 
5.0700	 417	 5.882 
5.0750	 460	 5.882 
5.0800	 466	 5.882 
5.0850	 486	 5.882 
5.0900	 489	 5.882 
5.0950	 487	 5.882 
5.1050	 469	 5.882 
5.1060	 472	 5.882 
5.1100	 455	 5.882 
5.1150	 422	 5.882 
5.1200	 403	 5.882 
5.1250	 401	 5.882 
5.1300	 388	 5.882 
5.1350	 390	 5.882 
5.1400	 387	 5.882 
5.1450	 385	 5.882 
5.1500	 404	 5.882 
5.1550	 418	 5.882 
5.1600	 449	 5.882 
5.1650	 462	 5.882 
5.1700	 466	 5.882 
5.1750	 483	 5.882 
5.1800	 476	 5.882 
5.1850	 484	 5.882 
5.1900	 470	 5.882 
5.1950	 437	 5.882 
5.2050	 389	 5.882 
5.2060	 390	 5.882 
5.2100	 385	 5.882 
5.2150	 379	 5.882 
5.2200	 374	 5.882 
5.2250	 380	 5.882 
5.2300	 374	 5.882 
5.2350	 392	 5.882 
5.2400	 417	 5.882 
5.2450	 448	 5.882 
5.2500	 478	 5.882 
5.2550	 475	 5.882 
5.2600	 493	 5.882 
5.2650	 492	 5.882 
5.2700	 487	 5.882 
5.2750	 489	 5.882 
5.2800	 449	 5.882 
5.2850	 426	 5.882 
5.2900	 406	 5.882 
5.2950	 394	 5.882 
5.3050	 384	 5.882 
5.3060	 387	 5.882 
5.3100	 389	 5.882 
5.3150	 388	 5.882 
5.3200	 395	 5.882 
5.3250	 427	 5.882 
5.3300	 439	 5.882 
5.3350	 465	 5.882 
5.3400	 470	 5.882 
5.3450	 471	 5.882 
5.3500	 489	 5.882 
5.3550	 475	 5.882 
5.3600	 475	 5.882 
5.3650	 443	 5.882 
5.3700	 410	 5.882 
5.3750	 398	 5.882 
5.3800	 381	 5.882 
5.3850	 382	 5.882 
5.3900	 377	 5.882 
5.3950	 374	 5.882 
5.4050	 384	 6.061 
5.4060	 388	 6.061 
5.4100	 416	 6.061 
5.4150	 449	 6.061 
5.4200	 467	 6.061 
5.4250	 488	 6.061 
5.4300	 480	 6.061 
5.4350	 496	 6.061 
5.4400	 492	 6.061 
5.4450	 478	 6.061 
5.4500	 463	 6.061 
5.4550	 421	 6.061 
5.4600	 409	 6.061 
5.4650	 397	 6.061 
5.4700	 389	 6.061 
5.4750	 393	 6.061 
5.4800	 383	 6.061 
5.4850	 389	 6.061 
5.4900	 397	 6.061 
5.4950	 414	 6.061 
5.5050	 453	 5.882 
5.5060	 455	 5.882 
5.5100	 473	 5.882 
5.5150	 474	 5.882 
5.5200	 476	 5.882 
5.5250	 488	 5.882 
5.5300	 467	 5.882 
5.5350	 448	 5.882 
5.5400	 414	 5.882 
5.5450	 394	 5.882 
5.5500	 388	 5.882 
5.5550	 376	 5.882 
5.5600	 379	 5.882 
5.5650	 376	 5.882 
5.5700	 375	 5.882 
5.5750	 390	 5.882 
5.5800	 407	 5.882 
5.5850	 448	 5.882 
5.5900	 468	 5.882 
5.5950	 476	 5.882 
5.6050	 481	 5.882 
5.6060	 482	 5.882 
5.6100	 496	 5.882 
5.6150	 483	 5.882 
5.6200	 456	 5.882 
5.6250	 433	 5.882 
5.6300	 403	 5.882 
5.6350	 400	 5.882 
5.6400	 392	 5.882 
5.6450	 386	 5.882 
5.6500	 391	 5.882 
5.6550	 383	 5.882 
5.6600	 397	 5.882 
5.6650	 415	 5.882 
5.6700	 437	 5.882 
5.6750	 464	 5.882 
5.6800	 461	 5.882 
5.6850	 477	 5.882 
5.6900	 479	 5.882 
5.6950	 479	 5.882 
5.7050	 442	 6.061 
5.7060	 444	 6.061 
5.7100	 421	 6.061 
5.7150	 398	 6.061 
5.7200	 384	 6.061 
5.7250	 383	 6.061 
5.7300	 374	 6.061 
5.7350	 377	 6.061 
5.7400	 376	 6.061 
5.7450	 382	 6.061 
5.7500	 411	 6.061 
5.7550	 435	 6.061 
5.7600	 470	 6.061 
5.7650	 478	 6.061 
5.7700	 483	 6.061 
5.7750	 499	 6.061 
5.7800	 484	 6.061 
5.7850	 491	 6.061 
5.7900	 464	 6.061 
5.7950	 430	 6.061 
5.8050	 392	 5.882 
5.8060	 394	 5.882 
5.8100	 395	 5.882 
5.8150	 389	 5.882 
5.8200	 385	 5.882 
5.8250	 390	 5.882 
5.8300	 388	 5.882 
5.8350	 414	 5.882 
5.8400	 436	 5.882 
5.8450	 452	 5.882 
5.8500	 474	 5.882 
5.8550	 465	 5.882 
5.8600	 484	 5.882 
5.8650	 482	 5.882 
5.8700	 474	 5.882 
5.8750	 460	 5.882 
5.8800	 419	 5.882 
5.8850	 402	 5.882 
5.8900	 387	 5.882 
5.8950	 379	 5.882 
5.9050	 372	 5.882 
5.9060	 370	 5.882 
5.9100	 378	 5.882 
5.9150	 382	 5.882 
5.9200	 401	 5.882 
5.9250	 441	 5.882 
5.9300	 455	 5.882 
5.9350	 482	 5.882 
5.9400	 484	 5.882 
5.9450	 487	 5.882 
5.9500	 499	 5.882 
5.9550	 480	 5.882 
5.9600	 474	 5.882 
5.9650	 438	 5.882 
5.9700	 410	 5.882 
5.9750	 405	 5.882 
5.9800	 390	 5.882 
5.9850	 392	 5.882 
5.9900	 387	 5.882 
5.9950	 383	 5.882 
6.0050	 402	 5.714 
6.0060	 406	 5.714 
6.0100	 437	 5.714 
6.0150	 452	 5.714 
6.0200	 462	 5.714 
6.0250	 479	 5.714 
6.0300	 471	 5.714 
6.0350	 488	 5.714 
6.0400	 478	 5.714 
6.0450	 457	 5.714 
6.0500	 431	 5.714 
6.0550	 399	 5.714 
6.0600	 391	 5.714 
6.0650	 382	 5.714 
6.0700	 377	 5.714 
6.0750	 379	 5.714 
6.0800	 372	 5.714 
6.0850	 383	 5.714 
6.0900	 399	 5.714 
6.0950	 428	 5.714 
6.1050	 468	 5.882 
6.1060	 468	 5.882 
6.1100	 490	 5.882 
6.1150	 489	 5.882 
6.1200	 489	 5.882 
6.1250	 497	 5.882 
6.1300	 466	 5.882 
6.1350	 445	 5.882 
6.1400	 415	 5.882 
6.1450	 400	 5.882 
6.1500	 398	 5.882 
6.1550	 386	 5.882 
6.1600	 390	 5.882 
6.1650	 386	 5.882 
6.1700	 388	 5.882 
6.1750	 410	 5.882 
6.1800	 425	 5.882 
6.1850	 455	 5.882 
6.1900	 463	 5.882 
6.1950	 468	 5.882 
6.2050	 476	 5.714 
6.2060	 477	 5.714 
6.2100	 485	 5.714 
6.2150	 461	 5.714 
6.2200	 428	 5.714 
6.2250	 408	 5.714 
6.2300	 387	 5.714 
6.2350	 384	 5.714 
6.2400	 378	 5.714 
6.2450	 375	 5.714 
6.2500	 379	 5.714 
6.2550	 376	 5.714 
6.2600	 399	 5.714 
6.2650	 427	 5.714 
6.2700	 456	 5.714 
6.2750	 481	 5.714 
6.2800	 478	 5.714 
6.2850	 495	 5.714 
6.2900	 491	 5.714 
6.2950	 487	 5.714 
6.3050	 437	 6.061 
6.3060	 437	 6.061 
6.3100	 420	 6.061 
6.3150	 402	 6.061 
6.3200	 392	 6.061 
6.3250	 395	 6.061 
6.3300	 383	 6.061 
6.3350	 389	 6.061 
6.3400	 389	 6.061 
6.3450	 401	 6.061 
6.3500	 434	 6.061 
6.3550	 444	 6.061 
6.3600	 469	 6.061 
6.3650	 470	 6.061 
6.3700	 474	 6.061 
6.3750	 490	 6.061 
6.3800	 473	 6.061 
6.3850	 468	 6.061 
6.3900	 431	 6.061 
6.3950	 404	 6.061 
6.4050	 378	 5.882 
6.4060	 379	 5.882 
6.4100	 381	 5.882 
6.4150	 376	 5.882 
6.4200	 374	 5.882 
6.4250	 383	 5.882 
6.4300	 390	 5.882 
6.4350	 429	 5.882 
6.4400	 456	 5.882 
6.4450	 471	 5.882 
6.4500	 491	 5.882 
6.4550	 482	 5.882 
6.4600	 498	 5.882 
6.4650	 488	 5.882 
6.4700	 475	 5.882 
6.4750	 453	 5.882 
6.4800	 414	 5.882 
6.4850	 406	 5.882 
6.4900	 395	 5.882 
6.4950	 389	 5.882 
6.5050	 379	 5.882 
6.5060	 383	 5.882 
6.5100	 391	 5.882 
6.5150	 401	 5.882 
6.5200	 425	 5.882 
6.5250	 454	 5.882 
6.5300	 456	 5.882 
6.5350	 476	 5.882 
6.5400	 474	 5.882 
6.5450	 481	 5.882 
6.5500	 486	 5.882 
6.5550	 462	 5.882 
6.5600	 440	 5.882 
6.5650	 407	 5.882 
6.5700	 391	 5.882 
6.5750	 386	 5.882 
6.5800	 376	 5.882 
6.5850	 379	 5.882 
6.5900	 375	 5.882 
6.5950	 377	 5.882 
6.6050	 417	 5.714 
6.6060	 418	 5.714 
6.6100	 459	 5.714 
6.6150	 471	 5.714 
6.6200	 481	 5.714 
6.6250	 495	 5.714 
6.6300	 483	 5.714 
6.6350	 497	 5.714 
6.6400	 477	 5.714 
6.6450	 449	 5.714 
6.6500	 426	 5.714 
6.6550	 400	 5.714 
6.6600	 399	 5.714 
6.6650	 391	 5.714 
6.6700	 386	 5.714 
6.6750	 390	 5.714 
6.6800	 383	 5.714 
6.6850	 402	 5.714 
6.6900	 422	 5.714 
6.6950	 444	 5.714 
6.7050	 461	 5.882 
6.7060	 465	 5.882 
6.7100	 481	 5.882 
6.7150	 480	 5.882 
6.7200	 478	 5.882 
6.7250	 475	 5.882 
6.7300	 435	 5.882 
6.7350	 413	 5.882 
6.7400	 392	 5.882 
6.7450	 383	 5.882 
6.7500	 383	 5.882 
6.7550	 373	 5.882 
6.7600	 377	 5.882 
6.7650	 377	 5.882 
6.7700	 388	 5.882 
6.7750	 421	 5.882 
6.7800	 444	 5.882 
6.7850	 477	 5.882 
6.7900	 479	 5.882 
6.7950	 486	 5.882 
6.8050	 481	 5.882 
6.8060	 484	 5.882 
6.8100	 487	 5.882 
6.8150	 453	 5.882 
6.8200	 423	 5.882 
6.8250	 410	 5.882 
6.8300	 392	 5.882 
6.8350	 395	 5.882 
6.8400	 386	 5.882 
6.8450	 385	 5.882 
6.8500	 391	 5.882 
6.8550	 393	 5.882 
6.8600	 424	 5.882 
6.8650	 441	 5.882 
6.8700	 457	 5.882 
6.8750	 476	 5.882 
6.8800	 467	 5.882 
6.8850	 487	 5.882 
6.8900	 479	 5.882 
6.8950	 470	 5.882 
6.9050	 407	 5.882 
6.9060	 406	 5.882 
6.9100	 398	 5.882 
6.9150	 384	 5.882 
6.9200	 378	 5.882 
6.9250	 379	 5.882 
6.9300	 372	 5.882 
6.9350	 380	 5.882 
6.9400	 386	 5.882 
6.9450	 411	 5.882 
6.9500	 452	 5.882 
6.9550	 462	 5.882 
6.9600	 487	 5.882 
6.9650	 484	 5.882 
6.9700	 489	 5.882 
6.9750	 497	 5.882 
6.9800	 476	 5.882 
6.9850	 464	 5.882 
6.9900	 426	 5.882 
6.9950	 406	 5.882 
7.0050	 386	 5.882 
7.0060	 389	 5.882 
7.0100	 392	 5.882 
7.0150	 385	 5.882 
7.0200	 385	 5.882 
7.0250	 399	 5.882 
7.0300	 411	 5.882 
7.0350	 446	 5.882 
7.0400	 456	 5.882 
7.0450	 466	 5.882 
7.0500	 479	 5.882 
7.0550	 473	 5.882 
7.0600	 488	 5.882 
7.0650	 472	 5.882 
7.0700	 446	 5.882 
7.0750	 419	 5.882 
7.0800	 393	 5.882 
7.0850	 388	 5.882 
7.0900	 379	 5.882 
7.0950	 376	 5.882 
7.1050	 372	 5.882 
7.1060	 373	 5.882 
7.1100	 389	 5.882 
7.1150	 409	 5.882 
7.1200	 443	 5.882 
7.1250	 474	 5.882 
7.1300	 473	 5.882 
7.1350	 493	 5.882 
7.1400	 488	 5.882 
7.1450	 489	 5.882 
7.1500	 491	 5.882 
7.1550	 455	 5.882 
7.1600	 434	 5.882 
7.1650	 408	 5.882 
7.1700	 397	 5.882 
7.1750	 396	 5.882 
7.1800	 385	 5.882 
7.1850	 389	 5.882 
7.1900	 385	 5.882 
7.1950	 393	 5.882 
7.2050	 432	 5.882 
7.2060	 436	 5.882 
7.2100	 462	 5.882 
7.2150	 466	 5.882 
7.2200	 471	 5.882 
7.2250	 486	 5.882 
7.2300	 475	 5.882 
7.2350	 481	 5.882 
7.2400	 449	 5.882 
7.2450	 418	 5.882 
7.2500	 401	 5.882 
7.2550	 383	 5.882 
7.2600	 383	 5.882 
7.2650	 376	 5.882 
7.2700	 375	 5.882 
7.2750	 379	 5.882 
7.2800	 380	 5.882 
7.2850	 409	 5.882 
7.2900	 437	 5.882 
7.2950	 464	 5.882 
7.3050	 477	 5.882 
7.3060	 480	 5.882 
7.3100	 497	 5.882 
7.3150	 489	 5.882 
7.3200	 485	 5.882 
7.3250	 471	 5.882 
7.3300	 429	 5.882 
7.3350	 415	 5.882 
7.3400	 398	 5.882 
7.3450	 392	 5.882 
7.3500	 393	 5.882 
7.3550	 382	 5.882 
7.3600	 390	 5.882 
7.3650	 390	 5.882 
7.3700	 409	 5.882 
7.3750	 441	 5.882 
7.3800	 448	 5.882 
7.3850	 474	 5.882 
7.3900	 470	 5.882 
7.3950	 478	 5.882 
7.4050	 469	 5.917 
7.4060	 470	 5.917 
7.4100	 460	 5.917 
7.4150	 421	 5.917 
7.4200	 399	 5.917 
7.4250	 390	 5.917 
7.4300	 378	 5.917 
7.4350	 380	 5.917 
7.4400	 375	 5.917 
7.4450	 375	 5.917 
7.4500	 385	 5.917 
7.4550	 398	 5.917 
7.4600	 440	 5.917 
7.4650	 460	 5.917 
7.4700	 476	 5.917 
7.4750	 491	 5.917 
7.4800	 483	 5.917 
7.4850	 499	 5.917 
7.4900	 484	 5.917 
7.4950	 469	 5.917 
7.5050	 406	 5.882 
7.5060	 407	 5.882 
7.5100	 405	 5.882 
7.5150	 393	 5.882 
7.5200	 389	 5.882 
7.5250	 390	 5.882 
7.5300	 381	 5.882 
7.5350	 394	 5.882 
7.5400	 406	 5.882 
7.5450	 431	 5.882 
7.5500	 457	 5.882 
7.5550	 457	 5.882 
7.5600	 478	 5.882 
7.5650	 474	 5.882 
7.5700	 482	 5.882 
7.5750	 483	 5.882 
7.5800	 452	 5.882 
7.5850	 430	 5.882 
7.5900	 401	 5.882 
7.5950	 388	 5.882 
7.6050	 373	 5.882 
7.6060	 374	 5.882 
7.6100	 378	 5.882 
7.6150	 374	 5.882 
7.6200	 379	 5.882 
7.6250	 402	 5.882 
7.6300	 425	 5.882 
7.6350	 466	 5.882 
7.6400	 472	 5.882 
7.6450	 484	 5.882 
7.6500	 495	 5.882 
7.6550	 485	 5.882 
7.6600	 496	 5.882 
7.6650	 470	 5.882 
7.6700	 441	 5.882 
7.6750	 419	 5.882 
7.6800	 398	 5.882 
7.6850	 399	 5.882 
7.6900	 389	 5.882 
7.6950	 387	 5.882 
7.7050	 385	 5.882 
7.7060	 387	 5.882 
7.7100	 409	 5.882 
7.7150	 428	 5.882 
7.7200	 450	 5.882 
7.7250	 470	 5.882 
7.7300	 465	 5.882 
7.7350	 484	 5.882 
7.7400	 479	 5.882 
7.7450	 478	 5.882 
7.7500	 467	 5.882 
7.7550	 427	 5.882 
7.7600	 408	 5.882 
7.7650	 388	 5.882 
7.7700	 380	 5.882 
7.7750	 381	 5.882 
7.7800	 373	 5.882 
7.7850	 379	 5.882 
7.7900	 378	 5.882 
7.7950	 393	 5.882 
7.8050	 449	 5.882 
7.8060	 455	 5.882 
7.8100	 481	 5.882 
7.8150	 480	 5.882 
7.8200	 489	 5.882 
7.8250	 498	 5.882 
7.8300	 483	 5.882 
7.8350	 483	 5.882 
7.8400	 445	 5.882 
7.8450	 419	 5.882 
7.8500	 407	 5.882 
7.8550	 391	 5.882 
7.8600	 395	 5.882 
7.8650	 386	 5.882 
7.8700	 385	 5.882 
7.8750	 392	 5.882 
7.8800	 397	 5.882 
7.8850	 431	 5.882 
7.8900	 444	 5.882 
7.8950	 462	 5.882 
7.9050	 466	 5.882 
7.9060	 468	 5.882 
7.9100	 490	 5.882 
7.9150	 477	 5.882 
7.9200	 467	 5.882 
7.9250	 439	 5.882 
7.9300	 404	 5.882 
7.9350	 395	 5.882 
7.9400	 382	 5.882 
7.9450	 379	 5.882 
7.9500	 378	 5.882 
7.9550	 372	 5.882 
7.9600	 382	 5.882 
7.9650	 391	 5.882 
7.9700	 421	 5.882 
7.9750	 459	 5.882 
7.9800	 466	 5.882 
7.9850	 491	 5.882 
7.9900	 484	 5.882 
7.9950	 491	 5.882 
