0.0050
0.0000	 398	 0.000 
0.0050	 395	 0.000 
0.0100	 400	 0.000 
0.0150	 395	 0.000 
0.0200	 399	 0.000 
0.0250	 397	 0.000 
0.0300	 396	 0.000 
0.0350	 398	 0.000 
0.0400	 395	 0.000 
0.0450	 398	 0.000 
0.0500	 397	 0.000 
0.0550	 396	 0.000 
0.0600	 399	 0.000 
0.0650	 396	 0.000 
0.0700	 398	 0.000 
0.0750	 397	 0.000 
0.0800	 393	 0.000 
0.0850	 401	 0.000 
0.0900	 396	 0.000 
0.0950	 396	 0.000 
0.1000	 399	 0.000 
0.1050	 395	 0.000 
0.1100	 398	 0.000 
0.1150	 397	 0.000 
0.1200	 397	 0.000 
0.1250	 399	 0.000 
0.1300	 393	 0.000 
0.1350	 400	 0.000 
0.1400	 396	 0.000 
0.1450	 396	 0.000 
0.1500	 400	 0.000 
0.1550	 395	 0.000 
0.1600	 398	 0.000 
0.1650	 394	 0.000 
0.1700	 398	 0.000 
0.1750	 396	 0.000 
0.1800	 395	 0.000 
0.1850	 399	 0.000 
0.1900	 396	 0.000 
0.1950	 399	 0.000 
0.2000	 396	 0.000 
0.2050	 394	 0.000 
0.2100	 399	 0.000 
0.2150	 394	 0.000 
0.2200	 398	 0.000 
0.2250	 397	 0.000 
0.2300	 393	 0.000 
0.2350	 399	 0.000 
0.2400	 394	 0.000 
0.2450	 397	 0.000 
0.2500	 399	 0.000 
0.2550	 394	 0.000 
0.2600	 401	 0.000 
0.2650	 395	 0.000 
0.2700	 397	 0.000 
0.2750	 399	 0.000 
0.2800	 396	 0.000 
0.2850	 399	 0.000 
0.2900	 395	 0.000 
0.2950	 398	 0.000 
0.3000	 400	 0.000 
0.3050	 395	 0.000 
0.3100	 399	 0.000 
0.3150	 397	 0.000 
0.3200	 397	 0.000 
0.3250	 400	 0.000 
0.3300	 396	 0.000 
0.3350	 398	 0.000 
0.3400	 396	 0.000 
0.3450	 399	 0.000 
0.3500	 398	 0.000 
0.3550	 395	 0.000 
0.3600	 400	 0.000 
0.3650	 393	 0.000 
0.3700	 396	 0.000 
0.3750	 400	 0.000 
0.3800	 395	 0.000 
0.3850	 400	 0.000 
0.3900	 397	 0.000 
0.3950	 396	 0.000 
0.4000	 400	 0.000 
0.4050	 396	 0.000 
0.4100	 398	 0.000 
0.4150	 396	 0.000 
0.4200	 398	 0.000 
0.4250	 397	 0.000 
0.4300	 395	 0.000 
0.4350	 399	 0.000 
0.4400	 394	 0.000 
0.4450	 397	 0.000 
0.4500	 399	 0.000 
0.4550	 393	 0.000 
0.4600	 400	 0.000 
0.4650	 395	 0.000 
0.4700	 397	 0.000 
0.4750	 400	 0.000 
0.4800	 395	 0.000 
0.4850	 398	 0.000 
0.4900	 396	 0.000 
0.4950	 399	 0.000 
0.5000	 397	 0.000 
0.5050	 393	 0.000 
0.5100	 400	 0.000 
0.5150	 397	 0.000 
0.5200	 394	 0.000 
0.5250	 399	 0.000 
0.5300	 395	 0.000 
0.5350	 402	 0.000 
0.5400	 396	 0.000 
0.5450	 399	 0.000 
0.5500	 398	 0.000 
0.5550	 395	 0.000 
0.5600	 399	 0.000 
0.5650	 393	 0.000 
0.5700	 397	 0.000 
0.5750	 398	 0.000 
0.5800	 395	 0.000 
0.5850	 398	 0.000 
0.5900	 396	 0.000 
0.5950	 398	 0.000 
0.6000	 399	 0.000 
0.6050	 395	 0.000 
0.6100	 399	 0.000 
0.6150	 395	 0.000 
0.6200	 396	 0.000 
0.6250	 400	 0.000 
0.6300	 396	 0.000 
0.6350	 399	 0.000 
0.6400	 396	 0.000 
0.6450	 395	 0.000 
0.6500	 397	 0.000 
0.6550	 394	 0.000 
0.6600	 399	 0.000 
0.6650	 395	 0.000 
0.6700	 398	 0.000 
0.6750	 398	 0.000 
0.6800	 395	 0.000 
0.6850	 399	 0.000 
0.6900	 394	 0.000 
0.6950	 397	 0.000 
0.7000	 399	 0.000 
0.7050	 394	 0.000 
0.7100	 400	 0.000 
0.7150	 394	 0.000 
0.7200	 398	 0.000 
0.7250	 399	 0.000 
0.7300	 393	 0.000 
0.7350	 400	 0.000 
0.7400	 396	 0.000 
0.7450	 395	 0.000 
0.7500	 400	 0.000 
0.7550	 395	 0.000 
0.7600	 399	 0.000 
0.7650	 395	 0.000 
0.7700	 398	 0.000 
0.7750	 398	 0.000 
0.7800	 395	 0.000 
0.7850	 401	 0.000 
0.7900	 394	 0.000 
0.7950	 397	 0.000 
0.8000	 399	 0.000 
0.8050	 395	 0.000 
0.8100	 399	 0.000 
0.8150	 394	 0.000 
0.8200	 397	 0.000 
0.8250	 399	 0.000 
0.8300	 393	 0.000 
0.8350	 400	 0.000 
0.8400	 395	 0.000 
0.8450	 395	 0.000 
0.8500	 400	 0.000 
0.8550	 396	 0.000 
0.8600	 400	 0.000 
0.8650	 397	 0.000 
0.8700	 395	 0.000 
0.8750	 400	 0.000 
0.8800	 395	 0.000 
0.8850	 398	 0.000 
0.8900	 396	 0.000 
0.8950	 397	 0.000 
0.9000	 397	 0.000 
0.9050	 394	 0.000 
0.9100	 401	 0.000 
0.9150	 394	 0.000 
0.9200	 397	 0.000 
0.9250	 400	 0.000 
0.9300	 395	 0.000 
0.9350	 400	 0.000 
0.9400	 397	 0.000 
0.9450	 397	 0.000 
0.9500	 400	 0.000 
0.9550	 396	 0.000 
0.9600	 398	 0.000 
0.9650	 396	 0.000 
0.9700	 397	 0.000 
0.9750	 399	 0.000 
0.9800	 394	 0.000 
0.9850	 400	 0.000 
0.9900	 395	 0.000 
0.9950	 395	 0.000 
1.0050	 393	 0.000 
1.0050	 394	 0.000 
1.0100	 400	 0.000 
1.0150	 396	 0.000 
1.0200	 396	 0.000 
1.0250	 399	 0.000 
1.0300	 394	 0.000 
1.0350	 399	 0.000 
1.0400	 394	 0.000 
1.0450	 396	 0.000 
1.0500	 400	 0.000 
1.0550	 392	 0.000 
1.0600	 398	 0.000 
1.0650	 394	 0.000 
1.0700	 395	 0.000 
1.0750	 396	 0.000 
1.0800	 394	 0.000 
1.0850	 402	 0.000 
1.0900	 399	 0.000 
1.0950	 401	 0.000 
1.1000	 412	 0.000 
1.1050	 415	 0.000 
1.1100	 428	 0.000 
1.1150	 440	 0.000 
1.1200	 451	 0.000 
1.1250	 466	 0.000 
1.1300	 468	 0.000 
1.1350	 486	 0.000 
1.1400	 483	 0.000 
1.1450	 491	 0.000 
1.1500	 500	 0.000 
1.1550	 489	 0.000 
1.1600	 500	 0.000 
1.1650	 496	 0.000 
1.1700	 499	 0.000 
1.1750	 511	 0.000 
1.1800	 501	 0.000 
1.1850	 511	 0.000 
1.1900	 499	 0.000 
1.1950	 492	 0.000 
1.2000	 484	 0.000 
1.2050	 458	 0.000 
1.2100	 443	 0.000 
1.2150	 421	 0.000 
1.2200	 409	 0.000 
1.2250	 403	 0.000 
1.2300	 391	 0.000 
1.2350	 394	 0.000 
1.2400	 390	 0.000 
1.2450	 387	 0.000 
1.2500	 389	 0.000 
1.2550	 384	 0.000 
1.2600	 386	 0.000 
1.2650	 385	 0.000 
1.2700	 391	 0.000 
1.2750	 402	 0.000 
1.2800	 417	 0.000 
1.2850	 447	 0.000 
1.2900	 467	 0.000 
1.2950	 490	 0.000 
1.3000	 507	 0.000 
1.3050	 505	 0.000 
1.3100	 522	 0.000 
1.3150	 520	 0.000 
1.3200	 525	 0.000 
1.3250	 531	 0.000 
1.3300	 522	 0.000 
1.3350	 530	 0.000 
1.3400	 507	 0.000 
1.3450	 488	 0.000 
1.3500	 466	 0.000 
1.3550	 434	 0.000 
1.3600	 424	 0.000 
1.3650	 413	 0.000 
1.3700	 409	 0.000 
1.3750	 409	 0.000 
1.3800	 399	 0.000 
1.3850	 404	 0.000 
1.3900	 399	 0.000 
1.3950	 396	 0.000 
1.4000	 404	 0.000 
1.4050	 403	 0.000 
1.4100	 422	 0.000 
1.4150	 440	 0.000 
1.4200	 459	 0.000 
1.4250	 476	 0.000 
1.4300	 477	 0.000 
1.4350	 495	 0.000 
1.4400	 489	 0.000 
1.4450	 494	 0.000 
1.4500	 508	 0.000 
1.4550	 496	 0.000 
1.4600	 506	 0.000 
1.4650	 494	 0.000 
1.4700	 477	 0.000 
1.4750	 456	 0.000 
1.4800	 425	 0.000 
1.4850	 413	 0.000 
1.4900	 399	 0.000 
1.4950	 394	 0.000 
1.5060	 386	 3.774 
1.5060	 389	 3.774 
1.5100	 390	 3.774 
1.5150	 387	 3.774 
1.5200	 384	 3.774 
1.5250	 393	 3.774 
1.5300	 398	 3.774 
1.5350	 417	 3.774 
1.5400	 440	 3.774 
1.5450	 470	 3.774 
1.5500	 498	 3.774 
1.5550	 497	 3.774 
1.5600	 517	 3.774 
1.5650	 517	 3.774 
1.5700	 522	 3.774 
1.5750	 533	 3.774 
1.5800	 522	 3.774 
1.5850	 528	 3.774 
1.5900	 507	 3.774 
1.5950	 484	 3.774 
1.6060	 428	 3.922 
1.6060	 433	 3.922 
1.6100	 422	 3.922 
1.6150	 413	 3.922 
1.6200	 407	 3.922 
1.6250	 406	 3.922 
1.6300	 400	 3.922 
1.6350	 403	 3.922 
1.6400	 398	 3.922 
1.6450	 397	 3.922 
1.6500	 408	 3.922 
1.6550	 416	 3.922 
1.6600	 441	 3.922 
1.6650	 454	 3.922 
1.6700	 471	 3.922 
1.6750	 490	 3.922 
1.6800	 482	 3.922 
1.6850	 496	 3.922 
1.6900	 496	 3.922 
1.6950	 500	 3.922 
1.7060	 493	 4.000 
1.7060	 496	 4.000 
1.7100	 496	 4.000 
1.7150	 467	 4.000 
1.7200	 441	 4.000 
1.7250	 425	 4.000 
1.7300	 407	 4.000 
1.7350	 398	 4.000 
1.7400	 394	 4.000 
1.7450	 390	 4.000 
1.7500	 391	 4.000 
1.7550	 386	 4.000 
1.7600	 389	 4.000 
1.7650	 388	 4.000 
1.7700	 391	 4.000 
1.7750	 408	 4.000 
1.7800	 427	 4.000 
1.7850	 461	 4.000 
1.7900	 485	 4.000 
1.7950	 498	 4.000 
1.8060	 509	 4.167 
1.8060	 511	 4.167 
1.8100	 526	 4.167 
1.8150	 526	 4.167 
1.8200	 523	 4.167 
1.8250	 526	 4.167 
1.8300	 508	 4.167 
1.8350	 495	 4.167 
1.8400	 458	 4.167 
1.8450	 436	 4.167 
1.8500	 427	 4.167 
1.8550	 409	 4.167 
1.8600	 412	 4.167 
1.8650	 406	 4.167 
1.8700	 400	 4.167 
1.8750	 404	 4.167 
1.8800	 397	 4.167 
1.8850	 401	 4.167 
1.8900	 406	 4.167 
1.8950	 418	 4.167 
1.9050	 454	 4.274 
1.9060	 455	 4.274 
1.9100	 478	 4.274 
1.9150	 483	 4.274 
1.9200	 485	 4.274 
1.9250	 499	 4.274 
1.9300	 492	 4.274 
1.9350	 507	 4.274 
1.9400	 500	 4.274 
1.9450	 494	 4.274 
1.9500	 496	 4.274 
1.9550	 467	 4.274 
1.9600	 443	 4.274 
1.9650	 419	 4.274 
1.9700	 406	 4.274 
1.9750	 402	 4.274 
1.9800	 389	 4.274 
1.9850	 393	 4.274 
1.9900	 389	 4.274 
1.9950	 387	 4.274 
2.0050	 384	 4.167 
2.0060	 388	 4.167 
2.0100	 396	 4.167 
2.0150	 407	 4.167 
2.0200	 426	 4.167 
2.0250	 463	 4.167 
2.0300	 480	 4.167 
2.0350	 503	 4.167 
2.0400	 505	 4.167 
2.0450	 514	 4.167 
2.0500	 527	 4.167 
2.0550	 519	 4.167 
2.0600	 530	 4.167 
2.0650	 525	 4.167 
2.0700	 515	 4.167 
2.0750	 497	 4.167 
2.0800	 460	 4.167 
2.0850	 442	 4.167 
2.0900	 425	 4.167 
2.0950	 413	 4.167 
2.1050	 400	 4.082 
2.1060	 404	 4.082 
2.1100	 405	 4.082 
2.1150	 401	 4.082 
2.1200	 395	 4.082 
2.1250	 402	 4.082 
2.1300	 402	 4.082 
2.1350	 416	 4.082 
2.1400	 432	 4.082 
2.1450	 451	 4.082 
2.1500	 476	 4.082 
2.1550	 475	 4.082 
2.1600	 489	 4.082 
2.1650	 489	 4.082 
2.1700	 491	 4.082 
2.1750	 506	 4.082 
2.1800	 496	 4.082 
2.1850	 504	 4.082 
2.1900	 492	 4.082 
2.1950	 470	 4.082 
2.2050	 418	 4.167 
2.2060	 419	 4.167 
2.2100	 409	 4.167 
2.2150	 400	 4.167 
2.2200	 393	 4.167 
2.2250	 392	 4.167 
2.2300	 387	 4.167 
2.2350	 390	 4.167 
2.2400	 386	 4.167 
2.2450	 388	 4.167 
2.2500	 395	 4.167 
2.2550	 401	 4.167 
2.2600	 430	 4.167 
2.2650	 457	 4.167 
2.2700	 478	 4.167 
2.2750	 505	 4.167 
2.2800	 504	 4.167 
2.2850	 518	 4.167 
2.2900	 522	 4.167 
2.2950	 524	 4.167 
2.3060	 516	 4.082 
2.3060	 521	 4.082 
2.3100	 517	 4.082 
2.3150	 495	 4.082 
2.3200	 461	 4.082 
2.3250	 444	 4.082 
2.3300	 423	 4.082 
2.3350	 415	 4.082 
2.3400	 410	 4.082 
2.3450	 404	 4.082 
2.3500	 405	 4.082 
2.3550	 395	 4.082 
2.3600	 399	 4.082 
2.3650	 401	 4.082 
2.3700	 403	 4.082 
2.3750	 419	 4.082 
2.3800	 429	 4.082 
2.3850	 456	 4.082 
2.3900	 472	 4.082 
2.3950	 480	 4.082 
2.4060	 486	 4.167 
2.4060	 487	 4.167 
2.4100	 497	 4.167 
2.4150	 503	 4.167 
2.4200	 501	 4.167 
2.4250	 506	 4.167 
2.4300	 483	 4.167 
2.4350	 472	 4.167 
2.4400	 444	 4.167 
2.4450	 418	 4.167 
2.4500	 408	 4.167 
2.4550	 396	 4.167 
2.4600	 395	 4.167 
2.4650	 392	 4.167 
2.4700	 387	 4.167 
2.4750	 388	 4.167 
2.4800	 385	 4.167 
2.4850	 391	 4.167 
2.4900	 394	 4.167 
2.4950	 408	 4.167 
2.5050	 462	 4.255 
2.5060	 461	 4.255 
2.5100	 492	 4.255 
2.5150	 500	 4.255 
2.5200	 508	 4.255 
2.5250	 524	 4.255 
2.5300	 518	 4.255 
2.5350	 531	 4.255 
2.5400	 525	 4.255 
2.5450	 520	 4.255 
2.5500	 515	 4.255 
2.5550	 480	 4.255 
2.5600	 456	 4.255 
2.5650	 434	 4.255 
2.5700	 419	 4.255 
2.5750	 416	 4.255 
2.5800	 406	 4.255 
2.5850	 407	 4.255 
2.5900	 403	 4.255 
2.5950	 396	 4.255 
2.6060	 398	 4.255 
2.6060	 399	 4.255 
2.6100	 410	 4.255 
2.6150	 421	 4.255 
2.6200	 439	 4.255 
2.6250	 467	 4.255 
2.6300	 471	 4.255 
2.6350	 486	 4.255 
2.6400	 491	 4.255 
2.6450	 492	 4.255 
2.6500	 503	 4.255 
2.6550	 496	 4.255 
2.6600	 505	 4.255 
2.6650	 499	 4.255 
2.6700	 483	 4.255 
2.6750	 465	 4.255 
2.6800	 430	 4.255 
2.6850	 417	 4.255 
2.6900	 404	 4.255 
2.6950	 394	 4.255 
2.7050	 385	 4.167 
2.7060	 388	 4.167 
2.7100	 389	 4.167 
2.7150	 386	 4.167 
2.7200	 386	 4.167 
2.7250	 394	 4.167 
2.7300	 395	 4.167 
2.7350	 418	 4.167 
2.7400	 446	 4.167 
2.7450	 468	 4.167 
2.7500	 499	 4.167 
2.7550	 500	 4.167 
2.7600	 515	 4.167 
2.7650	 522	 4.167 
2.7700	 521	 4.167 
2.7750	 534	 4.167 
2.7800	 520	 4.167 
2.7850	 524	 4.167 
2.7900	 507	 4.167 
2.7950	 474	 4.167 
2.8060	 428	 4.167 
2.8060	 427	 4.167 
2.8100	 422	 4.167 
2.8150	 411	 4.167 
2.8200	 406	 4.167 
2.8250	 408	 4.167 
2.8300	 399	 4.167 
2.8350	 400	 4.167 
2.8400	 400	 4.167 
2.8450	 400	 4.167 
2.8500	 414	 4.167 
2.8550	 424	 4.167 
2.8600	 451	 4.167 
2.8650	 467	 4.167 
2.8700	 472	 4.167 
2.8750	 494	 4.167 
2.8800	 488	 4.167 
2.8850	 495	 4.167 
2.8900	 500	 4.167 
2.8950	 500	 4.167 
2.9050	 490	 4.167 
2.9060	 491	 4.167 
2.9100	 480	 4.167 
2.9150	 453	 4.167 
2.9200	 421	 4.167 
2.9250	 413	 4.167 
2.9300	 399	 4.167 
2.9350	 395	 4.167 
2.9400	 392	 4.167 
2.9450	 388	 4.167 
2.9500	 391	 4.167 
2.9550	 384	 4.167 
2.9600	 389	 4.167 
2.9650	 394	 4.167 
2.9700	 403	 4.167 
2.9750	 430	 4.167 
2.9800	 456	 4.167 
2.9850	 487	 4.167 
2.9900	 499	 4.167 
2.9950	 504	 4.167 
3.0050	 514	 4.167 
3.0060	 520	 4.167 
3.0100	 527	 4.167 
3.0150	 528	 4.167 
3.0200	 520	 4.167 
3.0250	 520	 4.167 
3.0300	 490	 4.167 
3.0350	 464	 4.167 
3.0400	 440	 4.167 
3.0450	 423	 4.167 
3.0500	 417	 4.167 
3.0550	 407	 4.167 
3.0600	 407	 4.167 
3.0650	 403	 4.167 
3.0700	 397	 4.167 
3.0750	 402	 4.167 
3.0800	 400	 4.167 
3.0850	 407	 4.167 
3.0900	 419	 4.167 
3.0950	 434	 4.167 
3.1050	 469	 4.274 
3.1060	 472	 4.274 
3.1100	 484	 4.274 
3.1150	 492	 4.274 
3.1200	 489	 4.274 
3.1250	 503	 4.274 
3.1300	 498	 4.274 
3.1350	 505	 4.274 
3.1400	 499	 4.274 
3.1450	 482	 4.274 
3.1500	 468	 4.274 
3.1550	 435	 4.274 
3.1600	 417	 4.274 
3.1650	 404	 4.274 
3.1700	 395	 4.274 
3.1750	 397	 4.274 
3.1800	 387	 4.274 
3.1850	 388	 4.274 
3.1900	 388	 4.274 
3.1950	 386	 4.274 
3.2050	 398	 4.167 
3.2060	 397	 4.167 
3.2100	 418	 4.167 
3.2150	 443	 4.167 
3.2200	 468	 4.167 
3.2250	 499	 4.167 
3.2300	 498	 4.167 
3.2350	 515	 4.167 
3.2400	 521	 4.167 
3.2450	 518	 4.167 
3.2500	 535	 4.167 
3.2550	 520	 4.167 
3.2600	 523	 4.167 
3.2650	 506	 4.167 
3.2700	 472	 4.167 
3.2750	 454	 4.167 
3.2800	 430	 4.167 
3.2850	 419	 4.167 
3.2900	 412	 4.167 
3.2950	 405	 4.167 
3.3060	 400	 4.255 
3.3060	 401	 4.255 
3.3100	 401	 4.255 
3.3150	 401	 4.255 
3.3200	 397	 4.255 
3.3250	 416	 4.255 
3.3300	 426	 4.255 
3.3350	 449	 4.255 
3.3400	 470	 4.255 
3.3450	 477	 4.255 
3.3500	 493	 4.255 
3.3550	 484	 4.255 
3.3600	 497	 4.255 
3.3650	 503	 4.255 
3.3700	 497	 4.255 
3.3750	 508	 4.255 
3.3800	 492	 4.255 
3.3850	 476	 4.255 
3.3900	 451	 4.255 
3.3950	 424	 4.255 
3.4050	 395	 4.255 
3.4060	 400	 4.255 
3.4100	 396	 4.255 
3.4150	 391	 4.255 
3.4200	 388	 4.255 
3.4250	 391	 4.255 
3.4300	 387	 4.255 
3.4350	 389	 4.255 
3.4400	 393	 4.255 
3.4450	 402	 4.255 
3.4500	 434	 4.255 
3.4550	 456	 4.255 
3.4600	 488	 4.255 
3.4650	 503	 4.255 
3.4700	 504	 4.255 
3.4750	 521	 4.255 
3.4800	 518	 4.255 
3.4850	 528	 4.255 
3.4900	 531	 4.255 
3.4950	 518	 4.255 
3.5050	 483	 4.167 
3.5060	 487	 4.167 
3.5100	 463	 4.167 
3.5150	 442	 4.167 
3.5200	 421	 4.167 
3.5250	 416	 4.167 
3.5300	 405	 4.167 
3.5350	 406	 4.167 
3.5400	 404	 4.167 
3.5450	 398	 4.167 
3.5500	 403	 4.167 
3.5550	 397	 4.167 
3.5600	 405	 4.167 
3.5650	 421	 4.167 
3.5700	 438	 4.167 
3.5750	 466	 4.167 
3.5800	 474	 4.167 
3.5850	 487	 4.167 
3.5900	 492	 4.167 
3.5950	 489	 4.167 
3.6060	 497	 4.255 
3.6060	 502	 4.255 
3.6100	 504	 4.255 
3.6150	 499	 4.255 
3.6200	 480	 4.255 
3.6250	 462	 4.255 
3.6300	 430	 4.255 
3.6350	 413	 4.255 
3.6400	 402	 4.255 
3.6450	 392	 4.255 
3.6500	 395	 4.255 
3.6550	 388	 4.255 
3.6600	 387	 4.255 
3.6650	 388	 4.255 
3.6700	 384	 4.255 
3.6750	 395	 4.255 
3.6800	 400	 4.255 
3.6850	 423	 4.255 
3.6900	 453	 4.255 
3.6950	 473	 4.255 
3.7050	 502	 4.255 
3.7060	 508	 4.255 
3.7100	 513	 4.255 
3.7150	 523	 4.255 
3.7200	 520	 4.255 
3.7250	 534	 4.255 
3.7300	 521	 4.255 
3.7350	 515	 4.255 
3.7400	 500	 4.255 
3.7450	 468	 4.255 
3.7500	 447	 4.255 
3.7550	 423	 4.255 
3.7600	 415	 4.255 
3.7650	 411	 4.255 
3.7700	 404	 4.255 
3.7750	 407	 4.255 
3.7800	 399	 4.255 
3.7850	 398	 4.255 
3.7900	 402	 4.255 
3.7950	 402	 4.255 
3.8060	 436	 4.255 
3.8060	 438	 4.255 
3.8100	 457	 4.255 
3.8150	 473	 4.255 
3.8200	 477	 4.255 
3.8250	 496	 4.255 
3.8300	 489	 4.255 
3.8350	 498	 4.255 
3.8400	 507	 4.255 
3.8450	 499	 4.255 
3.8500	 504	 4.255 
3.8550	 484	 4.255 
3.8600	 467	 4.255 
3.8650	 442	 4.255 
3.8700	 415	 4.255 
3.8750	 407	 4.255 
3.8800	 394	 4.255 
3.8850	 392	 4.255 
3.8900	 393	 4.255 
3.8950	 388	 4.255 
3.9050	 386	 4.255 
3.9060	 388	 4.255 
3.9100	 388	 4.255 
3.9150	 400	 4.255 
3.9200	 412	 4.255 
3.9250	 445	 4.255 
3.9300	 465	 4.255 
3.9350	 492	 4.255 
3.9400	 508	 4.255 
3.9450	 508	 4.255 
3.9500	 525	 4.255 
3.9550	 521	 4.255 
3.9600	 524	 4.255 
3.9650	 530	 4.255 
3.9700	 516	 4.255 
3.9750	 510	 4.255 
3.9800	 478	 4.255 
3.9850	 452	 4.255 
3.9900	 433	 4.255 
3.9950	 416	 4.255 
4.0050	 404	 4.255 
4.0060	 406	 4.255 
4.0100	 402	 4.255 
4.0150	 403	 4.255 
4.0200	 397	 4.255 
4.0250	 403	 4.255 
4.0300	 399	 4.255 
4.0350	 408	 4.255 
4.0400	 428	 4.255 
4.0450	 444	 4.255 
4.0500	 472	 4.255 
4.0550	 477	 4.255 
4.0600	 487	 4.255 
4.0650	 495	 4.255 
4.0700	 490	 4.255 
4.0750	 507	 4.255 
4.0800	 501	 4.255 
4.0850	 501	 4.255 
4.0900	 499	 4.255 
4.0950	 476	 4.255 
4.1050	 424	 4.255 
4.1060	 426	 4.255 
4.1100	 413	 4.255 
4.1150	 402	 4.255 
4.1200	 392	 4.255 
4.1250	 394	 4.255 
4.1300	 389	 4.255 
4.1350	 389	 4.255 
4.1400	 388	 4.255 
4.1450	 383	 4.255 
4.1500	 394	 4.255 
4.1550	 402	 4.255 
4.1600	 424	 4.255 
4.1650	 456	 4.255 
4.1700	 477	 4.255 
4.1750	 504	 4.255 
4.1800	 505	 4.255 
4.1850	 516	 4.255 
4.1900	 525	 4.255 
4.1950	 519	 4.255 
4.2050	 520	 4.167 
4.2060	 523	 4.167 
4.2100	 516	 4.167 
4.2150	 498	 4.167 
4.2200	 463	 4.167 
4.2250	 443	 4.167 
4.2300	 421	 4.167 
4.2350	 416	 4.167 
4.2400	 412	 4.167 
4.2450	 404	 4.167 
4.2500	 407	 4.167 
4.2550	 399	 4.167 
4.2600	 397	 4.167 
4.2650	 401	 4.167 
4.2700	 400	 4.167 
4.2750	 420	 4.167 
4.2800	 434	 4.167 
4.2850	 457	 4.167 
4.2900	 476	 4.167 
4.2950	 479	 4.167 
4.3060	 491	 4.167 
4.3060	 494	 4.167 
4.3100	 494	 4.167 
4.3150	 507	 4.167 
4.3200	 498	 4.167 
4.3250	 505	 4.167 
4.3300	 490	 4.167 
4.3350	 469	 4.167 
4.3400	 443	 4.167 
4.3450	 416	 4.167 
4.3500	 409	 4.167 
4.3550	 397	 4.167 
4.3600	 391	 4.167 
4.3650	 391	 4.167 
4.3700	 386	 4.167 
4.3750	 390	 4.167 
4.3800	 388	 4.167 
4.3850	 389	 4.167 
4.3900	 397	 4.167 
4.3950	 407	 4.167 
4.4050	 466	 4.255 
4.4060	 469	 4.255 
4.4100	 489	 4.255 
4.4150	 508	 4.255 
4.4200	 505	 4.255 
4.4250	 521	 4.255 
4.4300	 519	 4.255 
4.4350	 526	 4.255 
4.4400	 532	 4.255 
4.4450	 518	 4.255 
4.4500	 511	 4.255 
4.4550	 477	 4.255 
4.4600	 452	 4.255 
4.4650	 435	 4.255 
4.4700	 418	 4.255 
4.4750	 416	 4.255 
4.4800	 408	 4.255 
4.4850	 405	 4.255 
4.4900	 405	 4.255 
4.4950	 397	 4.255 
4.5050	 400	 4.255 
4.5060	 403	 4.255 
4.5100	 407	 4.255 
4.5150	 429	 4.255 
4.5200	 443	 4.255 
4.5250	 470	 4.255 
4.5300	 477	 4.255 
4.5350	 487	 4.255 
4.5400	 495	 4.255 
4.5450	 486	 4.255 
4.5500	 503	 4.255 
4.5550	 500	 4.255 
4.5600	 501	 4.255 
4.5650	 500	 4.255 
4.5700	 476	 4.255 
4.5750	 457	 4.255 
4.5800	 428	 4.255 
4.5850	 410	 4.255 
4.5900	 401	 4.255 
4.5950	 392	 4.255 
4.6060	 389	 4.255 
4.6060	 391	 4.255 
4.6100	 386	 4.255 
4.6150	 390	 4.255 
4.6200	 386	 4.255 
4.6250	 396	 4.255 
4.6300	 405	 4.255 
4.6350	 425	 4.255 
4.6400	 457	 4.255 
4.6450	 478	 4.255 
4.6500	 504	 4.255 
4.6550	 507	 4.255 
4.6600	 515	 4.255 
4.6650	 523	 4.255 
4.6700	 520	 4.255 
4.6750	 533	 4.255 
4.6800	 524	 4.255 
4.6850	 515	 4.255 
4.6900	 494	 4.255 
4.6950	 461	 4.255 
4.7050	 424	 4.167 
4.7060	 423	 4.167 
4.7100	 415	 4.167 
4.7150	 411	 4.167 
4.7200	 402	 4.167 
4.7250	 405	 4.167 
4.7300	 400	 4.167 
4.7350	 399	 4.167 
4.7400	 402	 4.167 
4.7450	 401	 4.167 
4.7500	 421	 4.167 
4.7550	 438	 4.167 
4.7600	 459	 4.167 
4.7650	 480	 4.167 
4.7700	 480	 4.167 
4.7750	 495	 4.167 
4.7800	 489	 4.167 
4.7850	 496	 4.167 
4.7900	 508	 4.167 
4.7950	 499	 4.167 
4.8060	 483	 4.255 
4.8060	 484	 4.255 
4.8100	 461	 4.255 
4.8150	 440	 4.255 
4.8200	 414	 4.255 
4.8250	 403	 4.255 
4.8300	 396	 4.255 
4.8350	 392	 4.255 
4.8400	 393	 4.255 
4.8450	 387	 4.255 
4.8500	 389	 4.255 
4.8550	 385	 4.255 
4.8600	 390	 4.255 
4.8650	 404	 4.255 
4.8700	 417	 4.255 
4.8750	 451	 4.255 
4.8800	 472	 4.255 
4.8850	 492	 4.255 
4.8900	 511	 4.255 
4.8950	 509	 4.255 
4.9050	 521	 4.255 
4.9060	 526	 4.255 
4.9100	 527	 4.255 
4.9150	 529	 4.255 
4.9200	 513	 4.255 
4.9250	 501	 4.255 
4.9300	 471	 4.255 
4.9350	 444	 4.255 
4.9400	 431	 4.255 
4.9450	 414	 4.255 
4.9500	 410	 4.255 
4.9550	 406	 4.255 
4.9600	 402	 4.255 
4.9650	 404	 4.255 
4.9700	 397	 4.255 
4.9750	 400	 4.255 
4.9800	 402	 4.255 
4.9850	 414	 4.255 
4.9900	 440	 4.255 
4.9950	 450	 4.255 
5.0050	 481	 4.348 
5.0060	 483	 4.348 
5.0100	 487	 4.348 
5.0150	 498	 4.348 
5.0200	 490	 4.348 
5.0250	 507	 4.348 
5.0300	 503	 4.348 
5.0350	 498	 4.348 
5.0400	 495	 4.348 
5.0450	 463	 4.348 
5.0500	 444	 4.348 
5.0550	 419	 4.348 
5.0600	 406	 4.348 
5.0650	 399	 4.348 
5.0700	 390	 4.348 
5.0750	 392	 4.348 
5.0800	 389	 4.348 
5.0850	 388	 4.348 
5.0900	 389	 4.348 
5.0950	 385	 4.348 
5.1050	 412	 4.255 
5.1060	 418	 4.255 
5.1100	 440	 4.255 
5.1150	 476	 4.255 
5.1200	 487	 4.255 
5.1250	 507	 4.255 
5.1300	 512	 4.255 
5.1350	 517	 4.255 
5.1400	 529	 4.255 
5.1450	 522	 4.255 
5.1500	 532	 4.255 
5.1550	 520	 4.255 
5.1600	 502	 4.255 
5.1650	 480	 4.255 
5.1700	 446	 4.255 
5.1750	 431	 4.255 
5.1800	 419	 4.255 
5.1850	 411	 4.255 
5.1900	 411	 4.255 
5.1950	 400	 4.255 
5.2050	 397	 4.255 
5.2060	 400	 4.255 
5.2100	 398	 4.255 
5.2150	 405	 4.255 
5.2200	 409	 4.255 
5.2250	 432	 4.255 
5.2300	 450	 4.255 
5.2350	 465	 4.255 
5.2400	 483	 4.255 
5.2450	 482	 4.255 
5.2500	 496	 4.255 
5.2550	 493	 4.255 
5.2600	 499	 4.255 
5.2650	 510	 4.255 
5.2700	 496	 4.255 
5.2750	 495	 4.255 
5.2800	 475	 4.255 
5.2850	 447	 4.255 
5.2900	 426	 4.255 
5.2950	 407	 4.255 
5.3050	 395	 4.255 
5.3060	 397	 4.255 
5.3100	 389	 4.255 
5.3150	 392	 4.255 
5.3200	 387	 4.255 
5.3250	 389	 4.255 
5.3300	 387	 4.255 
5.3350	 393	 4.255 
5.3400	 411	 4.255 
5.3450	 427	 4.255 
5.3500	 464	 4.255 
5.3550	 487	 4.255 
5.3600	 499	 4.255 
5.3650	 513	 4.255 
5.3700	 512	 4.255 
5.3750	 528	 4.255 
5.3800	 527	 4.255 
5.3850	 525	 4.255 
5.3900	 526	 4.255 
5.3950	 506	 4.255 
5.4050	 455	 4.255 
5.4060	 456	 4.255 
5.4100	 433	 4.255 
5.4150	 425	 4.255 
5.4200	 411	 4.255 
5.4250	 409	 4.255 
5.4300	 404	 4.255 
5.4350	 402	 4.255 
5.4400	 403	 4.255 
5.4450	 394	 4.255 
5.4500	 404	 4.255 
5.4550	 408	 4.255 
5.4600	 421	 4.255 
5.4650	 446	 4.255 
5.4700	 458	 4.255 
5.4750	 479	 4.255 
5.4800	 482	 4.255 
5.4850	 489	 4.255 
5.4900	 500	 4.255 
5.4950	 493	 4.255 
5.5050	 502	 4.167 
5.5060	 502	 4.167 
5.5100	 495	 4.167 
5.5150	 490	 4.167 
5.5200	 453	 4.167 
5.5250	 434	 4.167 
5.5300	 414	 4.167 
5.5350	 402	 4.167 
5.5400	 399	 4.167 
5.5450	 388	 4.167 
5.5500	 392	 4.167 
5.5550	 389	 4.167 
5.5600	 387	 4.167 
5.5650	 390	 4.167 
5.5700	 389	 4.167 
5.5750	 401	 4.167 
5.5800	 421	 4.167 
5.5850	 446	 4.167 
5.5900	 482	 4.167 
5.5950	 492	 4.167 
5.6060	 514	 4.167 
5.6060	 519	 4.167 
5.6100	 516	 4.167 
5.6150	 532	 4.167 
5.6200	 521	 4.167 
5.6250	 528	 4.167 
5.6300	 520	 4.167 
5.6350	 500	 4.167 
5.6400	 478	 4.167 
5.6450	 443	 4.167 
5.6500	 431	 4.167 
5.6550	 418	 4.167 
5.6600	 411	 4.167 
5.6650	 408	 4.167 
5.6700	 401	 4.167 
5.6750	 405	 4.167 
5.6800	 398	 4.167 
5.6850	 398	 4.167 
5.6900	 406	 4.167 
5.6950	 407	 4.167 
5.7050	 450	 4.167 
5.7060	 453	 4.167 
5.7100	 465	 4.167 
5.7150	 487	 4.167 
5.7200	 481	 4.167 
5.7250	 493	 4.167 
5.7300	 495	 4.167 
5.7350	 498	 4.167 
5.7400	 509	 4.167 
5.7450	 496	 4.167 
5.7500	 500	 4.167 
5.7550	 479	 4.167 
5.7600	 449	 4.167 
5.7650	 432	 4.167 
5.7700	 409	 4.167 
5.7750	 401	 4.167 
5.7800	 394	 4.167 
5.7850	 392	 4.167 
5.7900	 393	 4.167 
5.7950	 384	 4.167 
5.8060	 391	 4.167 
5.8060	 392	 4.167 
5.8100	 388	 4.167 
5.8150	 406	 4.167 
5.8200	 422	 4.167 
5.8250	 452	 4.167 
5.8300	 481	 4.167 
5.8350	 495	 4.167 
5.8400	 512	 4.167 
5.8450	 510	 4.167 
5.8500	 523	 4.167 
5.8550	 523	 4.167 
5.8600	 525	 4.167 
5.8650	 532	 4.167 
5.8700	 515	 4.167 
5.8750	 500	 4.167 
5.8800	 471	 4.167 
5.8850	 442	 4.167 
5.8900	 429	 4.167 
5.8950	 414	 4.167 
5.9050	 407	 4.167 
5.9060	 410	 4.167 
5.9100	 401	 4.167 
5.9150	 406	 4.167 
5.9200	 395	 4.167 
5.9250	 400	 4.167 
5.9300	 403	 4.167 
5.9350	 412	 4.167 
5.9400	 437	 4.167 
5.9450	 446	 4.167 
5.9500	 471	 4.167 
5.9550	 481	 4.167 
5.9600	 486	 4.167 
5.9650	 496	 4.167 
5.9700	 490	 4.167 
5.9750	 504	 4.167 
5.9800	 505	 4.167 
5.9850	 496	 4.167 
5.9900	 500	 4.167 
5.9950	 474	 4.167 
6.0050	 423	 4.167 
6.0060	 424	 4.167 
6.0100	 408	 4.167 
6.0150	 402	 4.167 
6.0200	 391	 4.167 
6.0250	 393	 4.167 
6.0300	 392	 4.167 
6.0350	 386	 4.167 
6.0400	 388	 4.167 
6.0450	 387	 4.167 
6.0500	 395	 4.167 
6.0550	 403	 4.167 
6.0600	 424	 4.167 
6.0650	 462	 4.167 
6.0700	 479	 4.167 
6.0750	 503	 4.167 
6.0800	 507	 4.167 
6.0850	 512	 4.167 
6.0900	 528	 4.167 
6.0950	 521	 4.167 
6.1050	 522	 4.255 
6.1060	 528	 4.255 
6.1100	 514	 4.255 
6.1150	 500	 4.255 
6.1200	 461	 4.255 
6.1250	 441	 4.255 
6.1300	 425	 4.255 
6.1350	 414	 4.255 
6.1400	 412	 4.255 
6.1450	 402	 4.255 
6.1500	 404	 4.255 
6.1550	 402	 4.255 
6.1600	 398	 4.255 
6.1650	 402	 4.255 
6.1700	 400	 4.255 
6.1750	 417	 4.255 
6.1800	 435	 4.255 
6.1850	 448	 4.255 
6.1900	 477	 4.255 
6.1950	 479	 4.255 
6.2050	 492	 4.167 
6.2060	 496	 4.167 
6.2100	 493	 4.167 
6.2150	 509	 4.167 
6.2200	 497	 4.167 
6.2250	 501	 4.167 
6.2300	 492	 4.167 
6.2350	 469	 4.167 
6.2400	 449	 4.167 
6.2450	 420	 4.167 
6.2500	 411	 4.167 
6.2550	 397	 4.167 
6.2600	 393	 4.167 
6.2650	 394	 4.167 
6.2700	 388	 4.167 
6.2750	 387	 4.167 
6.2800	 388	 4.167 
6.2850	 387	 4.167 
6.2900	 395	 4.167 
6.2950	 405	 4.167 
6.3060	 464	 4.255 
6.3060	 466	 4.255 
6.3100	 480	 4.255 
6.3150	 506	 4.255 
6.3200	 503	 4.255 
6.3250	 517	 4.255 
6.3300	 522	 4.255 
6.3350	 524	 4.255 
6.3400	 533	 4.255 
6.3450	 518	 4.255 
6.3500	 516	 4.255 
6.3550	 494	 4.255 
6.3600	 462	 4.255 
6.3650	 440	 4.255 
6.3700	 422	 4.255 
6.3750	 417	 4.255 
6.3800	 411	 4.255 
6.3850	 402	 4.255 
6.3900	 407	 4.255 
6.3950	 399	 4.255 
6.4050	 404	 4.167 
6.4060	 400	 4.167 
6.4100	 404	 4.167 
6.4150	 424	 4.167 
6.4200	 435	 4.167 
6.4250	 459	 4.167 
6.4300	 473	 4.167 
6.4350	 480	 4.167 
6.4400	 497	 4.167 
6.4450	 487	 4.167 
6.4500	 498	 4.167 
6.4550	 505	 4.167 
6.4600	 502	 4.167 
6.4650	 503	 4.167 
6.4700	 482	 4.167 
6.4750	 466	 4.167 
6.4800	 439	 4.167 
6.4850	 414	 4.167 
6.4900	 407	 4.167 
6.4950	 393	 4.167 
6.5050	 389	 4.167 
6.5060	 392	 4.167 
6.5100	 386	 4.167 
6.5150	 390	 4.167 
6.5200	 386	 4.167 
6.5250	 391	 4.167 
6.5300	 397	 4.167 
6.5350	 413	 4.167 
6.5400	 447	 4.167 
6.5450	 465	 4.167 
6.5500	 494	 4.167 
6.5550	 507	 4.167 
6.5600	 510	 4.167 
6.5650	 523	 4.167 
6.5700	 520	 4.167 
6.5750	 527	 4.167 
6.5800	 527	 4.167 
6.5850	 515	 4.167 
6.5900	 510	 4.167 
6.5950	 476	 4.167 
6.6060	 431	 4.184 
6.6060	 431	 4.184 
6.6100	 417	 4.184 
6.6150	 415	 4.184 
6.6200	 405	 4.184 
6.6250	 404	 4.184 
6.6300	 403	 4.184 
6.6350	 398	 4.184 
6.6400	 403	 4.184 
6.6450	 398	 4.184 
6.6500	 412	 4.184 
6.6550	 432	 4.184 
6.6600	 447	 4.184 
6.6650	 475	 4.184 
6.6700	 473	 4.184 
6.6750	 489	 4.184 
6.6800	 494	 4.184 
6.6850	 490	 4.184 
6.6900	 508	 4.184 
6.6950	 500	 4.184 
6.7060	 496	 4.167 
6.7060	 495	 4.167 
6.7100	 472	 4.167 
6.7150	 452	 4.167 
6.7200	 422	 4.167 
6.7250	 409	 4.167 
6.7300	 400	 4.167 
6.7350	 392	 4.167 
6.7400	 394	 4.167 
6.7450	 387	 4.167 
6.7500	 391	 4.167 
6.7550	 388	 4.167 
6.7600	 387	 4.167 
6.7650	 396	 4.167 
6.7700	 405	 4.167 
6.7750	 432	 4.167 
6.7800	 462	 4.167 
6.7850	 482	 4.167 
6.7900	 508	 4.167 
6.7950	 505	 4.167 
6.8060	 528	 4.255 
6.8060	 520	 4.255 
6.8100	 524	 4.255 
6.8150	 531	 4.255 
6.8200	 520	 4.255 
6.8250	 514	 4.255 
6.8300	 491	 4.255 
6.8350	 454	 4.255 
6.8400	 440	 4.255 
6.8450	 421	 4.255 
6.8500	 412	 4.255 
6.8550	 409	 4.255 
6.8600	 404	 4.255 
6.8650	 405	 4.255 
6.8700	 396	 4.255 
6.8750	 399	 4.255 
6.8800	 402	 4.255 
6.8850	 406	 4.255 
6.8900	 428	 4.255 
6.8950	 439	 4.255 
6.9050	 482	 4.367 
6.9060	 483	 4.367 
6.9100	 481	 4.367 
6.9150	 498	 4.367 
6.9200	 489	 4.367 
6.9250	 499	 4.367 
6.9300	 506	 4.367 
6.9350	 500	 4.367 
6.9400	 501	 4.367 
6.9450	 481	 4.367 
6.9500	 459	 4.367 
6.9550	 434	 4.367 
6.9600	 411	 4.367 
6.9650	 403	 4.367 
6.9700	 394	 4.367 
6.9750	 394	 4.367 
6.9800	 389	 4.367 
6.9850	 386	 4.367 
6.9900	 391	 4.367 
6.9950	 384	 4.367 
7.0050	 404	 4.167 
7.0060	 404	 4.167 
7.0100	 418	 4.167 
7.0150	 454	 4.167 
7.0200	 476	 4.167 
7.0250	 498	 4.167 
7.0300	 507	 4.167 
7.0350	 510	 4.167 
7.0400	 527	 4.167 
7.0450	 520	 4.167 
7.0500	 530	 4.167 
7.0550	 527	 4.167 
7.0600	 512	 4.167 
7.0650	 502	 4.167 
7.0700	 468	 4.167 
7.0750	 445	 4.167 
7.0800	 427	 4.167 
7.0850	 412	 4.167 
7.0900	 414	 4.167 
7.0950	 405	 4.167 
7.1050	 400	 4.167 
7.1060	 404	 4.167 
7.1100	 398	 4.167 
7.1150	 403	 4.167 
7.1200	 400	 4.167 
7.1250	 416	 4.167 
7.1300	 438	 4.167 
7.1350	 450	 4.167 
7.1400	 477	 4.167 
7.1450	 480	 4.167 
7.1500	 491	 4.167 
7.1550	 492	 4.167 
7.1600	 492	 4.167 
7.1650	 509	 4.167 
7.1700	 497	 4.167 
7.1750	 500	 4.167 
7.1800	 494	 4.167 
7.1850	 464	 4.167 
7.1900	 448	 4.167 
7.1950	 418	 4.167 
7.2050	 398	 4.255 
7.2060	 399	 4.255 
7.2100	 389	 4.255 
7.2150	 395	 4.255 
7.2200	 388	 4.255 
7.2250	 387	 4.255 
7.2300	 387	 4.255 
7.2350	 387	 4.255 
7.2400	 400	 4.255 
7.2450	 410	 4.255 
7.2500	 439	 4.255 
7.2550	 467	 4.255 
7.2600	 485	 4.255 
7.2650	 509	 4.255 
7.2700	 509	 4.255 
7.2750	 520	 4.255 
7.2800	 526	 4.255 
7.2850	 523	 4.255 
7.2900	 533	 4.255 
7.2950	 519	 4.255 
7.3060	 484	 4.255 
7.3060	 484	 4.255 
7.3100	 452	 4.255 
7.3150	 434	 4.255 
7.3200	 419	 4.255 
7.3250	 414	 4.255 
7.3300	 409	 4.255 
7.3350	 402	 4.255 
7.3400	 406	 4.255 
7.3450	 397	 4.255 
7.3500	 400	 4.255 
7.3550	 404	 4.255 
7.3600	 405	 4.255 
7.3650	 426	 4.255 
7.3700	 442	 4.255 
7.3750	 464	 4.255 
7.3800	 477	 4.255 
7.3850	 482	 4.255 
7.3900	 498	 4.255 
7.3950	 491	 4.255 
7.4050	 505	 4.255 
7.4060	 508	 4.255 
7.4100	 498	 4.255 
7.4150	 504	 4.255 
7.4200	 479	 4.255 
7.4250	 459	 4.255 
7.4300	 433	 4.255 
7.4350	 411	 4.255 
7.4400	 405	 4.255 
7.4450	 393	 4.255 
7.4500	 392	 4.255 
7.4550	 392	 4.255 
7.4600	 385	 4.255 
7.4650	 389	 4.255 
7.4700	 388	 4.255 
7.4750	 391	 4.255 
7.4800	 402	 4.255 
7.4850	 418	 4.255 
7.4900	 455	 4.255 
7.4950	 473	 4.255 
7.5050	 512	 4.167 
7.5060	 512	 4.167 
7.5100	 511	 4.167 
7.5150	 525	 4.167 
7.5200	 522	 4.167 
7.5250	 529	 4.167 
7.5300	 530	 4.167 
7.5350	 512	 4.167 
7.5400	 504	 4.167 
7.5450	 470	 4.167 
7.5500	 445	 4.167 
7.5550	 427	 4.167 
7.5600	 416	 4.167 
7.5650	 414	 4.167 
7.5700	 403	 4.167 
7.5750	 403	 4.167 
7.5800	 404	 4.167 
7.5850	 395	 4.167 
7.5900	 403	 4.167 
7.5950	 403	 4.167 
7.6060	 440	 4.167 
7.6060	 439	 4.167 
7.6100	 450	 4.167 
7.6150	 475	 4.167 
7.6200	 480	 4.167 
7.6250	 490	 4.167 
7.6300	 495	 4.167 
7.6350	 488	 4.167 
7.6400	 508	 4.167 
7.6450	 500	 4.167 
7.6500	 500	 4.167 
7.6550	 495	 4.167 
7.6600	 465	 4.167 
7.6650	 445	 4.167 
7.6700	 419	 4.167 
7.6750	 407	 4.167 
7.6800	 402	 4.167 
7.6850	 391	 4.167 
7.6900	 393	 4.167 
7.6950	 388	 4.167 
7.7050	 388	 4.255 
7.7060	 389	 4.255 
7.7100	 386	 4.255 
7.7150	 400	 4.255 
7.7200	 411	 4.255 
7.7250	 436	 4.255 
7.7300	 472	 4.255 
7.7350	 486	 4.255 
7.7400	 509	 4.255 
7.7450	 506	 4.255 
7.7500	 520	 4.255 
7.7550	 527	 4.255 
7.7600	 521	 4.255 
7.7650	 534	 4.255 
7.7700	 520	 4.255 
7.7750	 506	 4.255 
7.7800	 485	 4.255 
7.7850	 453	 4.255 
7.7900	 434	 4.255 
7.7950	 419	 4.255 
7.8060	 409	 4.255 
7.8060	 410	 4.255 
7.8100	 404	 4.255 
7.8150	 403	 4.255 
7.8200	 397	 4.255 
7.8250	 400	 4.255 
7.8300	 404	 4.255 
7.8350	 408	 4.255 
7.8400	 430	 4.255 
7.8450	 446	 4.255 
7.8500	 465	 4.255 
7.8550	 483	 4.255 
7.8600	 481	 4.255 
7.8650	 496	 4.255 
7.8700	 492	 4.255 
7.8750	 500	 4.255 
7.8800	 508	 4.255 
7.8850	 495	 4.255 
7.8900	 499	 4.255 
7.8950	 474	 4.255 
7.9050	 427	 4.255 
7.9060	 430	 4.255 
7.9100	 407	 4.255 
7.9150	 401	 4.255 
7.9200	 392	 4.255 
7.9250	 390	 4.255 
7.9300	 392	 4.255 
7.9350	 386	 4.255 
7.9400	 391	 4.255 
7.9450	 386	 4.255 
7.9500	 391	 4.255 
7.9550	 408	 4.255 
7.9600	 426	 4.255 
7.9650	 464	 4.255 
7.9700	 484	 4.255 
7.9750	 501	 4.255 
7.9800	 512	 4.255 
7.9850	 508	 4.255 
7.9900	 527	 4.255 
7.9950	 522	 4.255 
8.0050	 528	 4.255 
8.0060	 527	 4.255 
8.0100	 510	 4.255 
8.0150	 493	 4.255 
8.0200	 459	 4.255 
8.0250	 436	 4.255 
8.0300	 426	 4.255 
8.0350	 412	 4.255 
8.0400	 412	 4.255 
8.0450	 403	 4.255 
8.0500	 403	 4.255 
8.0550	 403	 4.255 
8.0600	 398	 4.255 
8.0650	 405	 4.255 
8.0700	 404	 4.255 
8.0750	 419	 4.255 
8.0800	 445	 4.255 
8.0850	 456	 4.255 
8.0900	 481	 4.255 
8.0950	 484	 4.255 
8.1050	 497	 4.167 
8.1060	 499	 4.167 
8.1100	 490	 4.167 
8.1150	 506	 4.167 
8.1200	 500	 4.167 
8.1250	 498	 4.167 
8.1300	 489	 4.167 
8.1350	 456	 4.167 
8.1400	 437	 4.167 
8.1450	 414	 4.167 
8.1500	 403	 4.167 
8.1550	 399	 4.167 
8.1600	 390	 4.167 
8.1650	 393	 4.167 
8.1700	 388	 4.167 
8.1750	 388	 4.167 
8.1800	 391	 4.167 
8.1850	 387	 4.167 
8.1900	 402	 4.167 
8.1950	 418	 4.167 
8.2050	 481	 4.348 
8.2060	 481	 4.348 
8.2100	 490	 4.348 
8.2150	 511	 4.348 
8.2200	 511	 4.348 
8.2250	 517	 4.348 
8.2300	 528	 4.348 
8.2350	 524	 4.348 
8.2400	 534	 4.348 
8.2450	 519	 4.348 
8.2500	 501	 4.348 
8.2550	 476	 4.348 
8.2600	 442	 4.348 
8.2650	 430	 4.348 
8.2700	 417	 4.348 
8.2750	 412	 4.348 
8.2800	 410	 4.348 
8.2850	 402	 4.348 
8.2900	 404	 4.348 
8.2950	 398	 4.348 
8.3060	 407	 4.167 
8.3060	 410	 4.167 
8.3100	 408	 4.167 
8.3150	 434	 4.167 
8.3200	 451	 4.167 
8.3250	 467	 4.167 
8.3300	 483	 4.167 
8.3350	 482	 4.167 
8.3400	 497	 4.167 
8.3450	 494	 4.167 
8.3500	 501	 4.167 
8.3550	 507	 4.167 
8.3600	 493	 4.167 
8.3650	 499	 4.167 
8.3700	 472	 4.167 
8.3750	 446	 4.167 
8.3800	 425	 4.167 
8.3850	 405	 4.167 
8.3900	 400	 4.167 
8.3950	 394	 4.167 
8.4050	 389	 4.167 
8.4060	 392	 4.167 
8.4100	 385	 4.167 
8.4150	 388	 4.167 
8.4200	 389	 4.167 
8.4250	 396	 4.167 
8.4300	 413	 4.167 
8.4350	 429	 4.167 
8.4400	 469	 4.167 
8.4450	 486	 4.167 
8.4500	 502	 4.167 
8.4550	 515	 4.167 
8.4600	 512	 4.167 
8.4650	 526	 4.167 
8.4700	 524	 4.167 
8.4750	 527	 4.167 
8.4800	 528	 4.167 
8.4850	 505	 4.167 
8.4900	 488	 4.167 
8.4950	 455	 4.167 
8.5050	 420	 4.255 
8.5060	 424	 4.255 
8.5100	 409	 4.255 
8.5150	 411	 4.255 
8.5200	 404	 4.255 
8.5250	 402	 4.255 
8.5300	 403	 4.255 
8.5350	 396	 4.255 
8.5400	 403	 4.255 
8.5450	 408	 4.255 
8.5500	 424	 4.255 
8.5550	 450	 4.255 
8.5600	 458	 4.255 
8.5650	 481	 4.255 
8.5700	 485	 4.255 
8.5750	 491	 4.255 
8.5800	 499	 4.255 
8.5850	 494	 4.255 
8.5900	 510	 4.255 
8.5950	 499	 4.255 
8.6060	 484	 4.167 
8.6060	 483	 4.167 
8.6100	 450	 4.167 
8.6150	 430	 4.167 
8.6200	 411	 4.167 
8.6250	 401	 4.167 
8.6300	 398	 4.167 
8.6350	 389	 4.167 
8.6400	 390	 4.167 
8.6450	 388	 4.167 
8.6500	 387	 4.167 
8.6550	 391	 4.167 
8.6600	 389	 4.167 
8.6650	 404	 4.167 
8.6700	 424	 4.167 
8.6750	 453	 4.167 
8.6800	 487	 4.167 
8.6850	 491	 4.167 
8.6900	 512	 4.167 
8.6950	 512	 4.167 
8.7050	 526	 4.167 
8.7060	 534	 4.167 
8.7100	 522	 4.167 
8.7150	 531	 4.167 
8.7200	 512	 4.167 
8.7250	 493	 4.167 
8.7300	 471	 4.167 
8.7350	 440	 4.167 
8.7400	 427	 4.167 
8.7450	 414	 4.167 
8.7500	 409	 4.167 
8.7550	 409	 4.167 
8.7600	 401	 4.167 
8.7650	 402	 4.167 
8.7700	 400	 4.167 
8.7750	 398	 4.167 
8.7800	 408	 4.167 
8.7850	 412	 4.167 
8.7900	 439	 4.167 
8.7950	 455	 4.167 
8.8060	 486	 4.167 
8.8060	 492	 4.167 
8.8100	 485	 4.167 
8.8150	 499	 4.167 
8.8200	 495	 4.167 
8.8250	 498	 4.167 
8.8300	 509	 4.167 
8.8350	 494	 4.167 
8.8400	 495	 4.167 
8.8450	 468	 4.167 
8.8500	 439	 4.167 
8.8550	 420	 4.167 
8.8600	 402	 4.167 
8.8650	 400	 4.167 
8.8700	 394	 4.167 
8.8750	 391	 4.167 
8.8800	 391	 4.167 
8.8850	 385	 4.167 
8.8900	 387	 4.167 
8.8950	 387	 4.167 
8.9050	 416	 4.167 
8.9060	 420	 4.167 
8.9100	 435	 4.167 
8.9150	 472	 4.167 
8.9200	 490	 4.167 
8.9250	 501	 4.167 
8.9300	 518	 4.167 
8.9350	 510	 4.167 
8.9400	 528	 4.167 
8.9450	 526	 4.167 
8.9500	 526	 4.167 
8.9550	 528	 4.167 
8.9600	 503	 4.167 
8.9650	 485	 4.167 
8.9700	 451	 4.167 
8.9750	 430	 4.167 
8.9800	 424	 4.167 
8.9850	 410	 4.167 
8.9900	 411	 4.167 
8.9950	 403	 4.167 
9.0050	 401	 4.255 
9.0060	 403	 4.255 
9.0100	 397	 4.255 
9.0150	 405	 4.255 
9.0200	 411	 4.255 
9.0250	 424	 4.255 
9.0300	 451	 4.255 
9.0350	 461	 4.255 
9.0400	 484	 4.255 
9.0450	 485	 4.255 
9.0500	 487	 4.255 
9.0550	 499	 4.255 
9.0600	 493	 4.255 
9.0650	 508	 4.255 
9.0700	 501	 4.255 
9.0750	 494	 4.255 
9.0800	 484	 4.255 
9.0850	 449	 4.255 
9.0900	 429	 4.255 
9.0950	 409	 4.255 
9.1050	 395	 4.255 
9.1060	 396	 4.255 
9.1100	 390	 4.255 
9.1150	 392	 4.255 
9.1200	 388	 4.255 
9.1250	 387	 4.255 
9.1300	 391	 4.255 
9.1350	 389	 4.255 
9.1400	 408	 4.255 
9.1450	 426	 4.255 
9.1500	 456	 4.255 
9.1550	 487	 4.255 
9.1600	 493	 4.255 
9.1650	 513	 4.255 
9.1700	 514	 4.255 
9.1750	 517	 4.255 
9.1800	 532	 4.255 
9.1850	 524	 4.255 
9.1900	 530	 4.255 
9.1950	 516	 4.255 
9.2050	 465	 4.167 
9.2060	 465	 4.167 
9.2100	 436	 4.167 
9.2150	 427	 4.167 
9.2200	 415	 4.167 
9.2250	 410	 4.167 
9.2300	 409	 4.167 
9.2350	 398	 4.167 
9.2400	 403	 4.167 
9.2450	 400	 4.167 
9.2500	 400	 4.167 
9.2550	 410	 4.167 
9.2600	 415	 4.167 
9.2650	 442	 4.167 
9.2700	 460	 4.167 
9.2750	 472	 4.167 
9.2800	 490	 4.167 
9.2850	 484	 4.167 
9.2900	 498	 4.167 
9.2950	 496	 4.167 
9.3050	 509	 4.255 
9.3060	 506	 4.255 
9.3100	 492	 4.255 
9.3150	 491	 4.255 
9.3200	 462	 4.255 
9.3250	 436	 4.255 
9.3300	 420	 4.255 
9.3350	 403	 4.255 
9.3400	 397	 4.255 
9.3450	 391	 4.255 
9.3500	 390	 4.255 
9.3550	 392	 4.255 
9.3600	 386	 4.255 
9.3650	 389	 4.255 
9.3700	 388	 4.255 
9.3750	 397	 4.255 
9.3800	 420	 4.255 
9.3850	 440	 4.255 
9.3900	 478	 4.255 
9.3950	 493	 4.255 
9.4050	 520	 4.255 
9.4060	 522	 4.255 
9.4100	 512	 4.255 
9.4150	 527	 4.255 
9.4200	 524	 4.255 
9.4250	 524	 4.255 
9.4300	 525	 4.255 
9.4350	 498	 4.255 
9.4400	 479	 4.255 
9.4450	 448	 4.255 
9.4500	 428	 4.255 
9.4550	 422	 4.255 
9.4600	 410	 4.255 
9.4650	 410	 4.255 
9.4700	 406	 4.255 
9.4750	 399	 4.255 
9.4800	 403	 4.255 
9.4850	 397	 4.255 
9.4900	 404	 4.255 
9.4950	 413	 4.255 
9.5050	 457	 4.255 
9.5060	 460	 4.255 
9.5100	 464	 4.255 
9.5150	 486	 4.255 
9.5200	 487	 4.255 
9.5250	 490	 4.255 
9.5300	 500	 4.255 
9.5350	 492	 4.255 
9.5400	 506	 4.255 
9.5450	 500	 4.255 
9.5500	 490	 4.255 
9.5550	 479	 4.255 
9.5600	 443	 4.255 
9.5650	 426	 4.255 
9.5700	 408	 4.255 
9.5750	 398	 4.255 
9.5800	 397	 4.255 
9.5850	 389	 4.255 
9.5900	 392	 4.255 
9.5950	 387	 4.255 
9.6060	 391	 4.255 
9.6060	 394	 4.255 
9.6100	 391	 4.255 
9.6150	 411	 4.255 
9.6200	 434	 4.255 
9.6250	 463	 4.255 
9.6300	 493	 4.255 
9.6350	 493	 4.255 
9.6400	 513	 4.255 
9.6450	 518	 4.255 
9.6500	 521	 4.255 
9.6550	 533	 4.255 
9.6600	 524	 4.255 
9.6650	 527	 4.255 
9.6700	 509	 4.255 
9.6750	 483	 4.255 
9.6800	 462	 4.255 
9.6850	 432	 4.255 
9.6900	 424	 4.255 
9.6950	 414	 4.255 
9.7050	 407	 4.167 
9.7060	 407	 4.167 
9.7100	 398	 4.167 
9.7150	 402	 4.167 
9.7200	 399	 4.167 
9.7250	 400	 4.167 
9.7300	 412	 4.167 
9.7350	 420	 4.167 
9.7400	 447	 4.167 
9.7450	 462	 4.167 
9.7500	 472	 4.167 
9.7550	 491	 4.167 
9.7600	 485	 4.167 
9.7650	 497	 4.167 
9.7700	 497	 4.167 
9.7750	 501	 4.167 
9.7800	 507	 4.167 
9.7850	 489	 4.167 
9.7900	 484	 4.167 
9.7950	 458	 4.167 
9.8060	 415	 4.255 
9.8060	 416	 4.255 
9.8100	 399	 4.255 
9.8150	 396	 4.255 
9.8200	 392	 4.255 
9.8250	 389	 4.255 
9.8300	 391	 4.255 
9.8350	 385	 4.255 
9.8400	 390	 4.255 
9.8450	 391	 4.255 
9.8500	 398	 4.255 
9.8550	 425	 4.255 
9.8600	 447	 4.255 
9.8650	 480	 4.255 
9.8700	 493	 4.255 
9.8750	 503	 4.255 
9.8800	 521	 4.255 
9.8850	 516	 4.255 
9.8900	 530	 4.255 
9.8950	 526	 4.255 
9.9050	 520	 4.167 
9.9060	 523	 4.167 
9.9100	 494	 4.167 
9.9150	 474	 4.167 
9.9200	 443	 4.167 
9.9250	 426	 4.167 
9.9300	 420	 4.167 
9.9350	 409	 4.167 
9.9400	 408	 4.167 
9.9450	 403	 4.167 
9.9500	 397	 4.167 
9.9550	 403	 4.167 
9.9600	 397	 4.167 
9.9650	 406	 4.167 
9.9700	 417	 4.167 
9.9750	 432	 4.167 
9.9800	 459	 4.167 
9.9850	 466	 4.167 
9.9900	 486	 4.167 
9.9950	 490	 4.167 
